Feature	Gain	Cover	Frequency
ctrx_quarter_rank	0.156526827372765	0.0194442975147411	0.0126477541371158
mpasivos_margen_rank	0.0299445444307625	0.0082040905467666	0.0147621749408983
cpayroll_trx_rank	0.0232773959838033	0.0127737568668644	0.00197352245862884
cliente_edad_rank	0.0222616593069441	0.0136681628804695	0.0414307328605201
numero_de_cliente	0.0221271908553666	0.0100782018381211	0.0390647754137116
mcaja_ahorro_rank	0.0197721705050962	0.00967779987313192	0.0120955082742317
mrentabilidad_annual_rank	0.0191893818074703	0.0176311188458615	0.0304945626477541
mcuentas_saldo_rank	0.0187485285342018	0.0118475631226675	0.0169985815602837
mprestamos_personales_rank	0.0184034956443938	0.0148585262859659	0.00447754137115839
mpayroll_rank	0.0177439846008644	0.0152049552636281	0.00219101654846336
mcuenta_corriente_rank	0.0168054445631825	0.0170693185589314	0.0250713947990544
cliente_antiguedad_rank	0.0162127549602442	0.00955686559013111	0.0279886524822695
mactivos_margen_rank	0.0141124918569901	0.0128916077626225	0.0188832151300236
Visa_Fvencimiento_rank	0.0123670318005892	0.00797111222845872	0.0215130023640662
mrentabilidad_rank	0.0121429547639043	0.00638650621155057	0.0189049645390071
Master_fechaalta_rank	0.0119107687130837	0.0102020600493431	0.0163631205673759
Master_Fvencimiento_rank	0.0114336141126716	0.00947290317539969	0.0198874704491726
mtarjeta_visa_consumo_rank	0.010397258383771	0.00899322075508738	0.00404255319148936
Master_mfinanciacion_limite_rank	0.0102252565203701	0.00591233028591611	0.0163082742316785
chomebanking_transacciones_rank	0.0100287119806869	0.00639651991230499	0.0146799054373522
Visa_fechaalta_rank	0.0100147960869402	0.00623083728302191	0.0161068557919622
ctarjeta_visa_transacciones_rank	0.0089810164373906	0.00555286702647753	0.00568510638297872
Visa_mpagominimo_rank	0.00887619664261764	0.00736645275930645	0.0072
mcaja_ahorro_dolares_rank	0.00858832674696829	0.00500434428230556	0.0135924349881797
cproductos_rank	0.0081203250606073	0.00830754298067448	0.0126250591016548
Visa_mfinanciacion_limite_rank	0.00810672901414381	0.00573488108312747	0.0170174940898345
mcomisiones_rank	0.007952822307418	0.00361302060873544	0.0121276595744681
cdescubierto_preacordado_rank	0.00726439370251584	0.0202318566625549	0.00416737588652482
Visa_msaldototal_rank	0.00721622053991999	0.00305399203091522	0.00472813238770686
ccomisiones_otras_rank	0.00712307158758741	0.00585738814611392	0.0114146572104019
cprestamos_personales_rank	0.00664747539060605	0.00711685151674847	0.00415791962174941
Visa_msaldopesos_rank	0.00634516845989255	0.00323552544802873	0.00352813238770686
active_quarter_rank	0.0061935678597075	0.000779084108968342	0.00420520094562648
mtransferencias_recibidas_rank	0.00598687616222646	0.00744435229226344	0.00781843971631206
ctarjeta_debito_rank	0.00569173236299107	0.00556936189481648	0.0106080378250591
Visa_status_rank	0.00544485195953052	0.0261289138149733	0.00139479905437352
mcomisiones_mantenimiento_rank	0.00493347669231282	0.0119512422562626	0.00765957446808511
ctransferencias_recibidas_rank	0.00460447283276797	0.00306926824137474	0.00613238770685579
Visa_mpagospesos_rank	0.00459715698297091	0.00506297615182721	0.00636501182033097
mactivos_margen_rank_delta_pct1	0.00448564525646473	0.00297158149092881	0.00630638297872341
mrentabilidad_annual_rank_lag1	0.00438798834716963	0.00381038644240731	0.00493144208037825
mttarjeta_visa_debitos_automaticos_rank	0.004274988302985	0.00473197288876956	0.00646052009456265
mcuenta_debitos_automaticos_rank	0.00423340415655266	0.00418268361910831	0.00552624113475177
cliente_edad_rank_delta1	0.0040250782549134	0.00226501929064065	0.00711867612293144
Visa_mconsumospesos_rank	0.00379907112394743	0.00375390120625118	0.00520661938534279
ccaja_ahorro_rank	0.00371833410798889	0.00486984521311063	0.00431205673758865
ccallcenter_transacciones_rank	0.0037178817609093	0.00586802637961942	0.00410212765957447
mrentabilidad_annual_rank_delta1	0.00364637248631285	0.00196108025978195	0.005748463356974
mcomisiones_otras_rank	0.00362690764675819	0.00382381376080707	0.00646430260047281
ctarjeta_debito_transacciones_rank	0.00361109263704475	0.00384732437359777	0.00418250591016548
Visa_cconsumos_rank	0.00355959612119709	0.00316553171598005	0.0044661938534279
ccomisiones_mantenimiento_rank	0.00354326520497773	0.0172004099834069	0.00415791962174941
mtransferencias_emitidas_rank	0.00347117503681946	0.00307032744023267	0.00419007092198582
ctarjeta_visa_debitos_automaticos_rank	0.00346116904934386	0.00362073174655904	0.00393947990543735
ccuenta_debitos_automaticos_rank	0.00343681838650999	0.00326416544667627	0.00382411347517731
mpasivos_margen_rank_delta_pct1	0.0034284462339955	0.00194716650991762	0.00594704491725768
mrentabilidad_annual_rank_delta_pct1	0.00332882175228356	0.00227847185822713	0.00540614657210402
internet_rank	0.00330641648620058	0.00211132975355257	0.00455224586288416
mautoservicio_rank	0.00326197411485455	0.00299142563221147	0.00410685579196218
mcuenta_corriente_rank_delta_pct1	0.00319487901355832	0.00321900261553674	0.00444822695035461
ctrx_quarter_rank_delta_pct1	0.00318273156402459	0.00180727406964126	0.0051016548463357
mcuentas_saldo_rank_delta1	0.00305508041914578	0.00164577013551077	0.00383167848699764
ccajas_consultas_rank	0.00305215415201988	0.00494772945175739	0.00259290780141844
mactivos_margen_rank_delta1	0.0030166628654072	0.00165004213500568	0.00456075650118203
ctransferencias_emitidas_rank	0.00298658128285302	0.00523035816902504	0.00365200945626478
mpagomiscuentas_rank	0.00296792214024452	0.00371665277341329	0.00359810874704492
mcuentas_saldo_rank_delta_pct1	0.00291124330137328	0.0021505557678535	0.00462884160756501
mrentabilidad_rank_lag1	0.00289235162870844	0.0016724446795448	0.00351962174940898
Visa_mpagado_rank	0.00285641520116506	0.00357665644042598	0.00330023640661939
cliente_edad_rank_delta_pct1	0.00282532938625718	0.00198584681598946	0.00449929078014184
cliente_antiguedad_rank_delta1	0.00278519312866912	0.0019005339770135	0.00518959810874705
ctrx_quarter_rank_delta1	0.00278060114031331	0.00232277911298227	0.00367565011820331
mrentabilidad_rank_delta1	0.00277877281469504	0.00142025046315929	0.00350827423167849
Visa_mlimitecompra_rank	0.00277768314036415	0.0035010124109837	0.00478581560283688
mrentabilidad_rank_delta_pct1	0.00266881971551441	0.00425363338129498	0.00422695035460993
Master_mpagominimo_rank	0.00263536545740467	0.0035898959736557	0.00191583924349882
cliente_edad_rank_lag1	0.00263116687813256	0.00260898054492126	0.00453333333333333
mcaja_ahorro_rank_delta_pct1	0.00262335494799058	0.00147744557250763	0.00382033096926714
cmobile_app_trx_rank	0.0026067611516371	0.00443599748760167	0.00456926713947991
chomebanking_transacciones_rank_delta_pct1	0.00260541474489835	0.00129972541608087	0.00319527186761229
mprestamos_personales_rank_delta_pct1	0.00258221140257504	0.00950604938463616	0.00132387706855792
mactivos_margen_rank_lag1	0.00257962844055923	0.00149188249638065	0.00304018912529551
mpasivos_margen_rank_delta1	0.00257613184884189	0.00171860942375304	0.00305626477541371
Visa_fultimo_cierre_rank	0.00256042166018867	0.001346640033985	0.00543167848699764
mcuenta_corriente_rank_lag1	0.00255820274712938	0.00239196532355032	0.00347612293144208
cpagomiscuentas_rank	0.00247915340321938	0.00313119888546665	0.00299007092198582
mcuenta_corriente_rank_delta1	0.00241600308972443	0.00319929693753609	0.00355271867612293
Master_fultimo_cierre_rank	0.00239924504202576	0.00258665112347487	0.00492009456264775
mcaja_ahorro_dolares_rank_delta_pct1	0.00238946082143807	0.00303717797303663	0.00343073286052009
mcomisiones_rank_delta_pct1	0.00236877884451281	0.0011173066484524	0.00264208037825059
Visa_Fvencimiento_rank_delta_pct1	0.00233096589001325	0.00175989383501429	0.0033371158392435
ccomisiones_mantenimiento_rank_delta1	0.00219699097794533	0.00295482788630014	0.000694089834515367
Master_mlimitecompra_rank	0.00217047087709741	0.00248022028102177	0.00476028368794326
Visa_mfinanciacion_limite_rank_delta1	0.0021675950315933	0.000849080736981085	0.00220236406619385
mcaja_ahorro_rank_lag1	0.00211917976763952	0.00165906713552746	0.00192624113475177
Master_mfinanciacion_limite_rank_delta_pct1	0.002110071613328	0.00101741525486071	0.0027016548463357
mcomisiones_rank_delta1	0.00209876053485917	0.000761076370900405	0.00212387706855792
mtarjeta_master_consumo_rank	0.00209746796601784	0.00355598369142432	0.00125200945626478
thomebanking_rank	0.00207181035858218	0.00284954592709221	0.00307990543735225
Master_Fvencimiento_rank_delta_pct1	0.00206046906106664	0.00429596975150399	0.00301654846335697
ctrx_quarter_rank_lag1	0.00204302172719907	0.00145157836895647	0.00182600472813239
mcuentas_saldo_rank_lag1	0.00202614753926135	0.00742677288538096	0.00264964539007092
ccomisiones_otras_rank_delta1	0.00198299648177438	0.00202643791535302	0.00247281323877069
ccomisiones_otras_rank_delta_pct1	0.00195316936324244	0.00152958912503345	0.00292860520094563
chomebanking_transacciones_rank_lag1	0.0019338720857555	0.0031547880512827	0.00230732860520095
Master_status_rank	0.00191451752388205	0.000774515544653071	0.00055886524822695
chomebanking_transacciones_rank_delta1	0.00190516733477939	0.00163457153295808	0.00302411347517731
ctarjeta_master_rank	0.00186673680118628	0.00146978972949795	0.000736643026004728
Master_msaldototal_rank	0.00180745075054885	0.00187625430476495	0.0021210401891253
mpasivos_margen_rank_lag1	0.00176933776327579	0.00126194023440272	0.00237825059101655
Visa_mpagominimo_rank_delta_pct1	0.00176656503002501	0.00271850590597894	0.0019565011820331
Master_fechaalta_rank_delta1	0.00176267902992562	0.000827019916202009	0.00185342789598109
mcomisiones_rank_lag1	0.00173887668372793	0.00078109807097999	0.00194420803782506
Visa_msaldototal_rank_delta_pct1	0.00173786108605472	0.00110821612674358	0.00156690307328605
Master_mfinanciacion_limite_rank_delta1	0.00171489730365246	0.00114980434273535	0.00232245862884161
mcaja_ahorro_rank_delta1	0.00169661716051561	0.00150220715127689	0.00246146572104019
mcaja_ahorro_dolares_rank_delta1	0.00168738513170574	0.00136280964935955	0.00162553191489362
mcomisiones_mantenimiento_rank_delta1	0.00167997369975385	0.0016883711244365	0.00137399527186761
mtransferencias_recibidas_rank_delta1	0.00164487793852336	0.00142617859210569	0.00237919621749409
cextraccion_autoservicio_rank	0.00163492316347638	0.00267835200669079	0.00195933806146572
ctransferencias_recibidas_rank_delta1	0.00157850377919633	0.00111477032692195	0.00130591016548463
tmobile_app_rank	0.00157278043342567	0.00946836981514762	0.00112340425531915
mcomisiones_mantenimiento_rank_delta_pct1	0.00156641800494861	0.00491964077226932	0.00199148936170213
mcomisiones_otras_rank_lag1	0.00155433428136773	0.000659278618461974	0.000969267139479905
Visa_mfinanciacion_limite_rank_delta_pct1	0.00154609997209733	0.00123303923699353	0.00225342789598109
Visa_mconsumosdolares_rank	0.0015455484502772	0.00331253383854262	0.00273286052009456
Visa_mpagospesos_rank_delta_pct1	0.00153558484900323	0.00181829538489364	0.00221843971631206
ccajas_otras_rank	0.00152913027846512	0.00253423444533787	0.0013758865248227
Master_mfinanciacion_limite_rank_lag1	0.00149469784191878	0.000608206934636878	0.00121513002364066
Master_msaldopesos_rank	0.00148598711620529	0.0062001675755581	0.00184775413711584
mextraccion_autoservicio_rank	0.00148481024582587	0.00249480010262178	0.00224208037825059
cseguro_vivienda_rank	0.00148052071469123	0.00147703543159648	0.00198486997635934
Visa_Fvencimiento_rank_lag1	0.00146900321595748	0.00066284590320068	0.00174940898345154
ccaja_seguridad_rank	0.00145171840507841	0.00458463465337734	0.000939007092198582
cseguro_accidentes_personales_rank	0.00142162491014093	0.00138477988076262	0.00210780141843972
Visa_mpagospesos_rank_delta1	0.00141423089846263	0.00129369782886851	0.00160945626477541
cproductos_rank_delta_pct1	0.00140556211083563	0.000973993350620523	0.00147706855791962
Visa_Fvencimiento_rank_delta1	0.00140362481265394	0.00160044178192497	0.0022468085106383
Visa_mfinanciacion_limite_rank_lag1	0.00139839774415108	0.000932084225610444	0.00160283687943262
ccallcenter_transacciones_rank_delta1	0.00137331949879095	0.00088682374618249	0.000878486997635934
mcaja_ahorro_adicional_rank	0.00135845122788124	0.00736818789427766	0.00172009456264775
Visa_msaldodolares_rank	0.00134209573596127	0.00315302259918765	0.00187517730496454
cliente_antiguedad_rank_lag1	0.00132755854420008	0.00261778671915814	0.00304018912529551
Master_mpagospesos_rank	0.0013259194981739	0.00185069353041176	0.00181749408983452
ctarjeta_visa_rank	0.00132417510689049	0.00091179383436466	0.000932387706855792
mtransferencias_recibidas_rank_delta_pct1	0.001296403156941	0.00183072920662027	0.0019612293144208
Visa_fechaalta_rank_delta1	0.00127685183042285	0.000654898563307764	0.00167659574468085
mttarjeta_visa_debitos_automaticos_rank_delta1	0.00125846983947927	0.00195827461359317	0.00108841607565012
mttarjeta_visa_debitos_automaticos_rank_delta_pct1	0.00125604593212861	0.00198170504437873	0.00146855791962175
ctransferencias_recibidas_rank_delta_pct1	0.00125521486561715	0.00102241124537266	0.00165200945626478
ctarjeta_visa_transacciones_rank_delta_pct1	0.0012214816055282	0.00100241126502359	0.00130496453900709
tcallcenter_rank	0.00120190413968944	0.00286820652405976	0.00122080378250591
catm_trx_other_rank	0.00118351235811517	0.00297632327009491	0.00143262411347518
mplazo_fijo_dolares_rank	0.00116310151720912	0.0089253151941296	0.00175224586288416
mcuenta_debitos_automaticos_rank_delta1	0.00114081948378095	0.000664023836585402	0.000740425531914894
matm_rank	0.00113775227890466	0.00126581213836184	0.00185910165484634
Visa_mpagominimo_rank_delta1	0.00113322932199935	0.000875674284520088	0.00120094562647754
Visa_mconsumospesos_rank_delta_pct1	0.00113008874367304	0.00189641501111981	0.00134373522458629
mautoservicio_rank_delta1	0.00112959500408719	0.00167506018759273	0.00103735224586288
matm_other_rank	0.00112436698360571	0.00170591016881978	0.00159338061465721
Master_Fvencimiento_rank_delta1	0.00112373884988773	0.000823235253160437	0.00156406619385343
cliente_antiguedad_rank_delta_pct1	0.00111916892789912	0.00101500508876498	0.00194137115839244
mcomisiones_otras_rank_delta_pct1	0.00110791691112993	0.000617528590477888	0.00116217494089835
cseguro_vida_rank	0.00110023014582993	0.00112274897942636	0.00149598108747045
tcallcenter_rank_delta1	0.00109554947878464	0.00766704206472706	0.000713002364066194
ccomisiones_otras_rank_lag1	0.00107689432417148	0.00141210040578161	0.00112624113475177
Master_fechaalta_rank_lag1	0.00106307639645856	0.000881983142242567	0.00157541371158392
ctarjeta_master_transacciones_rank	0.00106238476999368	0.00125941160527683	0.00111205673758865
Visa_mpagosdolares_rank	0.00103364637025988	0.0014496804265053	0.00102600472813239
Visa_mpagado_rank_delta1	0.00103189245692982	0.00105026462778019	0.000705437352245863
Master_Fvencimiento_rank_lag1	0.00102956709865712	0.000439308065759475	0.00151678486997636
catm_trx_rank	0.00101836199165448	0.00250089221553353	0.0015565011820331
mcuenta_debitos_automaticos_rank_delta_pct1	0.00100608628612209	0.00103210249862787	0.00119338061465721
cproductos_rank_delta1	0.00100120799331364	0.000605458212241812	0.00156406619385343
mautoservicio_rank_delta_pct1	0.000986216277162782	0.000839664057319089	0.000956973995271868
mtarjeta_visa_consumo_rank_delta_pct1	0.000963549171006152	0.00121177381084555	0.00123687943262411
Master_fechaalta_rank_delta_pct1	0.000962614371798195	0.00101182785418671	0.00145531914893617
mtransferencias_emitidas_rank_delta_pct1	0.000960169270420266	0.0017381733805121	0.000933333333333333
Visa_mconsumototal_rank	0.000929898358136404	0.000620766006809456	0.000967375886524823
Visa_mconsumospesos_rank_delta1	0.00092535020386827	0.00152685596844525	0.00111867612293144
mtransferencias_emitidas_rank_delta1	0.000910486673692743	0.00138190645091487	0.00100614657210402
mcaja_ahorro_dolares_rank_lag1	0.000900916358463725	0.000984211035843996	0.00115366430260047
Visa_fechaalta_rank_lag1	0.000895712277774572	0.000583665268139041	0.001451536643026
ctarjeta_visa_transacciones_rank_delta1	0.000880774558055939	0.00112329477815433	0.00103356973995272
ctarjeta_visa_debitos_automaticos_rank_delta_pct1	0.000871976398751036	0.00221604283681886	0.000998581560283688
cextraccion_autoservicio_rank_delta1	0.000860934989110537	0.000499230811264504	0.000483215130023641
Visa_msaldopesos_rank_delta_pct1	0.000860298304152904	0.000819219365487798	0.00111300236406619
thomebanking_rank_delta1	0.000834871960944762	0.00374519811023535	0.001074231678487
Visa_msaldototal_rank_delta1	0.000829848460420809	0.00130001799895063	0.000863356973995272
Master_mconsumospesos_rank	0.000827477551092074	0.00180423231188204	0.00123215130023641
mtransferencias_recibidas_rank_lag1	0.000824202256461543	0.000773340869227925	0.00104397163120567
ctarjeta_visa_debitos_automaticos_rank_delta1	0.00081520464210451	0.00191212606868394	0.00075839243498818
ctarjeta_visa_transacciones_rank_lag1	0.000814133488437949	0.000963035113085497	0.000712056737588653
internet_rank_delta_pct1	0.00081334398877506	0.00127781002699734	0.000942789598108747
Visa_cconsumos_rank_delta1	0.00081125750179192	0.00400596600924239	0.00103640661938534
ctransferencias_emitidas_rank_delta_pct1	0.000805053736295496	0.00215110455304442	0.000956028368794326
ccajas_consultas_rank_delta1	0.000798380448054178	0.0025770127215639	0.000540898345153664
ctransferencias_emitidas_rank_delta1	0.000780954641759896	0.00131461266236649	0.000801891252955083
ctarjeta_debito_transacciones_rank_delta_pct1	0.000772351432887999	0.00100097016090417	0.00100898345153664
ctarjeta_debito_transacciones_rank_delta1	0.000760243598361833	0.000903193726071007	0.000947517730496454
Visa_mconsumosdolares_rank_delta_pct1	0.000759011161813934	0.00104528755153355	0.000534278959810875
Visa_fechaalta_rank_delta_pct1	0.00075598141674941	0.000757895697364798	0.00141371158392435
Visa_cconsumos_rank_lag1	0.000752737320209166	0.00296089438802967	0.000681796690307329
mttarjeta_master_debitos_automaticos_rank	0.000745744130958935	0.00117114795991318	0.000933333333333333
matm_other_rank_delta1	0.000745612386710383	0.00251497474580372	0.000486997635933806
tcuentas_rank	0.000741952548432364	0.00279991263242022	0.0014903073286052
cpagomiscuentas_rank_delta_pct1	0.00074182724453584	0.00143433534640028	0.000807565011820331
Master_mlimitecompra_rank_delta1	0.000740973240507606	0.00442861214573573	0.00118014184397163
Visa_msaldopesos_rank_delta1	0.000739723860392776	0.00067535284802003	0.000723404255319149
Master_mpagado_rank	0.000733897285876758	0.00197357960269563	0.00084822695035461
ccajas_transacciones_rank	0.000732631739390128	0.000681822341249414	0.00114799054373522
Master_msaldototal_rank_delta_pct1	0.00073213530124266	0.000521115883224194	0.000588179669030733
ctarjeta_visa_debitos_automaticos_rank_lag1	0.000731960774182607	0.00217417190233493	0.000567375886524823
ctarjeta_debito_rank_delta1	0.000726466661206543	0.00085932104692384	0.00107990543735225
cproductos_rank_lag1	0.000706542452520313	0.000866825666309836	0.000871867612293144
Visa_mlimitecompra_rank_delta_pct1	0.000703483743633863	0.0007629255344568	0.00131442080378251
Visa_cconsumos_rank_delta_pct1	0.000703321859048317	0.000684073862813529	0.000971158392434988
mcomisiones_mantenimiento_rank_lag1	0.000702622587706006	0.000506193251877615	0.000554137115839244
ctarjeta_master_debitos_automaticos_rank	0.000701817623202281	0.00127395486533048	0.000926713947990544
ctransferencias_recibidas_rank_lag1	0.000694110700421732	0.000848642812914653	0.000553191489361702
Visa_mpagominimo_rank_lag1	0.000688792716015738	0.00125877159721777	0.000977777777777778
Visa_mlimitecompra_rank_delta1	0.000683473121086036	0.000792077485252265	0.00118676122931442
mplazo_fijo_dolares_rank_delta_pct1	0.000672263022247896	0.0043554921299766	0.000499290780141844
Visa_mpagado_rank_delta_pct1	0.00066926900188762	0.00128359218125492	0.000679905437352246
mcuenta_debitos_automaticos_rank_lag1	0.000668780188339349	0.000507648926316249	0.000599527186761229
Visa_Finiciomora_rank	0.000655061768719773	0.00264998640063871	0.000578723404255319
mplazo_fijo_dolares_rank_delta1	0.000650008194804689	0.0010984092159234	0.000306382978723404
internet_rank_delta1	0.000620423594591649	0.000906012494596972	0.00112151300236407
mtarjeta_visa_consumo_rank_delta1	0.000619314169992958	0.00151728426420673	0.000951300236406619
mttarjeta_visa_debitos_automaticos_rank_lag1	0.000618751198357568	0.000388610685290189	0.000690307328605201
Visa_mpagospesos_rank_lag1	0.000613649986046164	0.000390677951140467	0.000799054373522459
ccuenta_debitos_automaticos_rank_delta_pct1	0.000609219516333031	0.000343346766904904	0.000619385342789598
mprestamos_personales_rank_lag1	0.000607183323743651	0.00112191195531178	0.000513475177304965
ctarjeta_debito_transacciones_rank_lag1	0.00059514405550602	0.000846439708249803	0.00055886524822695
Visa_msaldototal_rank_lag1	0.000584388845205958	0.00081129039686694	0.000632624113475177
ccajas_extracciones_rank	0.00058271831872053	0.001617349053647	0.000802836879432624
Master_mlimitecompra_rank_delta_pct1	0.000577064723199859	0.00082921795292974	0.000874704491725768
Master_cconsumos_rank	0.000572424060037959	0.0030776115138551	0.000830260047281324
cseguro_auto_rank	0.000572401667675764	0.00179514694860922	0.000729078014184397
Visa_mpagado_rank_lag1	0.000571408771471481	0.00062652037791176	0.000387706855791962
cpagomiscuentas_rank_delta1	0.000556211254251147	0.00282111018441035	0.000575886524822695
mforex_sell_rank	0.000553104266093338	0.00087722715475276	0.000576832151300236
cpagomiscuentas_rank_lag1	0.000551392346139924	0.000505349259349502	0.000371631205673759
ccajas_otras_rank_delta1	0.000551269169027901	0.000584072151090617	0.000224113475177305
Visa_mconsumospesos_rank_lag1	0.000551204832664541	0.000580220428381092	0.00064113475177305
cprestamos_personales_rank_delta_pct1	0.000540572382875598	0.000738179883489912	0.000440661938534279
ccallcenter_transacciones_rank_lag1	0.000536930046842347	0.00028600532087225	0.000317730496453901
cplazo_fijo_rank	0.000533184221450606	0.00361044917364067	0.000766903073286052
cprestamos_prendarios_rank	0.000532638821725188	0.00174869912391332	0.000769739952718676
ccomisiones_mantenimiento_rank_delta_pct1	0.000528305150518235	0.0019291009430672	0.000342316784869976
ccuenta_debitos_automaticos_rank_delta1	0.000518984738930641	0.000228018255850151	0.000366903073286052
Master_mpagominimo_rank_delta_pct1	0.000517912177607139	0.000719525259448251	0.000432151300236407
mcajeros_propios_descuentos_rank	0.000517668267272227	0.000987713523386677	0.000425531914893617
catm_trx_rank_delta1	0.000513234346737357	0.00108791885758313	0.000455791962174941
mpagomiscuentas_rank_delta_pct1	0.000498402357973749	0.00140813646446444	0.000726241134751773
mcomisiones_otras_rank_delta1	0.000495175690221109	0.000628427913243904	0.00100330969267139
mpagomiscuentas_rank_delta1	0.000492128070463819	0.00100362313548723	0.000564539007092199
ccajas_depositos_rank	0.000489057897944112	0.000237393487026422	0.000573995271867612
matm_rank_delta1	0.000482091028627558	0.00106294967438973	0.0004274231678487
cpayroll_trx_rank_lag1	0.000478779358914808	0.000433042647498018	0.000155082742316785
mtransferencias_emitidas_rank_lag1	0.000476435149229941	0.000580757720214612	0.000520094562647754
Visa_mpagosdolares_rank_delta1	0.000470242299494936	0.000182773613725695	0.000208983451536643
mextraccion_autoservicio_rank_delta1	0.000465309269866732	0.00149959300071212	0.000611820330969267
mprestamos_prendarios_rank	0.000462407143479817	0.0046998190902197	0.00091063829787234
ctarjeta_master_transacciones_rank_delta_pct1	0.000459130399573944	0.00108526714998435	0.000403782505910166
mtarjeta_master_descuentos_rank	0.000450929222809651	0.000940803339927523	0.000469976359338062
mautoservicio_rank_lag1	0.000448201092694495	0.00057632825267349	0.000531442080378251
mpagomiscuentas_rank_lag1	0.00044817883889722	0.00289789721467078	0.000545626477541371
Visa_msaldodolares_rank_delta_pct1	0.000443030158434296	0.000691475403978474	0.000344208037825059
mtarjeta_visa_consumo_rank_lag1	0.000442616227602964	0.00045810033859325	0.000413238770685579
Master_mpagospesos_rank_delta1	0.000442160314858064	0.000856672235289125	0.000400945626477541
Visa_msaldopesos_rank_lag1	0.000441012461938051	0.0010835867668338	0.000574940898345154
Master_mpagospesos_rank_delta_pct1	0.000440750950573029	0.0011978443141766	0.000486052009456265
cmobile_app_trx_rank_delta1	0.000438484347516184	0.00161520766921635	0.000794326241134752
mprestamos_personales_rank_delta1	0.00043636416229185	0.00125678559935915	0.000633569739952719
minversion1_pesos_rank_delta_pct1	0.000423524159600625	0.000248182763157847	0.000134278959810875
ctarjeta_visa_descuentos_rank_lag1	0.000402699141480406	0.000383999134008281	0.000184397163120567
ccheques_depositados_rank	0.000381909657435319	0.0017032224426679	0.000396217494089835
Visa_delinquency_rank	0.000381820443906864	0.000166143721062062	0.000493617021276596
catm_trx_other_rank_delta1	0.000379566853323399	0.00147724041155318	0.000293144208037825
minversion1_pesos_rank	0.000373964058174586	0.00575011946505636	0.000603309692671395
Master_mpagado_rank_delta_pct1	0.000367728944275392	0.00308697823813692	0.00027612293144208
ccajas_consultas_rank_delta_pct1	0.000367690090335583	0.00185325111917832	0.000288416075650118
Master_mpagosdolares_rank	0.000366852643061366	0.000752843145054636	0.000309219858156028
ctarjeta_master_transacciones_rank_delta1	0.000365380637749612	0.000438559730544488	0.000287470449172577
Visa_msaldodolares_rank_delta1	0.000361713199532077	0.00179910129704541	0.000294089834515366
ctarjeta_debito_rank_delta_pct1	0.000361084744020644	0.000520112250676823	0.000482269503546099
Master_fultimo_cierre_rank_delta1	0.000360502837793632	0.00015266880025293	0.000341371158392435
cforex_sell_rank	0.00035943897073017	0.000326761490187695	0.000271394799054374
cprestamos_personales_rank_delta1	0.000357124773010023	0.000625560999315306	0.000417021276595745
active_quarter_rank_delta1	0.000344164881842407	0.00153816651810894	0.000588179669030733
cextraccion_autoservicio_rank_delta_pct1	0.000343982655493839	0.000809463043539934	0.0004274231678487
ctransferencias_emitidas_rank_lag1	0.000340659131442138	0.000771578856090206	0.000330023640661939
Master_cconsumos_rank_delta1	0.000338732591681463	0.000376884474283838	0.00025531914893617
mextraccion_autoservicio_rank_delta_pct1	0.00033257732841975	0.000543811191630827	0.000415130023640662
ctarjeta_debito_rank_lag1	0.000331062475688686	0.000277005569537191	0.000575886524822695
mpayroll_rank_lag1	0.000328867006012931	0.000921016031939704	0.000247754137115839
ccajeros_propios_descuentos_rank	0.000328505624864161	0.000256663593931444	0.000330023640661939
Master_mpagado_rank_delta1	0.00032511420144741	0.000608959161303582	0.000159810874704492
Master_fultimo_cierre_rank_delta_pct1	0.000322547940329812	0.000343450478618095	0.000360283687943262
internet_rank_lag1	0.000322113068352827	0.0016459033498579	0.000647754137115839
mcheques_emitidos_rank	0.000313501108131151	0.00235816743189964	0.000464302600472813
cinversion2_rank	0.000312406541809115	0.00520795978743427	0.000654373522458629
catm_trx_rank_delta_pct1	0.00031031534320025	0.000329540801203231	0.000330023640661939
minversion1_dolares_rank	0.000308120115711829	0.000732222794902837	0.000254373522458629
cinversion1_rank	0.000307880473958576	0.000865399223008515	0.000275177304964539
Master_mpagado_rank_lag1	0.000307818149984588	0.000180511232296325	0.000114420803782506
matm_other_rank_delta_pct1	0.000299361323526497	0.000586304305895026	0.000265721040189125
ccajas_consultas_rank_lag1	0.000299112320499147	0.000277374895454758	0.000209929078014184
ctarjeta_visa_descuentos_rank	0.000282099019461125	0.0006596302970985	0.000417966903073286
Visa_mconsumosdolares_rank_delta1	0.000281821073522128	0.000794020405645367	0.000326241134751773
Master_mpagominimo_rank_delta1	0.000279088163021215	0.00041839748570872	0.000257210401891253
Visa_mpagosdolares_rank_lag1	0.000277345117149715	0.00051182210103734	0.000134278959810875
cseguro_vivienda_rank_delta1	0.00027219888572162	4.87756368134329e-05	7.84869976359338e-05
Master_msaldopesos_rank_delta_pct1	0.000267390795174911	0.000340911623119093	0.000416075650118203
ccajas_transacciones_rank_delta1	0.000265273854060777	0.000142690575058343	0.00026193853427896
mcaja_ahorro_adicional_rank_delta_pct1	0.000264350286558471	0.00232354265200862	0.000272340425531915
Master_msaldopesos_rank_delta1	0.00026396490070444	0.000210994421574371	0.000244917257683215
minversion1_pesos_rank_delta1	0.000262518456221739	0.00173687499312192	0.000164539007092199
ctarjeta_master_debitos_automaticos_rank_delta1	0.000262098939346459	0.000825936011150624	0.000143735224586288
ccajas_extracciones_rank_delta1	0.000261041824473745	0.000628417777369665	0.000209929078014184
Master_msaldodolares_rank	0.000259707085562281	0.00177934973611406	0.000410401891252955
cplazo_fijo_rank_delta1	0.000259369726638425	0.000253052236239575	0.000128605200945626
ccallcenter_transacciones_rank_delta_pct1	0.000259131357430559	0.000226515069501024	0.000243971631205674
ccuenta_debitos_automaticos_rank_lag1	0.000259066933930093	0.000313176341746219	0.000301654846335697
tmobile_app_rank_delta1	0.000257531393729739	0.00052848837424958	0.000147517730496454
mtarjeta_visa_descuentos_rank	0.000253386201312631	0.00276803223097816	0.00062033096926714
cmobile_app_trx_rank_lag1	0.000251705644095116	9.04407768507704e-05	0.000396217494089835
Master_mpagominimo_rank_lag1	0.000250840912944724	0.000233202574525414	0.000181560283687943
cdescubierto_preacordado_rank_delta_pct1	0.000243872788186957	2.02750969355487e-05	0.000119148936170213
cprestamos_hipotecarios_rank	0.000243452944356629	0.0045306910781854	0.000362174940898345
ccajas_extracciones_rank_delta_pct1	0.000241583843914942	0.000154912629412488	7.3758865248227e-05
mplazo_fijo_pesos_rank_delta1	0.000240569500044661	8.49036030535783e-05	6.05200945626478e-05
Visa_msaldodolares_rank_lag1	0.000239757270917687	0.000328068022476819	0.000183451536643026
mprestamos_hipotecarios_rank	0.000239038837264492	0.00205507266506569	0.000239243498817967
cmobile_app_trx_rank_delta_pct1	0.000238565088191489	0.000391092435997721	0.000409456264775414
mextraccion_autoservicio_rank_lag1	0.000235088623100773	0.000374744085340839	0.000283687943262411
ccomisiones_mantenimiento_rank_lag1	0.0002330434683493	0.000227875267624286	0.000223167848699764
ccajas_transacciones_rank_lag1	0.000232766884634048	0.00013990420513039	0.000120094562647754
mprestamos_prendarios_rank_delta1	0.000232020418014026	0.000860600520048702	0.000124822695035461
cextraccion_autoservicio_rank_lag1	0.000227661108120669	0.00323840322182258	0.000302600472813239
Visa_madelantopesos_rank	0.000227122867068735	0.000619133135569401	8.51063829787234e-05
tcuentas_rank_delta1	0.000224698699487005	0.00342909820226345	0.000266666666666667
matm_rank_delta_pct1	0.000222766100799077	0.000752961246089291	0.000278959810874704
cpagodeservicios_rank	0.000222491530314788	0.000409359724845266	0.000199527186761229
mpayroll2_rank	0.00022059346972681	4.30209942144976e-05	7.84869976359338e-05
ctarjeta_master_debitos_automaticos_rank_delta_pct1	0.000219505797960639	0.000191920787731599	0.000108747044917258
Visa_mconsumototal_rank_delta1	0.000219200687121468	0.000325280566562342	0.000243026004728132
minversion2_rank	0.000218847979367356	0.00172599295564143	0.000387706855791962
Master_mconsumospesos_rank_delta1	0.000217902913222721	0.000136880999640989	0.000121985815602837
ccaja_ahorro_rank_delta_pct1	0.000217759581544319	0.000470008633340386	0.000168321513002364
mtarjeta_master_consumo_rank_delta1	0.000217647893975033	0.000446563632235609	0.000193853427895981
mpayroll_rank_delta_pct1	0.000216600919686294	0.00152063978157295	0.000391489361702128
ccaja_ahorro_rank_delta1	0.000216134545833093	0.000148382954429813	0.00028274231678487
cdescubierto_preacordado_rank_lag1	0.0002159656674919	2.13096800988976e-05	0.000217494089834515
matm_other_rank_lag1	0.000215662378374512	0.000328670473501873	0.000140898345153664
cpayroll_trx_rank_delta_pct1	0.000208339154207286	0.00255364563999233	0.000239243498817967
mcheques_depositados_rank	0.000207523495452499	0.000815488911273627	0.000253427895981088
ccajas_otras_rank_delta_pct1	0.00020719685630576	0.000278430021863216	0.00014468085106383
mplazo_fijo_dolares_rank_lag1	0.000206368166552341	5.73572833361516e-05	0.000104018912529551
catm_trx_other_rank_delta_pct1	0.000205582390863259	0.000734574860719443	0.000202364066193853
tmobile_app_rank_lag1	0.000203113117464097	0.00169039069737853	0.000127659574468085
Visa_status_rank_lag1	0.000202958731972734	0.00536535896399478	0.000236406619385343
Master_fultimo_cierre_rank_lag1	0.000198138148971793	0.00027244677910065	0.00037919621749409
active_quarter_rank_lag1	0.000196894287799405	3.8618585837637e-05	0.00042080378250591
mttarjeta_master_debitos_automaticos_rank_delta1	0.000193802307533172	0.000652254095619152	0.000209929078014184
tcallcenter_rank_lag1	0.000192856453170328	4.31805437348775e-05	0.000147517730496454
Visa_mlimitecompra_rank_lag1	0.00019217154605495	0.000398376781116783	0.000413238770685579
minversion2_rank_delta_pct1	0.000190197631786426	0.000319024831680738	0.000121985815602837
ccaja_ahorro_rank_lag1	0.000189790091336067	0.000180865987894675	0.000236406619385343
cdescubierto_preacordado_rank_delta1	0.000189244638051285	3.85098061873269e-05	0.000128605200945626
Visa_fultimo_cierre_rank_delta1	0.000189141842882609	7.33190227899356e-05	0.000348936170212766
Master_cconsumos_rank_delta_pct1	0.000186793184565958	0.00022383440226156	0.000267612293144208
cforex_rank	0.000186661912370604	0.000115833766285769	0.000198581560283688
mtarjeta_master_consumo_rank_delta_pct1	0.000184006438182586	0.00049452803711445	0.00030354609929078
cseguro_vivienda_rank_delta_pct1	0.000183993130605834	0.000134800158959142	0.000136170212765957
Visa_mconsumosdolares_rank_lag1	0.000182983717147554	0.00115694117468469	0.000287470449172577
ccheques_emitidos_rank	0.000181666396765261	0.0025034913432847	0.00030354609929078
cseguro_accidentes_personales_rank_lag1	0.000181055989682193	2.836035711721e-05	0.000134278959810875
Master_msaldototal_rank_delta1	0.000180937273894719	0.000194107059605303	0.000225059101654846
Visa_mconsumototal_rank_lag1	0.000180830510917273	0.000120021601824954	0.000121985815602837
thomebanking_rank_lag1	0.000180133013224202	0.000100065513431288	0.00033758865248227
ctarjeta_master_descuentos_rank_lag1	0.000179130054141286	0.00027475802992367	9.07801418439716e-05
mpagodeservicios_rank_delta1	0.000177820216744093	1.63528756007393e-05	3.59338061465721e-05
Visa_mconsumototal_rank_delta_pct1	0.000176127243121626	0.000493144218784257	0.000277068557919622
matm_rank_lag1	0.000175401728397525	0.000227550829149776	0.000193853427895981
ccajas_depositos_rank_delta1	0.000175398476792675	0.000301556285922741	0.000107801418439716
Master_Finiciomora_rank_delta1	0.00017234550026737	0.00103707197296883	6.52482269503546e-05
ctarjeta_master_transacciones_rank_lag1	0.000171119230420845	0.000283440582694389	0.000150354609929078
mcaja_ahorro_adicional_rank_delta1	0.000169962997574635	0.00112375297396924	0.000154137115839244
Master_delinquency_rank	0.000169180209589735	0.00015047166851397	0.000129550827423168
mtarjeta_visa_descuentos_rank_lag1	0.000165569635373505	9.59455520499501e-05	8.88888888888889e-05
cpayroll_trx_rank_delta1	0.000162230064654189	0.00084375270608894	0.000206146572104019
mcaja_ahorro_adicional_rank_lag1	0.000161189425074647	0.00101385005159617	0.000153191489361702
cplazo_fijo_rank_delta_pct1	0.000159916578088676	0.00062144221441937	0.000170212765957447
Master_Finiciomora_rank	0.000158497752149641	0.000149919534864601	0.000126713947990544
cliente_vip_rank	0.000157914262326978	8.41629602431473e-05	0.000222222222222222
thomebanking_rank_delta_pct1	0.000157878258749049	0.000128997370957573	0.000365957446808511
cprestamos_prendarios_rank_delta1	0.000151155619675524	6.50850729531499e-05	8.32151300236407e-05
mforex_sell_rank_delta1	0.000148215431670252	0.000496412766729557	0.000103073286052009
mcheques_depositados_rank_delta_pct1	0.000148203637125263	0.0025557794225173	0.000201418439716312
Master_status_rank_lag1	0.000148040349349461	1.88350788026579e-05	5.57919621749409e-05
mttarjeta_master_debitos_automaticos_rank_lag1	0.000147077948975148	0.000110821395477053	8.03782505910166e-05
Master_mpagospesos_rank_lag1	0.000145921070060454	0.000198437430875968	0.000226950354609929
cprestamos_personales_rank_lag1	0.000145473527416572	0.0014302911325791	0.000280851063829787
Master_msaldopesos_rank_lag1	0.000140757919643491	0.000485491905230785	0.000159810874704492
Master_msaldototal_rank_lag1	0.000136679340169526	0.000232996327584435	0.000169267139479905
Master_mconsumosdolares_rank	0.000136649881621207	0.00113542407115941	0.000175886524822695
ccajas_transacciones_rank_delta_pct1	0.000135738106313638	0.000297019124717834	0.000133333333333333
Master_mpagosdolares_rank_delta1	0.000135564421209182	0.000319754433628159	4.25531914893617e-05
Master_mconsumospesos_rank_delta_pct1	0.00013249540378556	0.000578849460891451	0.000203309692671395
ccheques_depositados_rechazados_rank_lag1	0.000129605540734985	7.69756299203687e-05	8.13238770685579e-05
mttarjeta_master_debitos_automaticos_rank_delta_pct1	0.000129013199926266	0.00100996692577629	0.000221276595744681
Master_mconsumototal_rank	0.000128115972394211	0.000274927172325026	0.000197635933806147
cinversion1_rank_delta1	0.000125961780670748	0.000906043354714073	7.09219858156028e-05
mcajeros_propios_descuentos_rank_lag1	0.000125596300715666	0.000307600072434107	7.28132387706856e-05
cseguro_accidentes_personales_rank_delta1	0.000125542022197092	0.000600174616298338	0.000104018912529551
Visa_status_rank_delta1	0.000125124438004889	0.00111720836667183	7.47044917257683e-05
catm_trx_rank_lag1	0.000123710483844423	0.00133631845605058	0.000175886524822695
Master_msaldodolares_rank_lag1	0.000123448106962889	0.000208760728289051	5.48463356973995e-05
ctarjeta_visa_descuentos_rank_delta1	0.000123257727689322	6.9627935587316e-05	5.67375886524823e-05
cforex_rank_delta1	0.000121455779756803	4.53240096396989e-05	6.52482269503546e-05
Master_mconsumospesos_rank_lag1	0.0001209151648462	0.000103942032833147	9.26713947990544e-05
Visa_Finiciomora_rank_lag1	0.000120752217620982	8.11313383581731e-06	2.45862884160757e-05
mpayroll_rank_delta1	0.000119784370263889	0.000634987724352663	0.00024113475177305
mforex_sell_rank_delta_pct1	0.000119324521336575	6.04555123946933e-05	5.95744680851064e-05
ctarjeta_visa_rank_delta1	0.000117313256127867	3.23158820388031e-05	3.68794326241135e-05
ctarjeta_master_descuentos_rank	0.000116387862713859	0.000491795695016144	0.000229787234042553
Visa_mpagosdolares_rank_delta_pct1	0.00011493395335376	0.00158453832374805	0.000240189125295508
Master_mpagosdolares_rank_lag1	0.00011312048721251	0.00022540971621576	4.16075650118203e-05
cforex_rank_delta_pct1	0.000112208557781423	1.69601230662809e-05	2.5531914893617e-05
Master_mlimitecompra_rank_lag1	0.000111916921499427	0.000155299512112218	0.00028936170212766
mplazo_fijo_pesos_rank_delta_pct1	0.000110477195375023	3.69587459321978e-05	2.64775413711584e-05
ctarjeta_master_rank_delta1	0.000110248745687914	0.000544777810137451	4.91725768321513e-05
ccajeros_propios_descuentos_rank_lag1	0.000107774743250426	0.000217891702995948	6.71394799054374e-05
minversion2_rank_lag1	0.000105635940188244	4.55836509181846e-05	3.12056737588652e-05
cforex_sell_rank_delta1	0.000103800071491051	4.23647868564287e-05	4.91725768321513e-05
cpagodeservicios_rank_delta1	0.000103482956973996	1.62757705574247e-05	1.79669030732861e-05
cseguro_accidentes_personales_rank_delta_pct1	0.00010022382167372	0.0028822690540781	0.000198581560283688
catm_trx_other_rank_lag1	9.61169918197845e-05	0.000117209982710283	8.13238770685579e-05
Master_cconsumos_rank_lag1	9.53977273900997e-05	0.00023878789372524	9.9290780141844e-05
mcheques_depositados_rank_delta1	9.52289101539792e-05	0.000468423817004088	6.14657210401891e-05
mtarjeta_visa_descuentos_rank_delta1	9.29817060356105e-05	0.00028391416331841	5.39007092198582e-05
cseguro_vivienda_rank_lag1	9.14840412767151e-05	7.51319867954786e-05	0.000147517730496454
minversion1_dolares_rank_delta_pct1	9.04829675506829e-05	0.000329836008540429	3.21513002364066e-05
Visa_fultimo_cierre_rank_lag1	9.0293418536596e-05	0.000147478689649531	0.000247754137115839
mtarjeta_master_consumo_rank_lag1	8.9242638113309e-05	0.000159476849781657	0.000113475177304965
ccajas_otras_rank_lag1	8.90816646885832e-05	0.000116925816236095	7.28132387706856e-05
cinversion1_rank_delta_pct1	8.83977988834897e-05	0.000218664291910006	2.45862884160757e-05
Master_msaldodolares_rank_delta_pct1	8.7917806115865e-05	0.000154903941520284	3.40425531914894e-05
foto_mes	8.68018765679783e-05	7.99919574951078e-07	7.28132387706856e-05
mcheques_depositados_rank_lag1	8.64481447530832e-05	3.64791018834094e-05	2.64775413711584e-05
Visa_madelantopesos_rank_delta1	8.50655969312586e-05	1.56879803504661e-06	7.56501182033097e-06
cinversion2_rank_delta1	8.38657168000703e-05	5.15499703907267e-06	2.45862884160757e-05
minversion2_rank_delta1	8.30951145201282e-05	4.10559920953763e-05	6.52482269503546e-05
ccaja_seguridad_rank_delta_pct1	8.25815998239731e-05	4.63480949333008e-05	3.40425531914894e-05
Visa_fultimo_cierre_rank_delta_pct1	8.19788009787726e-05	0.00014990695552068	0.000242080378250591
minversion1_dolares_rank_lag1	8.163652519894e-05	0.000102282102428831	1.79669030732861e-05
tcallcenter_rank_delta_pct1	7.94061532207787e-05	1.95638662601849e-05	5.01182033096927e-05
Master_mpagosdolares_rank_delta_pct1	7.90154643928874e-05	0.00266468504726439	0.000118203309692671
mprestamos_hipotecarios_rank_delta_pct1	7.82641167161667e-05	3.2304660178039e-05	2.36406619385343e-05
tcuentas_rank_delta_pct1	7.15618026836172e-05	0.0013209348234239	0.00012387706855792
Visa_Finiciomora_rank_delta1	7.10973298853197e-05	1.73429333165403e-05	2.93144208037825e-05
Master_mconsumosdolares_rank_delta1	7.03417287639654e-05	2.81902192282058e-05	1.22931442080378e-05
ccaja_seguridad_rank_delta1	6.96310004870004e-05	5.74369223480259e-06	2.17494089834515e-05
mcheques_emitidos_rank_delta_pct1	6.93874108509351e-05	6.86444842895455e-05	1.79669030732861e-05
mforex_sell_rank_lag1	6.89860426361309e-05	0.000133563310805408	8.98345153664303e-05
Visa_delinquency_rank_delta1	6.83634617841387e-05	0.000464470102060037	9.26713947990544e-05
ctarjeta_master_debitos_automaticos_rank_lag1	6.67756122715964e-05	1.54767559712449e-05	4.0661938534279e-05
ctarjeta_master_rank_lag1	6.66083501942138e-05	2.76917514129744e-06	3.97163120567376e-05
active_quarter_rank_delta_pct1	6.58655467534309e-05	0.000277864132384522	0.000235460992907801
mpagodeservicios_rank	6.47191281591659e-05	0.00011095234735226	9.55082742316785e-05
mprestamos_hipotecarios_rank_delta1	6.43856453309042e-05	9.45195612430145e-05	1.98581560283688e-05
ccajas_depositos_rank_delta_pct1	6.36778263122663e-05	0.000139866467098627	5.57919621749409e-05
minversion1_pesos_rank_lag1	6.11616804377641e-05	0.00027265836547538	5.29550827423168e-05
Master_mconsumototal_rank_lag1	5.99596839007878e-05	4.8419704729681e-05	2.08037825059102e-05
tmobile_app_rank_delta_pct1	5.983625073607e-05	0.000438132666343312	3.78250591016549e-05
ccuenta_corriente_rank	5.91369544404437e-05	2.02210691059021e-05	7.47044917257683e-05
Master_status_rank_delta1	5.65643304778315e-05	6.84522646745216e-05	1.89125295508274e-05
ccheques_emitidos_rank_lag1	5.60459241956174e-05	0.000167018664206153	1.51300236406619e-05
ccajeros_propios_descuentos_rank_delta1	5.5778850822336e-05	1.56494278288087e-05	1.89125295508274e-05
Master_mconsumosdolares_rank_delta_pct1	5.57481034742191e-05	2.62176152034056e-05	1.04018912529551e-05
mtarjeta_master_descuentos_rank_lag1	5.55718023408872e-05	8.72010075483976e-05	6.05200945626478e-05
minversion1_dolares_rank_delta1	5.23229017839047e-05	5.9387173150175e-06	1.32387706855792e-05
ccheques_emitidos_rank_delta_pct1	5.20198834666468e-05	1.72176828705926e-05	2.36406619385343e-05
mcheques_depositados_rechazados_rank_lag1	5.19982229352218e-05	1.55372092211677e-05	1.41843971631206e-05
cpagodeservicios_rank_lag1	5.16717522719877e-05	7.21764744661707e-06	2.74231678486998e-05
ccaja_seguridad_rank_lag1	5.14648628478616e-05	2.36745062571787e-05	2.64775413711584e-05
cseguro_vida_rank_lag1	4.80759721788102e-05	2.55910914770354e-05	5.67375886524823e-05
cseguro_auto_rank_delta_pct1	4.75628057085072e-05	2.38555945103156e-05	2.26950354609929e-05
ctarjeta_visa_rank_delta_pct1	4.75409178725178e-05	4.60548785713999e-06	2.17494089834515e-05
ccajas_extracciones_rank_lag1	4.70669349894241e-05	3.32577038530939e-05	4.91725768321513e-05
mprestamos_prendarios_rank_delta_pct1	4.5361389406123e-05	0.000320445392555046	9.73995271867612e-05
mprestamos_prendarios_rank_lag1	4.44394244381198e-05	5.27817506073416e-05	4.44444444444444e-05
tcuentas_rank_lag1	4.34002583062404e-05	0.000821187263570988	0.00013806146572104
mpagodeservicios_rank_lag1	4.23075807602611e-05	7.66643137830419e-06	1.32387706855792e-05
mcheques_emitidos_rank_lag1	4.16688461198504e-05	0.00273129547879157	0.000149408983451537
Visa_cadelantosefectivo_rank	4.14266385704267e-05	0.00010140679728923	1.51300236406619e-05
cseguro_auto_rank_lag1	4.12838247830608e-05	5.17767605768142e-05	5.57919621749409e-05
cforex_rank_lag1	4.11573685582559e-05	1.16300106999619e-05	2.83687943262411e-05
cforex_sell_rank_lag1	3.9653997449164e-05	1.32439676746963e-05	1.51300236406619e-05
ccheques_emitidos_rechazados_rank_lag1	3.91001597800625e-05	9.28246982721259e-06	8.51063829787234e-06
cinversion1_rank_lag1	3.77929805038804e-05	1.01747887557133e-06	2.83687943262411e-05
cseguro_vida_rank_delta_pct1	3.67120408510753e-05	1.11962495818783e-05	3.59338061465721e-05
mforex_buy_rank_delta1	3.66860215421714e-05	2.891846369247e-05	1.41843971631206e-05
Master_msaldodolares_rank_delta1	3.55249640420765e-05	2.62361674732173e-05	1.41843971631206e-05
ccheques_depositados_rank_delta1	3.40674993002814e-05	6.19767985192467e-05	2.5531914893617e-05
Visa_Finiciomora_rank_delta_pct1	3.31049734340603e-05	6.47892321238123e-05	2.08037825059102e-05
Master_mconsumosdolares_rank_lag1	3.25839729655392e-05	3.80111573743412e-05	1.60756501182033e-05
Master_mconsumototal_rank_delta1	3.14830063886926e-05	9.6206731809347e-05	3.12056737588652e-05
cinversion2_rank_delta_pct1	3.13240586192316e-05	2.73798922823848e-05	2.93144208037825e-05
ccheques_emitidos_rank_delta1	3.10253953783208e-05	5.76867897477815e-05	2.17494089834515e-05
mtarjeta_master_descuentos_rank_delta1	2.95154046884899e-05	3.308566548767e-05	1.98581560283688e-05
mcajeros_propios_descuentos_rank_delta1	2.91695678225412e-05	0.000318829173108383	3.49881796690307e-05
Visa_delinquency_rank_lag1	2.82076078310178e-05	1.67465457162544e-05	4.16075650118203e-05
mtarjeta_visa_descuentos_rank_delta_pct1	2.76253787814588e-05	9.4408428621899e-07	1.89125295508274e-06
ccheques_emitidos_rechazados_rank_delta1	2.73273433105906e-05	5.07789199575801e-07	5.67375886524823e-06
mcheques_emitidos_rank_delta1	2.62090686243975e-05	0.000265763618022362	2.74231678486998e-05
mpagodeservicios_rank_delta_pct1	2.43885025293842e-05	2.65184334709854e-05	8.51063829787234e-06
cinversion2_rank_lag1	2.42192667318278e-05	2.55978788928202e-05	2.17494089834515e-05
mforex_buy_rank	2.41409160211139e-05	0.00184876970528173	0.000124822695035461
ccheques_depositados_rank_delta_pct1	2.32178701989497e-05	0.000548295410992613	3.78250591016549e-05
cplazo_fijo_rank_lag1	2.26908696727634e-05	0.000495093112103249	3.97163120567376e-05
cprestamos_prendarios_rank_delta_pct1	2.21844074979089e-05	1.83199591940346e-05	3.49881796690307e-05
cforex_buy_rank	2.11112493976449e-05	4.48956784542432e-05	9.36170212765957e-05
Visa_madelantopesos_rank_lag1	2.07472428747845e-05	4.58919805925661e-07	5.67375886524823e-06
mcheques_emitidos_rechazados_rank_lag1	2.01692996201833e-05	3.39026893503986e-06	4.72813238770686e-06
Master_madelantopesos_rank	1.83159281071706e-05	1.40481406968725e-06	1.41843971631206e-05
ccajas_depositos_rank_lag1	1.79367752946155e-05	0.000192334548597837	5.20094562647754e-05
ctarjeta_master_descuentos_rank_delta1	1.68296282344666e-05	5.71997247910685e-05	1.32387706855792e-05
ccheques_depositados_rank_lag1	1.65283775325807e-05	0.000118522216428666	1.89125295508274e-05
Master_mconsumototal_rank_delta_pct1	1.62147833989226e-05	6.80649294804057e-05	3.02600472813239e-05
cprestamos_hipotecarios_rank_delta1	1.53914150145359e-05	5.70957415812462e-07	3.78250591016549e-06
ctarjeta_visa_rank_lag1	1.52561313304643e-05	4.89789877903437e-05	3.3096926713948e-05
cseguro_vida_rank_delta1	1.37393747532072e-05	8.04607416786407e-06	3.21513002364066e-05
mcheques_depositados_rechazados_rank	1.3081622777313e-05	0.000223655576480351	1.04018912529551e-05
mplazo_fijo_pesos_rank	1.27123366922892e-05	0.00442859476995132	0.000163593380614657
ccheques_emitidos_rechazados_rank_delta_pct1	1.11185079053955e-05	7.35484374434598e-07	3.78250591016549e-06
cforex_sell_rank_delta_pct1	1.04835359063029e-05	4.85968110322242e-05	3.97163120567376e-05
ctarjeta_master_rank_delta_pct1	9.49177523039954e-06	0.00013244103423012	2.74231678486998e-05
cpagodeservicios_rank_delta_pct1	8.07806725177525e-06	9.47019164804312e-05	1.41843971631206e-05
mplazo_fijo_pesos_rank_lag1	6.80300006950312e-06	1.64590307836127e-06	1.41843971631206e-05
ccheques_depositados_rechazados_rank_delta1	5.42622587454943e-06	6.5340189287779e-08	9.45626477541371e-07
cseguro_auto_rank_delta1	5.17048292167454e-06	3.67143084650699e-05	1.89125295508274e-05
ctarjeta_visa_descuentos_rank_delta_pct1	3.11540209811365e-06	9.04807773544618e-07	2.83687943262411e-06
Master_delinquency_rank_lag1	2.7080114182518e-06	0.000401268853733223	1.98581560283688e-05
Visa_cadelantosefectivo_rank_lag1	2.70177335434796e-06	4.65164228447623e-08	9.45626477541371e-07
cprestamos_prendarios_rank_lag1	2.67653760973036e-06	1.30798027115827e-06	1.70212765957447e-05
Visa_delinquency_rank_delta_pct1	2.4939797851251e-06	3.29633110057903e-05	1.13475177304965e-05
mcheques_emitidos_rechazados_rank_delta1	2.10588536717357e-06	1.7159492092598e-06	2.83687943262411e-06
Master_cadelantosefectivo_rank	1.68578465326421e-06	2.01984443866197e-06	5.67375886524823e-06
Visa_status_rank_delta_pct1	1.57422440270644e-06	2.91053438737432e-06	9.45626477541371e-07
mprestamos_hipotecarios_rank_lag1	1.43246394223596e-06	1.23223271100055e-06	9.45626477541371e-06
ccheques_depositados_rechazados_rank	1.1065955307757e-06	0.00125524621345917	4.25531914893617e-05
Master_Finiciomora_rank_lag1	9.64728322676236e-07	5.13295151260383e-05	3.78250591016549e-06
cprestamos_hipotecarios_rank_lag1	9.1085349503032e-07	6.20822297111031e-08	1.89125295508274e-06
Master_Finiciomora_rank_delta_pct1	7.37472975794609e-07	5.38448409169864e-05	2.83687943262411e-06
mcajeros_propios_descuentos_rank_delta_pct1	6.28038822296721e-07	3.79407492479342e-06	9.45626477541371e-07
mcheques_depositados_rechazados_rank_delta_pct1	6.12132859586555e-07	7.15393623711763e-07	9.45626477541371e-07
Master_delinquency_rank_delta1	5.66022557121266e-07	7.16398161247905e-06	3.78250591016549e-06
cpayroll2_trx_rank	3.96255340660952e-07	2.55586928790229e-06	6.6193853427896e-06
cforex_buy_rank_lag1	2.29261749098258e-07	0.000276615971871147	1.22931442080378e-05
ccheques_emitidos_rechazados_rank	1.97674966783505e-07	1.01539740139734e-07	9.45626477541371e-07
mcuenta_corriente_adicional_rank	1.94258364621176e-07	0.000838268021640483	2.74231678486998e-05
mcheques_emitidos_rechazados_rank_delta_pct1	1.30530299942454e-07	1.23865813127677e-06	9.45626477541371e-07
cliente_vip_rank_lag1	1.19985624744335e-07	0.000676371141385496	2.64775413711584e-05
ccajeros_propios_descuentos_rank_delta_pct1	1.01484618435832e-07	1.42433467748417e-05	9.45626477541371e-07
cforex_buy_rank_delta1	9.84690757051231e-08	2.39641026639943e-07	2.83687943262411e-06
mforex_buy_rank_lag1	6.64167228177288e-08	7.35622837716607e-05	4.72813238770686e-06
ccuenta_corriente_rank_delta_pct1	1.28480676851486e-08	1.5312410010377e-07	1.89125295508274e-06
cliente_vip_rank_delta_pct1	7.28448647038746e-09	7.84555580580738e-05	2.83687943262411e-06
mcuenta_corriente_adicional_rank_lag1	3.1532057880376e-09	1.99097529685753e-09	9.45626477541371e-07
cforex_buy_rank_delta_pct1	2.47880542851386e-09	9.73559770500194e-06	9.45626477541371e-07
