Feature	Gain	Cover	Frequency
ctrx_quarter	0.144644844271242	0.0423511536302864	0.0201057219697672
mpasivos_margen	0.0589378165022202	0.0213345050817174	0.0230687192803487
cpayroll_trx	0.0355863942016813	0.0285462087207906	0.00549012334229806
mrentabilidad_annual	0.0294849184867722	0.025120765398857	0.0445979782991746
cliente_edad	0.0291630832122771	0.0236648078263408	0.0469118056199574
mcaja_ahorro	0.0289005566587684	0.0189070821130803	0.0170917184457016
mcuenta_corriente	0.0270709768605306	0.0223662157466825	0.0331957711212093
mcuentas_saldo	0.0244182588044543	0.0262557464434431	0.0289993508300102
Master_Fvencimiento	0.024237846726286	0.023161285327741	0.0395390893072429
active_quarter	0.0238573616306662	0.00238322287730476	0.000792914773254196
Visa_Fvencimiento	0.0226022803042553	0.0172914433940438	0.0373597329129185
mactivos_margen	0.0221030479774946	0.0187712164838376	0.029203375683947
Master_fechaalta	0.0220202848499927	0.0203929319841679	0.0335018084021144
cliente_antiguedad	0.021095096212242	0.0188844322558376	0.0348186960957062
mpayroll	0.0202359231533209	0.0198362843014277	0.00519799684688862
mprestamos_personales	0.0202349371859504	0.0160276600885579	0.00634331818603357
numero_de_cliente	0.0194892346331386	0.0169615871860562	0.0293842158953909
Visa_fechaalta	0.0185088383857171	0.0162212576189549	0.0293610312528981
Master_mfinanciacion_limite	0.0172913166379009	0.0118384520388204	0.0281600667717704
mtarjeta_visa_consumo	0.0170734063288268	0.0150725853241475	0.00910229064267829
mrentabilidad	0.0166273927040068	0.0151677954363112	0.0258184178799963
Visa_mfinanciacion_limite	0.0156754740150312	0.0104543185983859	0.0251831586756932
Visa_msaldototal	0.0139474995664048	0.00893469948866566	0.0112630993230084
Visa_msaldopesos	0.0138161625355346	0.0100060184011208	0.0116665121023834
Visa_mpagominimo	0.0132317463036185	0.0164900310993834	0.0174904942965779
Visa_mpagospesos	0.0119379788813986	0.0142123163199426	0.0211443939534452
ctarjeta_visa_transacciones	0.0118572423309485	0.0104483667517333	0.0117546137438561
mcomisiones	0.00962676825152865	0.00850068348539598	0.016716127237318
Visa_mconsumospesos	0.00954514094322283	0.00923047630281576	0.0164379115274042
Visa_status	0.00925811052671047	0.0178666599340512	0.00434943893165167
chomebanking_transacciones	0.00910957173652286	0.00964643052481498	0.0137113975702495
mcomisiones_otras	0.00899544294435236	0.00756129515759861	0.0128674765835111
cdescubierto_preacordado	0.00889909818919265	0.00903448657150012	0.0034174163034406
mcaja_ahorro_dolares	0.0087874280558785	0.00869283554182338	0.0128303811555226
cprestamos_personales	0.00825345132897406	0.00795860159536671	0.00496615042196049
cproductos	0.00820490128747828	0.0109924384738125	0.0088287118612631
mtransferencias_recibidas	0.00815978418342571	0.0127535532706464	0.0131735138644162
Master_mlimitecompra	0.00791432648938284	0.00825857462699485	0.0126541778725772
ccomisiones_otras	0.00752350309882832	0.0100367118678685	0.0117592506723546
Visa_mlimitecompra	0.00722385128958709	0.00849512171245698	0.0127793749420384
Visa_cconsumos	0.00685019867055722	0.00716437859523513	0.011638690531392
mcomisiones_mantenimiento	0.00609312959719789	0.00995391292162465	0.00782713530557359
ccomisiones_mantenimiento	0.00596306726378009	0.016282877565472	0.00669572475192433
mcuenta_debitos_automaticos	0.00585701322781707	0.00900611212966678	0.0074422702401929
mttarjeta_visa_debitos_automaticos	0.00521324698986488	0.00645594285898338	0.00785495687656496
ccallcenter_transacciones	0.00483205412209229	0.00647893638564426	0.00683019567838264
mautoservicio	0.00472800391139418	0.00548818405553175	0.005819345265696
Master_status	0.00465512303929357	0.00994601824214445	0.00333395159046648
Master_mpagominimo	0.00449114686784919	0.00579668179418866	0.00498006120745618
Master_msaldopesos	0.00436920655287879	0.00642321315589045	0.00670499860892145
ctarjeta_debito_transacciones	0.00423088582225334	0.00705243814812174	0.00582398219419457
mtransferencias_emitidas	0.00405708321291067	0.00749196019951419	0.00682092182138551
ccajas_consultas	0.00402592900118973	0.0111527363611812	0.00583789297969025
ctarjeta_debito	0.00363118417199001	0.0114419792918972	0.00652879532597607
ctransferencias_recibidas	0.00361412457536475	0.00545225027466033	0.00567560048224056
Master_mpagospesos	0.00356265806159463	0.00649936339781551	0.00647778911249189
Master_msaldototal	0.00353257170895167	0.00443007113128621	0.00558286191226931
internet	0.00351074159361184	0.0022581325634159	0.00177594361494946
mpagomiscuentas	0.00335977512268112	0.00655373316895459	0.00434943893165167
Visa_fultimo_cierre	0.0031310933659417	0.00390498887976687	0.00462765464156543
ctransferencias_emitidas	0.00307523159650268	0.00917605219502313	0.0056338681257535
Visa_mconsumototal	0.00306740190213243	0.00254429436790518	0.00513307984790875
ccajas_otras	0.00295035785875601	0.0101445425602081	0.00437262357414449
Master_mconsumospesos	0.00293734606453002	0.00472666279693051	0.00519335991839006
mtarjeta_master_consumo	0.00292634140319131	0.00860314119492122	0.00339886858944635
ccuenta_debitos_automaticos	0.00287909283229939	0.00476320598121922	0.00325512380599091
Visa_mconsumosdolares	0.00287866793395826	0.00468698732270485	0.00452564221459705
cpagomiscuentas	0.00284371876868935	0.00667614512210345	0.00423351571918761
Master_fultimo_cierre	0.00260595535549952	0.00274191142250176	0.00328294537698229
mextraccion_autoservicio	0.00248459038313166	0.00414101956871138	0.00358434572938885
Visa_mpagado	0.00248397447586474	0.00367896565390422	0.00369099508485579
ctarjeta_visa_debitos_automaticos	0.00239042261213145	0.00338129122136813	0.00332931466196791
tcallcenter	0.00234939469872653	0.00201120202109411	0.00121487526662339
ccaja_ahorro	0.00216854155117105	0.00501918516282767	0.0019938792543819
foto_mes	0.00207117567026137	0.00558890854479432	0.00159974033200408
ccaja_seguridad	0.00177645996951399	0.00407578207024565	0.000983028841695261
Visa_msaldodolares	0.001774479692845	0.00581654679878274	0.00318556987851247
mplazo_fijo_dolares	0.00171126700189876	0.0057575084382359	0.00158582954650839
thomebanking	0.0016415642059596	0.00689329679857585	0.00135862005007883
Master_cconsumos	0.00163701330847893	0.00265675101322723	0.00244366131874247
tmobile_app	0.00160647048654097	0.00613139002736699	0.00173421125846239
catm_trx	0.00137169901784934	0.00544407122013933	0.00267087081517203
cextraccion_autoservicio	0.00126097993164874	0.0014453992071587	0.00166929425948252
Visa_mpagosdolares	0.00115810377923286	0.00276868888232421	0.00165074654548827
matm	0.00109847612507218	0.00132443649584961	0.00155800797551702
Master_mpagado	0.0010159399715481	0.00376256517339758	0.00189650375591208
Visa_Finiciomora	0.00100254755618657	0.00783713438607727	0.00223036260780859
ccajas_extracciones	0.000881184950856792	0.00489988606533821	0.00160901418900121
matm_other	0.000864933849835928	0.00232651365542898	0.00147918019104145
Master_mconsumototal	0.000833790974204795	0.00104170345318431	0.00133079847908745
cmobile_app_trx	0.00076985771081958	0.00347333751247112	0.000834647129741259
ccajas_transacciones	0.000740894647265509	0.00270503031975451	0.000945933413706761
mttarjeta_master_debitos_automaticos	0.000691107597494777	0.00115471338048952	0.00100157655568951
ctarjeta_master_transacciones	0.00065200697266398	0.00117147227192865	0.00102476119818232
catm_trx_other	0.000615633246137257	0.00167833350008704	0.00100157655568951
ctarjeta_master_debitos_automaticos	0.00059350566187344	0.00262642104679318	0.00125197069461189
mcaja_ahorro_adicional	0.000543260820031106	0.0030406783390684	0.000704813131781508
mprestamos_prendarios	0.000524748279681607	0.00417881408250324	0.0010154873411852
cseguro_accidentes_personales	0.00051702943086915	0.00168653734322736	0.000695539274784383
ctarjeta_visa	0.000502538426008068	0.000844708692087064	0.000477603635351943
cplazo_fijo	0.000496351230065379	0.00302832488105435	0.000426597421867755
minversion1_pesos	0.000467222251843737	0.00346986690745774	0.00049151442084763
cprestamos_prendarios	0.000413009606694988	0.00204272263449121	0.000881016414726885
cseguro_vida	0.000405553946793942	0.00192239847801574	0.000403412779374942
Master_mpagosdolares	0.00040119393663829	0.00197871544477944	0.000932022628211073
Visa_madelantopesos	0.000398461899302422	0.00485337765777496	0.000769730130761384
minversion2	0.000378595015653501	0.00127984494264093	0.000296763423908003
cinversion2	0.00034832242439454	0.00308684248228658	0.000370954279885004
tcuentas	0.000314293372622109	0.00195679734757902	0.000389501993879254
mtarjeta_master_descuentos	0.000311057192005326	0.00316157580673145	0.000639896132801632
Master_msaldodolares	0.000302506298624504	0.00135907591417475	0.000584252990818882
ctarjeta_master	0.000297631706179968	0.000153609917876932	0.000125197069461189
mcheques_emitidos	0.00029257171787839	0.000846690790087681	0.000282852638412316
Master_Finiciomora	0.000290386913397117	0.00288921967673031	0.000602800704813132
mtarjeta_visa_descuentos	0.000276363046791105	0.00289106434662543	0.000857831772234072
mforex_buy	0.000261594642509244	0.00229963148847854	0.000630622275804507
cprestamos_hipotecarios	0.000228403180709576	0.00180691424988474	0.000306037280905128
mcheques_depositados_rechazados	0.000212418500424421	0.00274671347383592	0.000574979133821757
ccheques_depositados	0.00020810786988605	0.00267102172221376	0.000561068348326069
minversion1_dolares	0.000199402553995299	0.00279095263203239	0.000496151349346193
mpagodeservicios	0.000194464655165417	0.00395498792154792	0.000769730130761384
Master_mconsumosdolares	0.000193492284816578	0.000347412896350869	0.000259667995919503
Master_delinquency	0.000186461968494401	0.00158421825166134	0.000333858851896504
mpayroll2	0.000166875275471727	0.00416401012073795	0.000528609848836131
cseguro_vivienda	0.000153711609352795	0.000111785766128845	0.000134470926458314
ctarjeta_visa_descuentos	0.000145293568769476	0.000742029074841694	0.000352406565890754
mforex_sell	0.000135403365759373	0.000138346275955022	0.000166929425948252
ctarjeta_master_descuentos	0.000122463225404212	0.000543367130363644	0.000301400352406566
mcheques_depositados	0.000108965191386502	0.000604923419706268	0.000227209496429565
mprestamos_hipotecarios	0.000104468006968101	0.00151097759871728	0.000227209496429565
cinversion1	9.59205283096129e-05	0.000723911965372923	0.000106649355466939
mcajeros_propios_descuentos	9.31897731554049e-05	0.000959151203279868	0.000115923212464064
cforex	8.69214770328338e-05	0.000449694309215525	0.000171566354446814
Visa_cadelantosefectivo	8.28148895413909e-05	0.00105711324880571	0.000185477139942502
Visa_delinquency	8.23142819211236e-05	0.000195918141783049	0.000111286283965501
mcheques_emitidos_rechazados	5.94511812766245e-05	0.000616362276821985	0.000153018640452564
cpagodeservicios	5.55343741161088e-05	0.00107616736808468	0.000222572567931002
cforex_buy	5.1192896487132e-05	0.000266680924340145	0.000148381711954002
cforex_sell	4.37808778718125e-05	0.000160580081011068	5.56431419827506e-05
ccheques_emitidos	3.911469460124e-05	0.000290997171727804	6.49169989798757e-05
cseguro_auto	3.49574451820411e-05	0.000551978498405544	9.73754984698136e-05
Master_cadelantosefectivo	3.01901253520833e-05	0.000189429671099488	5.56431419827506e-05
Master_madelantopesos	2.30117952936427e-05	0.000243378234019134	6.49169989798757e-05
ccajas_depositos	1.41865535345405e-05	3.92280892242175e-05	3.70954279885004e-05
ccheques_depositados_rechazados	1.2196283021728e-05	0.000111597174313079	9.2738569971251e-06
ccajeros_propios_descuentos	1.19501585393588e-05	1.88956704242913e-05	1.39107854956877e-05
Master_madelantodolares	4.95667065689557e-06	1.26140359803149e-05	4.63692849856255e-06
mcuenta_corriente_adicional	3.15059806407653e-06	5.37978481141956e-05	4.63692849856255e-06
ccheques_emitidos_rechazados	2.87765170164624e-06	5.56794034748614e-05	4.63692849856255e-06
