Feature	Gain	Cover	Frequency
ctrx_quarter	0.0780938437316337	0.0295977037245181	0.0215366705471478
mpasivos_margen	0.0658570855239686	0.0142185644867856	0.0157159487776484
active_quarter	0.0536090948509155	0.00146749461549667	0.000388048117966628
cpayroll_trx	0.0502249304791666	0.0229236587811259	0.0083430345362825
mpayroll	0.0494479679601171	0.030199360408259	0.0120294916569655
Visa_msaldototal	0.0483974435279039	0.00996459914678774	0.013581684128832
ctarjeta_visa_transacciones	0.0356478191990202	0.0110811727142595	0.0118354675979822
mprestamos_personales	0.0317558397286091	0.0347199015197787	0.0147458284827319
ctarjeta_debito_transacciones	0.0273670530852563	0.0164269029069697	0.0116414435389988
Visa_msaldopesos	0.0271239841652749	0.013563118097718	0.0182382615444315
mcaja_ahorro	0.0252557135255718	0.0115168018453795	0.0124175397749321
mrentabilidad_annual	0.0229284022929788	0.028098746521365	0.0357004268529298
mcuentas_saldo	0.0225911912908707	0.0281465934547151	0.0335661622041133
mcuenta_corriente	0.0212587355937386	0.0164757584426454	0.0248350795498642
cprestamos_personales	0.0210620102280085	0.0141995389091023	0.0100892510671323
mactivos_margen	0.016720093539104	0.0205486978055099	0.0331781140861467
mautoservicio	0.0162441038040447	0.0101859547046854	0.0122235157159488
cextraccion_autoservicio	0.0141922141541021	0.0030902777084918	0.00426852929763291
Master_fechaalta	0.0133398784591448	0.0307677477275156	0.040162980209546
Visa_mpagospesos	0.0131938112536174	0.0110729950536763	0.0180442374854482
cliente_edad	0.0125405699971123	0.0265875409676669	0.0386107877376795
mextraccion_autoservicio	0.0121472609861334	0.00274636608382392	0.00329840900271634
mcomisiones_mantenimiento	0.0120427676003271	0.0147108640075725	0.0131936360108653
mtarjeta_visa_consumo	0.0115867022586104	0.0109274805857658	0.0116414435389988
Visa_mpagominimo	0.0113393057027007	0.0137711659098219	0.0201785021342647
Master_Fvencimiento	0.0111874547205408	0.0233841401637963	0.0318199456732635
Master_status	0.0109956644667512	0.0129048563294966	0.00523864959254948
Visa_Fvencimiento	0.0106573880818944	0.0263072656192319	0.0335661622041133
cliente_antiguedad	0.00970050356301866	0.0172001163157934	0.0263872720217307
Visa_status	0.009514588223211	0.0299219802564281	0.00911913077221575
mrentabilidad	0.00803157969388679	0.0127238666330224	0.0221187427240978
mtransferencias_emitidas	0.00792786780768103	0.0107196286892215	0.00989522700814901
cpagomiscuentas	0.00781953601537038	0.00260218674417183	0.00291036088474971
Visa_fechaalta	0.00748805236592622	0.0120128165056682	0.0195964299573147
chomebanking_transacciones	0.00742396931350755	0.0142669773984191	0.0143577803647652
cdescubierto_preacordado	0.007340845628201	0.0115591776553225	0.00601474582848273
mcuenta_debitos_automaticos	0.00717106066595292	0.00984694096900924	0.0100892510671323
mcomisiones	0.00710816162706517	0.011321125738062	0.0190143577803648
ccomisiones_mantenimiento	0.00679445775998291	0.0166997987693238	0.0108653473030656
ctransferencias_emitidas	0.00673496874399992	0.00215374328422323	0.0027163368257664
mtransferencias_recibidas	0.00667550220699253	0.00456463662470869	0.00737291424136593
numero_de_cliente	0.00649524598191366	0.0107634847500598	0.0201785021342647
Master_msaldototal	0.00645760917608326	0.00701922639113199	0.0083430345362825
Visa_mfinanciacion_limite	0.0059655537022988	0.00977951699195603	0.0161039968956151
mcomisiones_otras	0.00575500630551434	0.00740792286151364	0.0126115638339154
tcallcenter	0.00551560636246722	0.00687038135870706	0.00523864959254948
mpagomiscuentas	0.00538330279231285	0.0151439825170759	0.00989522700814901
cproductos	0.00537042572454811	0.0101666533939922	0.0100892510671323
Visa_mconsumototal	0.00516260647693089	0.00748537481276912	0.00873108265424913
mcaja_ahorro_dolares	0.00493771223822602	0.00595541941439751	0.00892510671323244
mtarjeta_master_consumo	0.00492976289753999	0.010143593407006	0.00737291424136593
thomebanking	0.00490547291279781	0.00991147700559031	0.00679084206441599
catm_trx	0.0048781272987782	0.00362869720325097	0.00465657741559953
Visa_cconsumos	0.00448171993324546	0.00825356697835986	0.0139697322467986
Visa_mlimitecompra	0.00444310544964077	0.00945452935912574	0.0141637563057819
ccallcenter_transacciones	0.00439669069082397	0.00697041439224726	0.00465657741559953
Master_mlimitecompra	0.00439616652692619	0.00582713825960589	0.012999611951882
Master_mpagominimo	0.00432069492666785	0.00865329276913764	0.0083430345362825
ccuenta_debitos_automaticos	0.00408675126745734	0.00480186859907132	0.00562669771051611
Master_mfinanciacion_limite	0.00402428167776397	0.0052805338481317	0.0112533954210322
ccomisiones_otras	0.00363356729402678	0.00612067781704353	0.00892510671323244
Visa_mconsumospesos	0.00348986553674934	0.00914926389263537	0.0112533954210322
internet	0.00332048421383023	0.0110625752483547	0.00776096235933256
mttarjeta_visa_debitos_automaticos	0.0032431948411698	0.0065705652472282	0.00853705859526581
Visa_mconsumosdolares	0.00318830211604411	0.0104673910342147	0.00911913077221575
Master_msaldopesos	0.00305623747471123	0.00590161519680716	0.00523864959254948
ccaja_ahorro	0.0029622856900524	0.0104145010892361	0.00601474582848273
ccajas_transacciones	0.00266207944202991	0.00792601067485836	0.00465657741559953
ccaja_seguridad	0.00259638347961791	0.0139723058844145	0.00543267365153279
ctarjeta_visa_debitos_automaticos	0.0025640232327412	0.00673192710707638	0.00717889018238262
ctransferencias_recibidas	0.0024792608565717	0.00852259532244345	0.00717889018238262
Visa_mpagado	0.00202114920680504	0.00382792155903798	0.00446255335661622
Visa_msaldodolares	0.00196674998254365	0.00693353147410677	0.00446255335661622
ccajas_otras	0.00188777880048862	0.00977696283354851	0.00291036088474971
ccajas_consultas	0.00173250140193695	0.00842168429695066	0.00310438494373302
tmobile_app	0.0014282140998803	0.0101892344762769	0.00291036088474971
cmobile_app_trx	0.00140568132623684	0.00441523287013211	0.0027163368257664
cplazo_fijo	0.00133635401615931	0.00797749293026005	0.00329840900271634
ctarjeta_visa	0.00113280180511015	0.00244004122208498	0.00155219247186651
Master_mconsumospesos	0.00112575105621844	0.00400562422778884	0.00349243306169965
Master_mconsumototal	0.00101547803111454	0.00612506052067462	0.00310438494373302
Master_mpagospesos	0.00101251164539997	0.00285681166655389	0.00446255335661622
ctarjeta_master	0.000902997474195283	0.000132758188136624	0.000582072176949942
mttarjeta_master_debitos_automaticos	0.000895047810931245	0.00440139542671407	0.00232828870779977
Master_cconsumos	0.000753067353483547	0.00430125355119627	0.00291036088474971
mplazo_fijo_dolares	0.000750185921769168	0.00409245110138104	0.00232828870779977
ccajas_extracciones	0.000710298043340761	0.00502668533185647	0.00155219247186651
catm_trx_other	0.000707777770330779	0.00372346228507564	0.00194024058983314
matm	0.000507182459752851	0.00112706593411178	0.00155219247186651
ctarjeta_debito	0.000383945711194395	0.00187857625260336	0.00097012029491657
Master_mpagosdolares	0.000377903855842434	0.000870641491033507	0.000776096235933256
ctarjeta_master_transacciones	0.000300724511279792	0.000283584144553756	0.000776096235933256
Visa_mpagosdolares	0.000266348811483589	0.00149400852123843	0.000776096235933256
ccheques_depositados	0.000219112383042614	0.00220740237917679	0.000582072176949942
Master_fultimo_cierre	0.000195224504477724	0.000263745880104394	0.000776096235933256
Visa_madelantopesos	0.000190916455196281	0.000343875344008675	0.000194024058983314
Visa_fultimo_cierre	0.000182535987185322	0.000758664864485389	0.000388048117966628
minversion2	0.000131283121797757	0.00135908800581361	0.000388048117966628
Master_mpagado	0.000122726069508908	0.000434968823122535	0.000388048117966628
cseguro_vida	0.000122044962347234	0.000292734126803444	0.000194024058983314
matm_other	0.000116825227866216	0.00105876396510599	0.000582072176949942
Master_msaldodolares	0.0000968525547437816	0.00022142086308423	0.000388048117966628
Visa_delinquency	0.0000803918409900528	0.000387368598255009	0.000194024058983314
ctarjeta_master_debitos_automaticos	0.0000619576819478007	0.000735046155347615	0.000194024058983314
mprestamos_prendarios	0.0000611200084673251	0.000732883828059426	0.000194024058983314
cprestamos_prendarios	0.0000514809932823653	0.000626617777269042	0.000194024058983314
cforex	0.0000475139470162926	0.000466815985766372	0.000194024058983314
cseguro_accidentes_personales	0.0000325878890922579	0.000241201078478875	0.000194024058983314
Master_madelantopesos	0.0000260249361458644	0.0000131553670251256	0.000194024058983314
