Feature	Gain	Cover	Frequency
ctrx_quarter	0.119282656658458	0.0096568179593987	0.0168103245943244
mpasivos_margen_rank	0.0299289342452556	0.00765297047883445	0.017275119103593
mingresos_rank	0.0296084235146653	0.00328345608589703	0.00406310431943387
mcuentas_saldo_rank	0.0243116180881514	0.00930285119413587	0.016584083558356
mprestamos_personales_rank	0.0227017225924819	0.00932191582451131	0.00256791271097554
cliente_edad	0.0197295056379489	0.0173087767033008	0.0381439308533519
numero_de_cliente	0.0193993593847869	0.0151899933465987	0.0389827156465684
cpayroll_trx	0.0183344545758908	0.00366807183707094	0.000737207185230616
mrentabilidad_annual_rank	0.0169779917839374	0.0141316216628186	0.0274636609955067
mpayroll_rank	0.0168632135058091	0.00404771610390157	0.000978069240530389
Visa_Fvencimiento	0.0146543428976495	0.00811617346615237	0.0245317618559152
Master_Fvencimiento	0.0144960210799242	0.0108122333800398	0.0221662348335782
cliente_antiguedad	0.0143492924087061	0.0124215959897791	0.0259961723710445
Master_fechaalta	0.0138156468998264	0.00692845999522033	0.0178384131115145
mtarjetas_consumo_rank	0.0135259137190027	0.0020408597235227	0.00305656256757412
mcuenta_corriente_rank	0.0133488162501809	0.0176361878022193	0.0252928243884759
mcaja_ahorro_rank	0.0129789975165406	0.00459598978181839	0.0133651507234711
Visa_fechaalta	0.0118524194558055	0.00628066478325655	0.0176714256802045
mactivos_margen_rank	0.0117601050607825	0.0108167516698123	0.0153843904458564
diff_comisiones_consumo_rank	0.0112507532592538	0.00290172793584507	0.00457253141402956
ctrx_quarter_lag1	0.0111155384805139	0.00515102110272653	0.00551751097923123
chomebanking_transacciones	0.0100637832277636	0.00425830929329568	0.0138722692360671
mrentabilidad_rank	0.00957720849399047	0.0083434524785381	0.0155229053658371
mrentabilidad_annual_rank_lag1	0.00827899150972826	0.00688889126038584	0.00827472741418039
mrentabilidad_annual_rank_delta1	0.00735086412894849	0.00686292254755976	0.0114313285350739
Master_mfinanciacion_limite_rank	0.00721767746550728	0.00463705878167663	0.0121977777589671
Visa_mfinanciacion_limite_rank	0.00694656050634292	0.00405453154863048	0.0135990870327719
cdescubierto_preacordado	0.00674625182062712	0.00884612706734051	0.00358753642750014
Visa_status	0.00650967755877977	0.0112818150109319	0.00131204410315052
cproductos	0.00638952927653517	0.0086975408571465	0.0114936602490652
mcuentas_saldo_rank_delta1	0.00625435662390196	0.00363662570950483	0.00847865215748531
Visa_mpagominimo_rank	0.00615668221158971	0.00247142537032843	0.00531358623592631
cliente_edad_lag1	0.00604856417301819	0.0115172119107925	0.00997076565661074
mactivos_margen_rank_delta1	0.00584880951499531	0.00721418052894329	0.0094097802306889
mcaja_ahorro_dolares_rank	0.00573290325493924	0.00468385764229599	0.00817699744286067
mcuenta_corriente_rank_lag1	0.00566693285462581	0.00979847504077128	0.0072289397683261
mcomisiones_rank	0.00566310846343122	0.00309861604062771	0.00924817949071142
mcomisiones_otras_rank	0.00535369212782869	0.00266122192246303	0.00733436501297808
Visa_cconsumos	0.0052187983118107	0.00215257078502647	0.00691189450703694
Visa_Fvencimiento_lag1	0.00499564464254549	0.00502979260911717	0.00703578840768635
Visa_msaldototal_rank	0.00495230954792583	0.00239930308704882	0.00262177962430137
ccomisiones_otras	0.00481190547476767	0.00414816152179138	0.00919508210471882
ctrx_quarter_delta1	0.00452211040487004	0.00413701138725674	0.00593613384850623
Master_Fvencimiento_lag1	0.00445867276234556	0.00457121341468883	0.00619084739580408
diff_visa_compra_rank	0.00439328282820804	0.0021188224995228	0.00575683397986455
Master_fechaalta_lag1	0.0042876020584096	0.00317318880922159	0.00510504432862203
chomebanking_transacciones_lag1	0.00424292399151237	0.00241804510380664	0.00441093067405208
mcuenta_corriente_rank_delta1	0.00410928705791033	0.00564173617534149	0.00681570359038368
mrentabilidad_rank_delta1	0.00409997203991305	0.00438746751194616	0.00667334103373685
mtransferencias_recibidas_rank	0.0040999610093376	0.00308283138353962	0.00527664892393145
ccomisiones_mantenimiento_delta1	0.00408010035904218	0.000859081392903256	0.00041169712327597
mpasivos_margen_rank_delta1	0.00404665816239392	0.00340008539247353	0.00598076643383335
cliente_antiguedad_lag1	0.00395990067896404	0.00638188279987524	0.00753290306495042
Visa_fechaalta_lag1	0.00388336587379259	0.00265633353795045	0.00493728736997874
mttarjeta_visa_debitos_automaticos_rank	0.00374968612026053	0.00160726507058208	0.0040138545701074
Visa_msaldopesos_rank	0.00370135854060467	0.0025629486479328	0.00273336108761915
cprestamos_personales	0.00367888356435848	0.00518362436632973	0.00167141336776712
diff_comisiones_beneficios_rank	0.00363962859080929	0.00441910925921975	0.00415467807208778
Visa_mconsumospesos_rank	0.00362334599352307	0.00181083665466767	0.00406541290143355
mcuentas_saldo_rank_lag1	0.00350644249809926	0.005466041013145	0.00525510215860112
mactivos_margen_rank_lag1	0.00344916434954338	0.00533463044611092	0.00525279357660144
mrentabilidad_rank_lag1	0.0034319812395702	0.00392175538801354	0.00552443672523026
mcuenta_debitos_automaticos_rank	0.00342372419092784	0.00240629857616671	0.00286110262493469
mcaja_ahorro_rank_delta1	0.0033814358930533	0.00264880194322278	0.00451327780937115
ctarjeta_visa_transacciones	0.00335694895065548	0.00158604950445247	0.00342054899619007
Visa_mfinanciacion_limite_rank_delta1	0.00333684923744982	0.00167353292201774	0.00414852185342197
mpasivos_margen_rank_lag1	0.00326866100975399	0.00303889366173338	0.00528819183392985
chomebanking_transacciones_delta1	0.00326208152658013	0.00220731076112191	0.00372989898414697
mcaja_ahorro_rank_lag1	0.00308287671296566	0.00217157065983524	0.00412928367009132
Visa_mpagospesos_rank	0.00303090146609861	0.00189930185220925	0.00440015729138691
ctarjeta_debito	0.00299766940981676	0.00800529145210761	0.0063770730104448
Master_mfinanciacion_limite_rank_delta1	0.00297547183311552	0.00158384054670368	0.00349673220217946
internet	0.00288814399581187	0.00846102983430012	0.00308888271556962
diff_comisiones_consumo_rank_delta1	0.00281737059051583	0.00192724800118084	0.00408003392076485
mcomisiones_rank_delta1	0.00270602353503545	0.00136109993041067	0.00330281131420648
thomebanking	0.00268878038876975	0.00363313608299069	0.00300269565424829
mautoservicio_rank	0.00267469689585954	0.00142116103315107	0.00257483845697457
mcaja_ahorro_dolares_rank_delta1	0.00265332269780744	0.00326657467466322	0.00269565424829107
Master_fultimo_cierre	0.00265331743517026	0.00218364628294252	0.00488957667531872
mtarjeta_visa_consumo_rank	0.00252968368418551	0.00169247367354673	0.00224009406702121
ctransferencias_recibidas	0.00251771506464483	0.00101214558583332	0.00286110262493469
Visa_fultimo_cierre	0.00251700477969393	0.00149379739633751	0.00494344358864455
mcomisiones_otras_rank_lag1	0.00251538318612943	0.00131011263065317	0.00230319530834576
mcomisiones_rank_lag1	0.0024960582945434	0.00165010594384672	0.00365525483282404
mtransferencias_emitidas_rank	0.00247366943032589	0.00139434307214984	0.00259946333163781
mcomisiones_mantenimiento_rank	0.00246157069462322	0.00326821253739983	0.00370989127348309
Visa_mpagominimo_rank_delta1	0.00237864083584864	0.0013897325890779	0.00194998226239497
Master_mlimitecompra_rank_delta1	0.00233878638710064	0.00342394322485952	0.0027641421809482
cmobile_app_trx	0.00233257867970939	0.00139023955782921	0.00410927595942744
ccaja_ahorro	0.00230484113286914	0.00353401632923083	0.00171835453509391
mrentabilidad_annual_rank_delta2	0.00227088402557705	0.00559419747136006	0.00389534736079058
ccomisiones_otras_lag1	0.00221459573467536	0.00231912795504861	0.00290727426492825
Master_mfinanciacion_limite_rank_lag1	0.00215992506996387	0.00188790342507179	0.00259253758563877
Visa_mfinanciacion_limite_rank_lag1	0.00214560697974952	0.00239508661233736	0.00291650859292697
ccomisiones_mantenimiento	0.00213348015608123	0.00586318746991442	0.00163139794643936
Visa_cconsumos_lag1	0.00209323769666845	0.0010019831782148	0.00207310663571115
Master_mpagominimo_rank	0.00205733651550352	0.00143477895890944	0.000871104941211959
mcomisiones_mantenimiento_rank_delta1	0.00204671732299084	0.00296225733649546	0.00188918960307011
ctarjeta_debito_transacciones	0.00199724590178111	0.00145283509527741	0.00233089829234189
diff_visa_compra_rank_delta1	0.00195143534798658	0.00171110068466985	0.00216698897036473
Visa_mpagospesos_rank_delta1	0.00194623863632298	0.00161547395567544	0.00232551160100931
active_quarter	0.00193247175725594	0.00309007922428272	0.00720739300299577
mcuenta_corriente_rank_delta2	0.00190403679475317	0.00544962934722453	0.00280184902027628
Master_mlimitecompra_rank	0.00190354822482829	0.00200462338314858	0.00341516230485749
mtransferencias_recibidas_rank_delta1	0.00185365729376403	0.00129562273878031	0.00215236795103344
ctarjeta_visa_debitos_automaticos	0.00183834934320724	0.000820834042919279	0.00175913948375489
mcuentas_saldo_rank_delta2	0.0018240652121735	0.00313936831087754	0.00271643148628818
Visa_mpagominimo_rank_lag1	0.00182328680635329	0.00113434352502535	0.00159907779844386
ctarjeta_master	0.00181199403513752	0.000194329630593323	0.000317814788622385
ccaja_seguridad	0.00176213187118073	0.00229630067383833	0.00033859202661949
mrentabilidad_annual_rank_lag2	0.00175733601710822	0.00503571856156512	0.00275798596228239
ctrx_quarter_delta2	0.00175357513759652	0.00326586415695137	0.00245556172032453
ctransferencias_emitidas	0.0017351767065313	0.00142267306619325	0.00167141336776712
mpagomiscuentas_rank	0.00173225143039271	0.00125741918847992	0.00173143649975875
cliente_edad_lag2	0.00172887277419511	0.00724009836239556	0.00361446988416305
mactivos_margen_rank_delta2	0.00171406605566052	0.0057706753326435	0.00331512375153809
mcaja_ahorro_dolares_rank_lag1	0.00170145586157561	0.00196317890798563	0.00216621944303151
ccallcenter_transacciones	0.00169298614364883	0.00287140172087807	0.0014882658624593
mrentabilidad_rank_delta2	0.00162557224614414	0.00339198336350477	0.00240323386166515
Visa_mlimitecompra_rank	0.00160818284215458	0.00160576905337246	0.00281493098494112
mingresos_rank_delta1	0.00160347112583922	0.00140510728490352	0.00196460328172627
tcallcenter	0.00160063849799539	0.000954240484758767	0.000583301718585393
cproductos_delta1	0.0015970961152227	0.0021232269478763	0.000497884184597295
mttarjeta_visa_debitos_automaticos_rank_delta1	0.00159352365439735	0.00118600691946753	0.00141208265646992
mautoservicio_rank_delta1	0.00159016893789713	0.00225260602139679	0.00135282905181151
Master_status	0.00158358046731455	0.00284413588294001	0.000644863905243482
ccuenta_debitos_automaticos	0.00157792401579744	0.00114654878512714	0.00131281363048375
mcomisiones_otras_rank_delta1	0.0015745830607476	0.00103900234353703	0.00211466111170536
diff_comisiones_beneficios_rank_delta1	0.00157144809124607	0.00286383479062981	0.00207002852637824
mcuenta_corriente_rank_lag2	0.00150802660632156	0.00759774128041122	0.00269257613895817
chomebanking_transacciones_delta2	0.00150644955365808	0.00258837955602343	0.00166679620376776
mtransferencias_recibidas_rank_lag1	0.00148530250694813	0.0010269537176485	0.00171142878909487
diff_visa_compra_rank_lag1	0.00147359821252869	0.00110893851286833	0.00175760042908844
mingresos_rank_lag1	0.00146784877320701	0.00110916251426732	0.00143132083980057
mpasivos_margen_rank_delta2	0.00146571881199109	0.00374332900718604	0.0024193939356629
mprestamos_personales_rank_delta1	0.00145054526380818	0.00452532585179636	0.00110581077784592
cproductos_lag1	0.0014177222493644	0.00361791635371797	0.00308657413356994
internet_lag1	0.00141293467744576	0.00929102902393896	0.00145440665979735
Visa_mlimitecompra_rank_delta1	0.00141222918948038	0.002447769136055	0.00259407664030523
Visa_mpagado_rank	0.0013986180245458	0.00102273478864442	0.00143747705846638
Visa_cconsumos_delta1	0.00137112160521311	0.00114633123411258	0.00151135168245609
mcomisiones_mantenimiento_rank_delta2	0.00136919378557438	0.00136295251228574	0.000514044258595043
Visa_mconsumospesos_rank_delta1	0.00136082315486777	0.00103167414044345	0.00132974323181472
chomebanking_transacciones_lag2	0.00134021607203922	0.00231098338500786	0.00153905466645223
ccajas_consultas	0.0013401581455671	0.00715417832922564	0.00130896599381762
Visa_Fvencimiento_lag2	0.00133364479866765	0.00294137898387801	0.00211389158437213
diff_comisiones_consumo_rank_delta2	0.00131913957738671	0.00162013094444589	0.00149519160845834
minversiones_rank	0.00129961084167919	0.00228836204412016	0.000706426091901571
mcomisiones_rank_delta2	0.00128777395764421	0.00116750438503136	0.00131820032181633
ctarjeta_visa_transacciones_lag1	0.00128075407110546	0.000791909354896234	0.00100654175185976
Visa_msaldototal_rank_delta1	0.00127783549423709	0.00153349290482512	0.00136283290714345
mcaja_ahorro_rank_delta2	0.00126708345868849	0.00172605922057089	0.00160754259910935
tmobile_app	0.00126347980952789	0.00230891979689854	0.000396306576611448
Visa_mconsumospesos_rank_lag1	0.0012609299489479	0.000717785595989622	0.00117660729250273
active_quarter_lag1	0.00124397033629205	0.00140823216577681	0.0019361307703969
mtransferencias_emitidas_rank_delta1	0.00123327795086716	0.00131611416272752	0.0011758377651695
cpagomiscuentas	0.0012280431941535	0.000758912775168939	0.00112120132451045
mtarjeta_master_consumo_rank	0.00122628688356124	0.0011133170967535	0.0005363605512586
Visa_msaldopesos_rank_delta1	0.00122374306945968	0.000929536613657201	0.00132666512248182
mextraccion_autoservicio_rank	0.00117181628178577	0.000814726913331927	0.00126279435382405
mrentabilidad_rank_lag2	0.00116061025332838	0.00380228731444505	0.00198461099239014
mcomisiones_mantenimiento_rank_lag1	0.00112717091822965	0.00232766905067303	0.0010342447358559
mttarjeta_visa_debitos_automaticos_rank_lag1	0.00112252885650741	0.000535742909390736	0.00113813092584142
Master_Fvencimiento_lag2	0.0011179023302363	0.00192837285383046	0.00170219446109616
Master_fechaalta_lag2	0.00111530344146258	0.0022286350712935	0.00160831212644258
Visa_mpagospesos_rank_lag1	0.00111005432753848	0.000808057939527626	0.00135898527047731
mtarjeta_visa_consumo_rank_delta1	0.00110958211045684	0.000973742325337752	0.00101808466185815
mcaja_ahorro_rank_lag2	0.00110235905460862	0.00161893689962372	0.00146594956979574
ctarjeta_debito_lag1	0.00109853327064138	0.00322525256801281	0.00183147505307815
Master_cconsumos	0.00109777981966142	0.000981071409459445	0.000986534041195876
mtransferencias_emitidas_rank_lag1	0.00109675701860931	0.000813247541260687	0.000865718249879377
mprestamos_personales_rank_lag1	0.00108339218030537	0.00263564234087749	0.000689496490570597
Visa_mconsumosdolares_rank	0.00107849280966566	0.000953162295134106	0.00112043179717722
mactivos_margen_rank_lag2	0.00106703657255107	0.00379191924969156	0.00181146734241427
mcuentas_saldo_rank_lag2	0.00104144170920857	0.00283648654509743	0.00165833140310227
diff_master_compra_rank	0.00102902900855522	0.00136029592932244	0.00113813092584142
mtarjetas_consumo_rank_delta1	0.00102371205835143	0.00108283808633861	0.00110658030517915
Visa_msaldototal_rank_lag1	0.00101297953939506	0.000660209401590684	0.000691805072570275
diff_visa_compra_rank_delta2	0.00100118035010082	0.0017770402587357	0.00106733441118462
mtarjetas_consumo_rank_lag1	0.000992966170546981	0.000604054683129518	0.0009165070538723
ctarjeta_debito_transacciones_lag1	0.000979689796594506	0.000838806450150749	0.000872643995878412
cliente_antiguedad_lag2	0.000971845425273764	0.0043202059551893	0.00218930526302829
ccomisiones_otras_delta1	0.000953306175013653	0.000848976440904143	0.00107502968451688
Visa_fechaalta_lag2	0.000944727812891735	0.00260095893842246	0.00158214819711289
diff_comisiones_beneficios_rank_lag1	0.000944542126435233	0.00140062820088231	0.000921893745204883
diff_comisiones_consumo_rank_lag1	0.000940241020395859	0.000682644467962015	0.00126587246315696
mpasivos_margen_rank_lag2	0.000933789930302209	0.00175353423975639	0.00163062841910613
matm_rank	0.000919863033076409	0.000852505052912502	0.000957292002533284
ccajas_transacciones	0.000911488823393391	0.00116944982097701	0.000657945869908326
mcomisiones_rank_lag2	0.000909479523999984	0.00157300858918079	0.00115198241783949
ctransferencias_recibidas_delta1	0.000908005395871929	0.00130390292422065	0.000922663272538109
ctransferencias_recibidas_lag1	0.000896516362299522	0.000517311675301542	0.00088880406987616
Master_mfinanciacion_limite_rank_delta2	0.000891184354544678	0.00173193715698641	0.00119738453049983
ctarjeta_visa_transacciones_delta1	0.000879299031343948	0.00151356902031233	0.000807234172554192
mcuenta_debitos_automaticos_rank_delta1	0.000879027290291429	0.00129440544110888	0.000939592873869083
Master_msaldopesos_rank	0.000857040947543287	0.00218636910034112	0.000856483921880663
ccallcenter_transacciones_delta1	0.00085582703444833	0.00206063383325542	0.000654098233242196
ctrx_quarter_lag2	0.000847498501938073	0.00268815712313453	0.00162601125510678
mcomisiones_otras_rank_lag2	0.000832683541031377	0.00234860945284222	0.000878030687210995
ctarjeta_visa_debitos_automaticos_lag1	0.000824582099755221	0.000584717752135045	0.000637938159244447
Master_msaldototal_rank	0.000802825894886469	0.00101706593908047	0.000687187908570919
ccajas_otras	0.000801269822892877	0.00486996570728411	0.000694113654569954
Master_mpagospesos_rank	0.000798934196170074	0.000773975272387897	0.000721047111232867
mcuenta_debitos_automaticos_rank_lag1	0.00079099600241294	0.000732408145524811	0.000845710539215498
Visa_mfinanciacion_limite_rank_delta2	0.000782503811400382	0.00128134416779461	0.00112427943384335
Visa_mpagospesos_rank_delta2	0.000779538429164052	0.0012445142661913	0.000894190761208743
mautoservicio_rank_lag1	0.000777733804628764	0.00052797545084977	0.000876491632544542
ccajas_transacciones_delta1	0.000771219154192013	0.000407612535901031	0.00019392088797298
mcaja_ahorro_dolares_rank_delta2	0.000770699618143352	0.00179775215996943	0.000911889889872943
ctarjeta_debito_transacciones_delta1	0.000768806777816088	0.00106907271423163	0.000818007555219358
Master_fultimo_cierre_lag1	0.000764989671426214	0.000799775079537645	0.00107810779384978
cextraccion_autoservicio	0.000763976461207157	0.000899347272701382	0.00083339810188388
Visa_msaldopesos_rank_lag1	0.000756122220333994	0.00123525444041435	0.000715660419900285
cmobile_app_trx_lag1	0.000746944498743848	0.000789240846588048	0.00121662271383048
diff_visa_compra_rank_lag2	0.000735960846402732	0.000458377029940556	0.000575606445253132
mextraccion_autoservicio_rank_delta1	0.000735107540016423	0.0010209898180609	0.000618699975913795
ccomisiones_otras_lag2	0.000726483102809167	0.00146362869661188	0.00101192844319234
minversiones_rank_delta1	0.000721235539722717	0.00165743452452378	0.000386302721279509
matm_rank_delta1	0.000717085675542329	0.000592808705321758	0.000502501348596652
mpagomiscuentas_rank_lag1	0.00071489888654558	0.00110488487103223	0.000628703831245734
thomebanking_delta1	0.000698983214125244	0.00125451236206582	0.000797999844555479
Visa_mconsumosdolares_rank_lag1	0.000676611272095227	0.00143074051480839	0.000430935306606623
ccajas_consultas_delta1	0.000671474759004818	0.00927295038988869	0.000984225459196198
cproductos_delta2	0.000670761490405039	0.00130597906698066	0.000274721257961722
ccomisiones_mantenimiento_delta2	0.000663986344657075	0.00195940788738367	0.000260100238630426
Master_mconsumospesos_rank	0.000661957424424045	0.000543072685748809	0.000520970004594078
mtransferencias_recibidas_rank_delta2	0.000644389121857089	0.00147074740380512	0.00088880406987616
Visa_mfinanciacion_limite_rank_lag2	0.000643671039765291	0.00188387067618821	0.000983455931862972
mcaja_ahorro_dolares_rank_lag2	0.000626579579245842	0.0014602969629226	0.000730281439231581
mpagomiscuentas_rank_delta1	0.000619803944004791	0.000697880653581374	0.000602539901916046
diff_comisiones_beneficios_rank_delta2	0.000611847335202708	0.000760640754495897	0.000544055824590862
Visa_mconsumospesos_rank_delta2	0.000609900985097373	0.00171638263702885	0.000644094377910256
mingresos_rank_delta2	0.000609256425981473	0.000901468914270626	0.000677184053238979
ccomisiones_mantenimiento_lag1	0.000598555579449766	0.00180526204364705	0.000484032692599225
cseguro_accidentes_personales	0.000595011844028942	0.000420949633946805	0.000846480066548724
mcuenta_debitos_automaticos_rank_delta2	0.000584440626519427	0.00178761898360525	0.00046710309126825
Master_mfinanciacion_limite_rank_lag2	0.000583883828010272	0.00135188635860992	0.000872643995878412
mpayroll_rank_lag1	0.000576695630556432	0.000587997442234787	0.000283186058627209
ctransferencias_emitidas_delta1	0.000574778436760244	0.00102355326376602	0.000510196621928913
mcomisiones_otras_rank_delta2	0.000571631033250411	0.000897967268015735	0.000787226461890313
tcallcenter_delta1	0.000567425897440998	0.000898801633108747	0.000317814788622385
tmobile_app_delta1	0.000566463893694247	0.00138929352242225	0.000191612305973302
Master_mpagospesos_rank_delta1	0.000559304770969073	0.000815502784450963	0.000431704833939849
Visa_msaldodolares_rank	0.000558978235947774	0.000990503696490485	0.000443247743938241
ccomisiones_otras_delta2	0.000550899152888053	0.00104932934608716	0.000497884184597295
mtarjeta_visa_consumo_rank_lag1	0.000550398517293002	0.000379912476961971	0.000577915027252811
ctarjeta_debito_transacciones_delta2	0.000549565499986059	0.00111522452262892	0.000387841775945961
Visa_mpagominimo_rank_delta2	0.000545495182011151	0.0012431153508664	0.000709504201234476
ctarjeta_master_transacciones	0.000542945288189835	0.00052073645185314	0.000365525483282404
Master_mlimitecompra_rank_lag1	0.000542785729429686	0.000812612319987627	0.000584071245918619
diff_master_compra_rank_lag1	0.000538895165805788	0.000816724204075376	0.000432474361273075
Visa_cconsumos_lag2	0.000535611574998974	0.0011560087930786	0.000674105943906075
Visa_mpagado_rank_delta1	0.000512700645569034	0.000733707661998824	0.000489419383931808
ctransferencias_emitidas_lag1	0.000509822368976474	0.000458154947924247	0.000427087669940492
cseguro_vivienda	0.000509010538343249	0.000706052566959071	0.00071258231056738
mextraccion_autoservicio_rank_lag1	0.000502172227677695	0.0012675339261842	0.000512505203928591
Visa_mconsumototal_rank	0.000494979718089011	0.000254104210403638	0.000619469503247021
mttarjeta_visa_debitos_automaticos_rank_delta2	0.000493569417833586	0.00117509176771807	0.000580993136585715
cpayroll_trx_lag1	0.000486208378593495	0.000556954353567361	0.000213928598636859
Visa_fultimo_cierre_lag1	0.000480997746028637	0.000866004165736113	0.000986534041195876
Visa_mpagospesos_rank_lag2	0.000480843390703903	0.00139681294008271	0.000596383683250237
Visa_mpagado_rank_lag1	0.000480304252941216	0.000457928523697927	0.000416314287275327
Visa_mlimitecompra_rank_delta2	0.00047741565801927	0.00163568776136961	0.000683340271904788
mprestamos_personales_rank_delta2	0.000472241353528166	0.00139591652543796	0.00033859202661949
cdescubierto_preacordado_delta1	0.000465618355768921	0.00387984012918269	0.000350134936617881
ccallcenter_transacciones_lag1	0.000463275417385084	0.000819860192196018	0.000302424241957862
catm_trx	0.000459283712950742	0.00139517013729559	0.000604848483915724
mtransferencias_recibidas_rank_lag2	0.000453607720187004	0.000650605628729538	0.0005186614225944
ccaja_ahorro_lag1	0.000449934456729012	0.000617309436511552	0.000348595881951429
Visa_mpagominimo_rank_lag2	0.000449600341191093	0.000818691130814045	0.000555598734589253
thomebanking_lag1	0.000447043105944669	0.000485532267384518	0.000881878323877125
Visa_mpagosdolares_rank	0.000446738582364116	0.000376573128672527	0.000299346132624958
matm_rank_lag1	0.000442557340746583	0.000377175594578772	0.000346287299951751
cdescubierto_preacordado_lag1	0.000440508528825777	0.00120983976841332	0.000851866757881307
mttarjeta_master_debitos_automaticos_rank	0.000439780825920524	0.000487390764734096	0.000355521627950464
cproductos_lag2	0.000429759616201734	0.00319986347729248	0.00109657644984721
mtarjeta_visa_consumo_rank_delta2	0.000429596412539485	0.000789529697949584	0.00042554861527404
Master_mpagominimo_rank_delta1	0.000429495030948175	0.000742464074602217	0.000373990283947891
mpayroll_rank_delta1	0.000429184896706811	0.00125575870219985	0.000334744389953359
ctarjeta_debito_lag2	0.000425798400485379	0.00140267715763182	0.000642555323243804
matm_other_rank	0.000423315525646192	0.00101224828853964	0.000658715397241552
Visa_status_lag1	0.00041943060238293	0.00414356088735519	0.000347056827284977
ctarjeta_visa	0.000406316692526622	0.000557824054180962	0.000431704833939849
cpagomiscuentas_lag1	0.00039754002237268	0.000310189453504643	0.000349365409284655
Visa_cconsumos_delta2	0.000395011692558621	0.00032843702469653	0.000410158068609518
cprestamos_personales_lag1	0.000391286062565244	0.00294858154606891	0.000502501348596652
diff_master_compra_rank_delta1	0.00039089522690235	0.000993449728655833	0.000486341274598903
Visa_msaldopesos_rank_delta2	0.000389702939524279	0.000910417139281418	0.000460177345269215
Master_mpagado_rank	0.000385788139760809	0.000419220930918178	0.000232397254634286
Master_mpagospesos_rank_lag1	0.000382743903089095	0.000368754004125499	0.000265486929963009
mextraccion_autoservicio_rank_delta2	0.000378018028775472	0.000709882050069718	0.000253944019964617
mautoservicio_rank_delta2	0.000376190713423215	0.000786653172609686	0.00043555247060598
cextraccion_autoservicio_delta1	0.000374783740848368	0.000466069223508015	0.000303963296624314
mingresos_rank_lag2	0.000373432750333392	0.000539749070104328	0.000474798364600511
mpagomiscuentas_rank_delta2	0.00036744858675595	0.000633689228093332	0.000257791656630748
Visa_mlimitecompra_rank_lag1	0.00036560807666111	0.000978622371548504	0.000644094377910256
Visa_msaldototal_rank_delta2	0.000361703925552286	0.00090657050758776	0.000507118512596008
mtarjetas_consumo_rank_delta2	0.000356660213868071	0.00055469678194563	0.000378607447947247
catm_trx_delta1	0.000353199720030488	0.000503031373724896	0.000257791656630748
mplazo_fijo_dolares_rank	0.000351971167278824	0.000432726462660935	0.000310119515290123
ccuenta_debitos_automaticos_lag1	0.000351370407680332	0.000317594117252743	0.000300115659958184
Master_cconsumos_delta1	0.000349542249050935	0.00019912081882532	0.000212389543970407
mplazo_fijo_dolares_rank_delta1	0.000349050180303634	0.000810294303543945	0.000223162926635573
catm_trx_other	0.000347430240073595	0.000953191966902508	0.000420931451274684
matm_rank_delta2	0.000346984138178422	0.000615462770110986	0.000200846633972015
Visa_mconsumosdolares_rank_delta1	0.0003459498741453	0.0010831133446949	0.000375529338614343
Master_mconsumospesos_rank_lag1	0.000345639001534963	0.000309651963422099	0.000203155215971694
Visa_Finiciomora	0.000344538041691798	0.0071935185001941	0.000842632429882593
mtransferencias_emitidas_rank_delta2	0.000343522712836129	0.000690083712063746	0.000343209190618846
mcaja_ahorro_adicional_rank	0.000340132937227277	0.00196085557390795	0.000597153210583463
Master_cconsumos_lag1	0.000339581962816906	0.00027104458759077	0.000327818643954324
mttarjeta_visa_debitos_automaticos_rank_lag2	0.000336856305828545	0.000489070035792247	0.000354752100617238
cmobile_app_trx_delta2	0.000331397974116413	0.0018514951898188	0.000452482071936954
ctarjeta_visa_transacciones_lag2	0.000325914844367035	0.000337152595353597	0.000311658569956576
tcuentas	0.000324886696726171	0.00292597568610385	0.000841862902549367
cmobile_app_trx_delta1	0.000322056369910462	0.00130929295985055	0.000587149355251524
mprestamos_prendarios_rank	0.000319287558978347	0.00543360379187675	0.000614852339247664
Visa_mconsumospesos_rank_lag2	0.000314771381273799	0.0003105172903604	0.000397076103944674
ctransferencias_recibidas_delta2	0.000306136428810434	0.00101043258398437	0.000362447373949499
internet_delta1	0.000302776061238881	0.0032641974405439	0.000931128073203596
Master_msaldototal_rank_delta1	0.000301791531793966	0.000766874217222309	0.000318584315955611
Master_mpagado_rank_delta1	0.000296872165934444	0.00022282705144444	0.000108503353984882
mautoservicio_rank_lag2	0.000292380090224781	0.000603653437752361	0.000302424241957862
cextraccion_autoservicio_lag1	0.000292077146093136	0.000778767404578592	0.000265486929963009
ctarjeta_visa_debitos_automaticos_delta1	0.000291361874870234	0.000443447410640963	0.000317045261289158
Master_mlimitecompra_rank_delta2	0.000290353383210451	0.00084425708792905	0.000464794509268572
cpagomiscuentas_delta1	0.000288166515675416	0.000274640283597255	0.000230858199967834
Master_mpagominimo_rank_lag1	0.000286715530352975	0.000736635821879493	0.000251635437964939
matm_other_rank_delta1	0.000280187363655903	0.00100195089482733	0.000327818643954324
cliente_edad_delta1	0.00027843435999181	0.000595776133884257	0.000476337419266964
cseguro_vida	0.00027779921509792	0.000343017284882057	0.000427857197273719
ctransferencias_emitidas_delta2	0.000270201444999516	0.000828691712446468	0.000246248746632356
Master_msaldopesos_rank_delta1	0.000269403365674549	0.000545651580911281	0.000288572749959792
ctarjeta_visa_transacciones_delta2	0.000267919896123479	0.000518655809556672	0.000298576605291732
cextraccion_autoservicio_delta2	0.000264062461168711	0.000654451064742179	0.000171604595309423
mcuenta_debitos_automaticos_rank_lag2	0.000260036592758225	0.000570783694608763	0.000247018273965582
catm_trx_delta2	0.000259183319569732	0.00040770004087232	0.000132358701314891
tcallcenter_lag1	0.000248375039835245	0.000223044350736681	0.000140053974647153
ctransferencias_recibidas_lag2	0.000244979006926116	0.000394426691503939	0.000293189913959149
foto_mes	0.000244020238190449	0.000501405625124913	0.000427087669940492
ctarjeta_master_transacciones_delta2	0.000241591892704747	0.000880839105978314	0.0001208157913165
mpagomiscuentas_rank_lag2	0.00023870355901719	0.000467447308810978	0.000197768524639111
ccajas_otras_delta1	0.000237999617167291	0.00130175519792606	0.00019392088797298
Master_mconsumospesos_rank_delta1	0.000237824037803166	0.000202902537625858	0.000173913177309101
mttarjeta_master_debitos_automaticos_rank_delta1	0.00023508407478064	0.000542591203882335	0.000179299868641684
mtarjetas_consumo_rank_lag2	0.000233455260700201	0.000338108573792179	0.000277029839961401
ctarjeta_visa_debitos_automaticos_delta2	0.000230697344020789	0.000526862523545028	0.000170835067976197
ctarjeta_master_transacciones_delta1	0.000229662648840349	0.00043673995478708	0.00014851877531264
diff_comisiones_beneficios_rank_lag2	0.000227647064740047	0.000674686078041768	0.000267795511962687
minversiones_rank_lag1	0.000225769737858197	0.000582602026040308	0.000263947875296557
ctarjeta_debito_transacciones_lag2	0.000225026955638155	0.000453231322286944	0.000270104093962366
Visa_msaldototal_rank_lag2	0.000224311759085129	0.000446026588991044	0.000243940164632678
ctarjeta_visa_debitos_automaticos_lag2	0.000222667373857962	0.000567392711778548	0.000252404965298165
ccajas_extracciones	0.000221512743631668	0.000733227375813368	0.000242401109966225
diff_comisiones_consumo_rank_lag2	0.000221280484847365	0.000637050696481595	0.000414005705275649
Visa_msaldopesos_rank_lag2	0.00022110638355287	0.000476674599478138	0.000252404965298165
ctarjeta_master_delta1	0.000219719018404068	0.00189777836580154	0.000219315289969442
cplazo_fijo	0.000217941043240324	0.00084085506078207	0.000130050119315213
mpayroll_rank_delta2	0.000216000827004516	0.000555348868614091	0.000126972009982309
matm_other_rank_lag1	0.000213056964891114	0.00060956173817266	0.000220854344635894
thomebanking_delta2	0.000211352326206985	0.00177181091634146	0.000373990283947891
tcuentas_lag1	0.000206918288491872	0.00102704204071733	0.000273951730628496
Master_Finiciomora	0.000205201603609098	0.0016814022337022	0.000219315289969442
mforex_sell_rank	0.000203907418238733	0.000391979226857495	0.000180838923308136
cliente_edad_delta2	0.000203412977636099	0.000575930283290494	0.000361677846616273
catm_trx_lag1	0.000202874885056057	0.000542367517136239	0.000195459942639433
mtarjeta_master_consumo_rank_lag1	0.000202432630471077	0.0003506248682849	0.000153135939311996
ctarjeta_master_debitos_automaticos	0.000199817720437605	0.000395728945458176	0.000173143649975875
tmobile_app_delta2	0.000199659051518684	0.000411211661624118	8.46480066548724e-05
Visa_mpagado_rank_delta2	0.00019897380754275	0.000850072723070513	0.000234705836633964
ccajas_transacciones_lag1	0.000198942143216261	0.000198136553091093	0.000105425244651977
matm_other_rank_delta2	0.000197338494991193	0.000278376975567906	0.000114659572650691
Master_msaldopesos_rank_lag1	0.000196975371403462	0.000318644239838789	0.000205463797971372
Visa_mconsumototal_rank_lag1	0.000196434448802979	0.000160269964580531	0.000198538051972337
diff_master_compra_rank_delta2	0.000194912334318592	0.000853455052945998	0.000219315289969442
mtarjeta_master_consumo_rank_delta2	0.000192415764944736	0.000437085600996936	0.000113120517984239
Master_mpagospesos_rank_delta2	0.000192370541032422	0.000829989152211346	0.000207002852637824
mtarjeta_master_consumo_rank_delta1	0.000189777487650759	0.000650079812269557	0.000242401109966225
Visa_Fvencimiento_delta1	0.00018878275015726	0.000502580633446682	0.000183147505307815
mtransferencias_emitidas_rank_lag2	0.000185136981832692	0.000369636259389781	0.000196229469972659
ccajas_extracciones_delta1	0.00018257653258577	0.000464253613348608	0.000117737681983595
internet_delta2	0.000181938789982078	0.00334282879102439	0.000705656564568345
active_quarter_delta1	0.000181158667710283	0.0031333223498138	0.00069873081856931
mforex_sell_rank_delta1	0.000179939397011128	0.000544499731042898	0.000128511064648761
Visa_mconsumototal_rank_delta1	0.000179921799392439	0.000162182267575885	0.00022162387196912
ctarjeta_master_transacciones_lag1	0.000179557137420328	0.000206803195222322	0.000117737681983595
mplazo_fijo_dolares_rank_lag1	0.000179288448414267	0.000378223199941624	0.000125432955315856
catm_trx_lag2	0.000178854464496838	0.000594988337420338	0.000126202482649082
Visa_msaldodolares_rank_lag1	0.000176443450626871	0.000737485416172831	0.000143132083980057
matm_rank_lag2	0.000175967318478489	0.000246799008436999	0.00011081193598456
internet_lag2	0.000174647082363832	0.00260955450046374	0.000507118512596008
Master_cconsumos_delta2	0.000173029422781947	0.000309372646043411	8.54175339880985e-05
Master_msaldototal_rank_lag1	0.000172819793345879	0.000328078729440124	0.00017622175930878
cmobile_app_trx_lag2	0.000171770423939415	0.000336994104688231	0.000333205335286907
Visa_mconsumosdolares_rank_delta2	0.000171128914464096	0.00126244727887978	0.00020392474330492
ccajas_consultas_lag1	0.000170171126787889	0.00199023528148864	0.000313967151956254
Visa_msaldodolares_rank_delta1	0.000168873216634571	0.000849463617988093	0.000181608450641363
mprestamos_personales_rank_lag2	0.000168162246298861	0.000643181519432263	0.000240092527966547
ccajas_consultas_delta2	0.000165376658094136	0.00596929871670035	0.000571758808587002
ccallcenter_transacciones_delta2	0.00016282196269135	0.00140216641304572	0.000230088672634608
cpagomiscuentas_lag2	0.000159523359848664	0.00025069264927381	0.0001385149199807
ccuenta_debitos_automaticos_delta1	0.000158884436187946	0.000214813974850299	0.000100038553319395
Master_msaldopesos_rank_delta2	0.000158613933842712	0.000662163553421642	0.00014851877531264
mttarjeta_master_debitos_automaticos_rank_lag1	0.000157856494779955	0.000287524816377999	0.000133128228648117
minversion1_pesos_rank	0.000157211562944122	0.00139673197989173	0.000183917032641041
ccomisiones_mantenimiento_lag2	0.000156365274064119	0.000111012185949193	9.46518619868118e-05
mforex_sell_rank_lag1	0.000152971657174322	0.000102024188811932	8.2339424655194e-05
tmobile_app_lag1	0.000148969080321391	0.000184083367977145	5.30973859926018e-05
active_quarter_lag2	0.000148960269049549	0.000811237821727717	0.00054636440659054
Visa_madelantopesos_rank	0.000148656121399563	0.000207688471154437	4.30935306606623e-05
mpayroll_rank_lag2	0.000144969644760569	0.000381364505696263	8.46480066548724e-05
Master_delinquency_lag1	0.000143985972008423	5.30767208698603e-05	3.00115659958184e-05
minversion1_dolares_rank	0.000143731637984281	0.00131180130983301	0.000117737681983595
mbeneficios_rank	0.000143242845230923	0.000457882458513473	0.000190842778640076
Master_mpagado_rank_lag1	0.000141504666240263	0.000358713493040158	0.000100038553319395
cseguro_accidentes_personales_lag1	0.000141214188375921	0.000171134834796687	0.00023162772730106
mextraccion_autoservicio_rank_lag2	0.000140814897765554	0.000422636897188597	0.000150057829979092
Master_mpagominimo_rank_delta2	0.000140743276317867	0.000852307010377697	0.000166987431310066
Visa_delinquency	0.000138914266604996	0.000338613591695519	0.000354752100617238
mtarjeta_visa_consumo_rank_lag2	0.000138206636864629	0.000319057693748439	0.000202385688638468
minversiones_rank_delta2	0.000137469658784016	0.000995944296841299	0.000145440665979735
cpagomiscuentas_delta2	0.000134686424306259	0.000210235523443502	9.84994986529424e-05
cseguro_vivienda_lag1	0.00012955455322228	0.000583058839119478	0.000242401109966225
ccallcenter_transacciones_lag2	0.000129349527297167	0.000911139771129897	0.000142362556646831
cprestamos_personales_delta2	0.00012915518628168	0.000741318895375299	0.000125432955315856
Master_msaldopesos_rank_lag2	0.000129064570251685	0.0010245286248232	0.0001208157913165
diff_master_compra_rank_lag2	0.000126879817568734	0.000315756764577996	0.000113890045317465
mtarjeta_master_descuentos_rank	0.000125813197290639	0.000120184789942459	7.00269873235763e-05
cprestamos_personales_delta1	0.000125421659804279	0.00242391281400293	0.000238553473300095
mtarjeta_visa_descuentos_rank_delta2	0.000124573623000329	7.37840911018433e-05	4.15544759942101e-05
ccajas_transacciones_delta2	0.00012316309719603	0.00127051176975766	0.000188534196640398
Master_fultimo_cierre_lag2	0.000121495287175076	0.00031119596519885	0.000186995141973945
cprestamos_personales_lag2	0.000120956515826711	0.00114451619032839	0.000170065540642971
Visa_fultimo_cierre_lag2	0.000118927530291001	0.000291681664365054	0.000183147505307815
cinversion2	0.000117495076696618	0.00107895863634756	0.000166987431310066
Master_mpagospesos_rank_lag2	0.000116469428293477	0.000438487348197924	0.000108503353984882
ccajeros_propios_descuentos	0.000115127044597412	6.37377904031553e-05	7.31050966564807e-05
cprestamos_prendarios	0.000112843349234463	0.00355345177804806	0.000337822499286263
Master_fultimo_cierre_delta1	0.000112828106642244	8.15235140694839e-05	0.000144671138646509
Master_Fvencimiento_delta1	0.000112765328516599	0.000215800726342431	0.000116198627317143
minversion1_pesos_rank_lag1	0.000112019179105212	0.000903850773787571	0.00010696429931843
Visa_mconsumosdolares_rank_lag2	0.000111464268960046	0.000722859908900388	0.000142362556646831
ccajeros_propios_descuentos_delta1	0.000109455532386824	0.000129547475752178	3.15506206622706e-05
Visa_mpagado_rank_lag2	0.00010617784473366	0.00042972706536387	0.000191612305973302
active_quarter_delta2	0.000103664373308046	0.00174514339089138	0.000354752100617238
mbeneficios_rank_delta2	0.000103633580095012	0.000207932956457175	5.38669133258279e-05
mcomisiones_mantenimiento_rank_lag2	0.000103232773542928	0.000585358731556162	0.000199307579305563
Visa_cadelantosefectivo	0.000102110404182322	3.27853217707212e-05	9.23432799871335e-05
cpayroll_trx_delta1	0.000101049760785685	0.000212992291889936	8.77261159877768e-05
mttarjeta_master_debitos_automaticos_rank_delta2	9.99154498181877e-05	0.000316835772300196	7.69527333226113e-05
cextraccion_autoservicio_lag2	9.85058265896062e-05	0.000162012669663175	7.77222606558374e-05
Master_cconsumos_lag2	9.75056502020487e-05	8.1199358652649e-05	7.69527333226113e-05
Visa_mpagosdolares_rank_delta1	9.71574297273646e-05	0.00017675903511423	9.84994986529424e-05
thomebanking_lag2	9.67343566640474e-05	0.000131810050355008	0.000212389543970407
mprestamos_hipotecarios_rank	9.65127982838117e-05	0.00100841433735783	8.92651706542291e-05
cseguro_auto	9.21219099632919e-05	0.000420157243550556	0.000121585318649726
ccheques_emitidos	9.12415330703372e-05	0.000243472749708165	5.00192766596973e-05
ctarjeta_master_debitos_automaticos_lag1	9.08759263350462e-05	0.000226025970144937	7.23355693232546e-05
Visa_mpagosdolares_rank_lag1	9.04387790704943e-05	0.000380174394035329	8.92651706542291e-05
Master_mlimitecompra_rank_lag2	8.96018764756725e-05	0.000528560956964745	0.000173913177309101
Master_delinquency	8.86433519698904e-05	0.000102048826133945	0.000136975865314248
mprestamos_prendarios_rank_lag1	8.82932984189087e-05	0.0008234746415153	8.92651706542291e-05
Master_msaldototal_rank_delta2	8.7930322724908e-05	0.000487873222024557	0.000133128228648117
catm_trx_other_delta2	8.7382260797291e-05	0.000348707436447287	6.54098233242196e-05
mcajeros_propios_descuentos_rank	8.7005860533685e-05	0.00017010683230946	6.38707686577673e-05
mcheques_emitidos_rank	8.67242797018739e-05	0.000680993326873061	9.61909166532641e-05
ccajas_depositos	8.65353854169607e-05	0.00020806111458305	0.000153135939311996
Visa_delinquency_lag1	8.57422984956434e-05	6.52527182520132e-05	0.000103116662652299
Master_mconsumospesos_rank_delta2	8.57413724748671e-05	0.00035622405369695	9.77299713197163e-05
mtarjeta_master_descuentos_rank_lag1	8.5329030138487e-05	5.54565036776703e-05	2.84725113293662e-05
Master_status_delta1	8.48554731676138e-05	0.000687408564579385	0.000149288302645866
cpayroll_trx_lag2	8.40783223600897e-05	0.000263076569291805	6.38707686577673e-05
cseguro_vida_lag1	8.38741260931419e-05	8.92373557564132e-05	9.38823346535857e-05
ccheques_depositados_delta1	8.19639400027873e-05	0.000958001090349764	7.69527333226113e-05
catm_trx_other_lag1	8.07489543385946e-05	0.000437412273636965	0.000104655717318751
ctarjeta_master_delta2	8.02937285385734e-05	0.00151238491852177	0.000150827357312318
mplazo_fijo_dolares_rank_delta2	7.99741608972733e-05	0.000268093772701352	5.84840773251846e-05
ccuenta_debitos_automaticos_delta2	7.97763224892148e-05	0.000286297827397269	6.54098233242196e-05
cseguro_accidentes_personales_lag2	7.92954845543733e-05	0.000422299715141732	0.000125432955315856
ccajas_otras_lag1	7.89149214797134e-05	0.000431699561458856	5.92536046584107e-05
ccuenta_debitos_automaticos_lag2	7.88311595060384e-05	0.000117271513143925	7.69527333226113e-05
Master_mpagominimo_rank_lag2	7.86803249739262e-05	0.000263163979867224	7.5413678656159e-05
tcuentas_delta1	7.80570384878258e-05	0.00233965040377169	0.000226241035968477
Visa_fultimo_cierre_delta1	7.76901820575889e-05	3.60629351613274e-05	0.000136975865314248
ccajas_transacciones_lag2	7.74909437588025e-05	0.000424845099770431	8.15698973219679e-05
mcaja_ahorro_adicional_rank_delta1	7.60096514028494e-05	0.00175906986528278	0.000186995141973945
ctransferencias_emitidas_lag2	7.58251262771843e-05	0.000565916265979271	0.000137745392647474
mcaja_ahorro_adicional_rank_lag1	7.54660928015357e-05	0.00150644628556198	0.000206233325304598
Visa_mlimitecompra_rank_lag2	7.54504902926905e-05	0.000669073897464978	0.000201616161305242
mcheques_depositados_rank	7.4701750747543e-05	0.000254832222816695	6.54098233242196e-05
mcajeros_propios_descuentos_rank_lag1	7.39831822143788e-05	6.58593375765288e-05	3.15506206622706e-05
mtarjeta_visa_descuentos_rank	7.29041999163938e-05	0.000340215709862766	0.000111581463317786
Visa_mconsumototal_rank_delta2	7.18052428549546e-05	0.000287440961380342	0.000101577607985847
mforex_sell_rank_delta2	7.16500656848187e-05	0.000292166733274579	4.00154213277579e-05
Master_mpagosdolares_rank_lag1	7.13594605019915e-05	0.000394521748144811	6.31012413245412e-05
tcuentas_lag2	7.10934760468891e-05	0.00122954839887771	0.000131589173981665
Master_msaldodolares_rank	7.06735739030211e-05	0.000698386521047542	9.08042253206813e-05
matm_other_rank_lag2	6.98403939010902e-05	0.000144461016288619	4.61716399935668e-05
ctarjeta_visa_descuentos_delta2	6.97647797058134e-05	8.49534823939199e-05	4.30935306606623e-05
Master_msaldototal_rank_lag2	6.80749707096704e-05	0.000455916192545892	8.2339424655194e-05
Master_mconsumospesos_rank_lag2	6.72094357918165e-05	0.000421377184306342	8.38784793216463e-05
catm_trx_other_delta1	6.6948224858988e-05	0.000389811048124449	0.000111581463317786
cdescubierto_preacordado_lag2	6.69437157162043e-05	0.00091349202180902	0.000243940164632678
Master_mpagado_rank_delta2	6.66300135784398e-05	0.000196989454481489	4.0784948660984e-05
ccajas_depositos_delta1	6.56823537176247e-05	0.000674598856258089	9.38823346535857e-05
cprestamos_hipotecarios	6.45844754091103e-05	0.0012279411518682	9.61909166532641e-05
ctarjeta_master_debitos_automaticos_delta1	6.27914107592717e-05	0.000564290674705738	7.77222606558374e-05
mtarjeta_visa_descuentos_rank_lag1	6.18872311551913e-05	0.000187755209985255	3.61677846616273e-05
tcallcenter_delta2	6.13264067321588e-05	0.00035396160495528	0.000104655717318751
ccajas_depositos_delta2	6.10986934432801e-05	0.00092255006068166	9.00346979874552e-05
mbeneficios_rank_lag2	6.10761265013467e-05	8.35530882003988e-05	3.07810933290445e-05
ccajas_otras_delta2	6.05129455213753e-05	0.00089372313531442	0.000107733826651656
Visa_Finiciomora_lag1	6.04196843580719e-05	0.00288316942465812	0.00022162387196912
ccaja_ahorro_delta1	5.99547582263867e-05	0.00140758105453234	0.000105425244651977
cforex_sell	5.90919867439673e-05	0.000114336556760631	6.54098233242196e-05
Visa_msaldodolares_rank_lag2	5.87792661858653e-05	0.000258260366154315	6.69488779906718e-05
mcheques_emitidos_rank_delta2	5.83081981175473e-05	3.12518923313859e-05	2.00077106638789e-05
ccheques_depositados	5.82799399726675e-05	0.000644384657723228	9.15737526539074e-05
ccaja_ahorro_lag2	5.81227904735386e-05	0.000912546489846693	0.000153905466645223
Master_status_lag1	5.62290294208526e-05	0.000239584520901222	4.0784948660984e-05
ctarjeta_visa_lag1	5.52744583725419e-05	0.000245501379880382	8.46480066548724e-05
mtarjeta_master_descuentos_rank_delta1	5.52618144185629e-05	9.30725970151177e-05	2.53944019964617e-05
ccaja_seguridad_lag1	5.46706030308571e-05	0.000294902514372631	5.30973859926018e-05
cforex_sell_delta2	5.45183293051189e-05	4.36768116221565e-05	1.15429099983917e-05
Master_mconsumototal_rank	5.26636461880135e-05	7.11659587228313e-05	7.69527333226113e-05
Visa_msaldodolares_rank_delta2	5.19296946569249e-05	0.000610589646264017	7.07965146568024e-05
tmobile_app_lag2	5.10869546435985e-05	9.92314555391112e-05	1.53905466645223e-05
Visa_mpagosdolares_rank_delta2	5.04420495022731e-05	0.000105842973724004	3.84763666613056e-05
minversion1_pesos_rank_delta1	5.03800753768989e-05	0.000478643949044131	7.00269873235763e-05
cpayroll_trx_delta2	4.98446611326721e-05	0.00029034338265385	5.77145499919584e-05
Master_mconsumosdolares_rank_lag1	4.98026872381244e-05	9.86712789825288e-05	2.38553473300095e-05
minversion2_rank	4.88818124092107e-05	0.000509888509962964	0.000118507209316821
cdescubierto_preacordado_delta2	4.8878570675334e-05	0.00152981363700858	0.000145440665979735
Visa_fultimo_cierre_delta2	4.88266932955918e-05	0.000111643316734562	7.5413678656159e-05
cinversion1	4.67657586717905e-05	0.000569391040876564	7.92613153222896e-05
cseguro_auto_lag1	4.53485938162523e-05	0.000151249212076456	3.61677846616273e-05
mprestamos_prendarios_rank_delta1	4.4461361040544e-05	0.000563932033331142	8.77261159877768e-05
ctarjeta_master_transacciones_lag2	4.41966837695366e-05	0.000119741758660277	3.53982573284012e-05
ctarjeta_visa_descuentos_lag1	4.41580631199998e-05	7.86852505221378e-05	4.0784948660984e-05
Visa_Finiciomora_lag2	4.40072512921289e-05	0.000644011542315265	6.07926593248629e-05
cseguro_auto_delta2	4.36174091581611e-05	6.25637575053739e-05	9.23432799871335e-06
ccajeros_propios_descuentos_lag2	4.24530121237178e-05	1.84518438540975e-05	1.23124373316178e-05
Visa_mconsumototal_rank_lag2	4.17914164176506e-05	5.21704575893634e-05	6.00231319916368e-05
ccajeros_propios_descuentos_lag1	4.17352961766165e-05	4.93907824118627e-05	2.15467653303311e-05
Master_mpagosdolares_rank	4.10663629626447e-05	0.000236240641610028	6.07926593248629e-05
minversion2_rank_lag1	4.01858476828349e-05	0.000119645191685489	4.15544759942101e-05
Master_mconsumosdolares_rank	3.93208135384321e-05	0.000186433195828943	4.15544759942101e-05
mttarjeta_master_debitos_automaticos_rank_lag2	3.88942337692089e-05	0.000150828332358383	4.0784948660984e-05
catm_trx_other_lag2	3.78797399638164e-05	0.000424741893619468	3.84763666613056e-05
mtarjeta_visa_descuentos_rank_lag2	3.74898970687866e-05	0.000118449070154179	2.23162926635573e-05
mbeneficios_rank_lag1	3.73361499764509e-05	0.000184604055594868	4.46325853271145e-05
mplazo_fijo_dolares_rank_lag2	3.72870765667483e-05	3.64577930846298e-05	2.53944019964617e-05
Master_status_delta2	3.72729576352907e-05	0.00219281410421172	0.000202385688638468
ctarjeta_visa_descuentos	3.65781485279419e-05	0.000114848591423624	6.1562186658089e-05
Master_mconsumototal_rank_delta1	3.56531529126306e-05	1.04808048872993e-05	2.84725113293662e-05
ctarjeta_master_debitos_automaticos_delta2	3.5104701645279e-05	0.000147211869260546	2.61639293296878e-05
Master_fultimo_cierre_delta2	3.50861072541005e-05	7.07180503207108e-05	6.1562186658089e-05
mtarjeta_master_consumo_rank_lag2	3.34304716357944e-05	0.000357155929723448	5.77145499919584e-05
ctarjeta_master_descuentos_delta2	3.30896892267582e-05	6.13066247768935e-05	2.46248746632356e-05
Master_msaldodolares_rank_lag1	3.29509847311288e-05	7.28699300335746e-05	2.53944019964617e-05
ctarjeta_debito_delta2	3.27208370227592e-05	0.000618739817126374	7.38746239897068e-05
Visa_delinquency_delta1	3.16227756765976e-05	0.000738747048437771	0.000101577607985847
ctarjeta_master_lag1	3.1183307972571e-05	3.2295533067707e-05	4.61716399935668e-05
minversion2_rank_delta1	3.08564356326882e-05	0.000359472498763793	5.23278586593757e-05
ccajas_consultas_lag2	3.02819289396042e-05	0.00161546026827432	0.000122354845982952
tcuentas_delta2	3.01403075584087e-05	0.00175082724939862	0.000166987431310066
mbeneficios_rank_delta1	2.94400787314989e-05	0.000100061509887403	2.61639293296878e-05
ctarjeta_master_descuentos_lag1	2.90914199282699e-05	9.37112480047797e-05	2.46248746632356e-05
ctarjeta_debito_delta1	2.90248405750917e-05	0.00050870267758146	6.07926593248629e-05
mtarjeta_visa_descuentos_rank_delta1	2.86514055999886e-05	4.38356169404215e-05	2.30858199967834e-05
mcheques_depositados_rank_delta1	2.856416598306e-05	0.000103125253702371	2.84725113293662e-05
ccajas_extracciones_lag1	2.78923122154064e-05	0.000138926964026719	4.38630579938884e-05
ccheques_emitidos_delta1	2.750439882597e-05	2.73116199349028e-05	1.30819646648439e-05
mcheques_emitidos_rank_delta1	2.74652085924512e-05	1.86923959955945e-05	2.23162926635573e-05
cseguro_accidentes_personales_delta1	2.57464827955449e-05	0.00112799414417085	7.77222606558374e-05
ccheques_emitidos_lag1	2.53421394147747e-05	0.000149797403599193	1.385149199807e-05
Master_mpagado_rank_lag2	2.45692538784705e-05	0.00020844417302263	4.00154213277579e-05
mcajeros_propios_descuentos_rank_delta1	2.45589146328954e-05	1.13555714125786e-05	1.00038553319395e-05
tcallcenter_lag2	2.44166063269596e-05	8.80933722105127e-05	3.30896753287228e-05
Master_mconsumototal_rank_lag1	2.43267082722285e-05	7.59738550237801e-05	3.77068393280795e-05
mcheques_emitidos_rank_lag1	2.41101757881061e-05	0.000161829227022897	2.46248746632356e-05
minversiones_rank_lag2	2.37486403706443e-05	0.00026548885574411	7.69527333226113e-05
mpagodeservicios_rank_delta1	2.33906896443857e-05	6.66633071994708e-06	9.23432799871335e-06
ccajas_otras_lag2	2.31765020630173e-05	0.000218599217763308	2.53944019964617e-05
ctarjeta_master_descuentos_delta1	2.2236821678177e-05	1.06015057394619e-05	6.92574599903501e-06
cplazo_fijo_delta1	2.15618310646509e-05	6.84116131037223e-05	1.84686559974267e-05
cseguro_auto_lag2	2.10662502342093e-05	0.000210378784908543	1.84686559974267e-05
ccajas_extracciones_lag2	2.06736957869406e-05	4.51743077003945e-05	1.53905466645223e-05
ctarjeta_master_descuentos	2.05584619015087e-05	4.19319354345072e-05	2.53944019964617e-05
cforex_sell_delta1	2.02563320692564e-05	4.04586990948035e-06	1.385149199807e-05
cinversion2_lag1	2.01931498129817e-05	0.000119451617221854	2.0777237997105e-05
cforex_sell_lag1	2.00096650676386e-05	2.28489607950404e-05	1.30819646648439e-05
cinversion1_lag1	1.99459276497404e-05	0.000550912671783058	5.38669133258279e-05
ccajas_extracciones_delta2	1.96292390210233e-05	0.000194080425497096	3.30896753287228e-05
Master_Fvencimiento_delta2	1.95946200572501e-05	1.35658192382582e-05	1.46210193312961e-05
cseguro_vivienda_lag2	1.92602786829732e-05	0.000570365174787435	6.23317139913151e-05
cseguro_vida_lag2	1.92052973010894e-05	0.000102159395162751	3.07810933290445e-05
cplazo_fijo_lag1	1.85534421740191e-05	0.000327366197949711	3.3859202661949e-05
Master_mconsumototal_rank_delta2	1.83915213650004e-05	8.93178439680482e-05	1.385149199807e-05
ctarjeta_visa_delta1	1.79745621609607e-05	0.000234982848110459	4.46325853271145e-05
ctarjeta_visa_delta2	1.7536743319084e-05	0.000640395834384386	9.61909166532641e-05
ccajeros_propios_descuentos_delta2	1.73090203852051e-05	1.55194990898676e-05	1.15429099983917e-05
Visa_mpagosdolares_rank_lag2	1.72534130839504e-05	4.57462837406997e-05	1.84686559974267e-05
mcajeros_propios_descuentos_rank_lag2	1.72236660594397e-05	1.03035294438468e-05	6.1562186658089e-06
Visa_Fvencimiento_delta2	1.66273435348196e-05	7.48995041644895e-05	2.84725113293662e-05
cpagodeservicios	1.64517158667352e-05	5.95599236024284e-05	1.69296013309745e-05
ctarjeta_master_descuentos_lag2	1.57284566815699e-05	3.98023331469122e-06	4.61716399935668e-06
mforex_buy_rank	1.53949040394741e-05	0.000196047383701055	2.30858199967834e-05
cforex	1.53649857482403e-05	8.70710334754726e-05	4.00154213277579e-05
ctarjeta_visa_descuentos_lag2	1.52067494472236e-05	6.87065687315043e-05	1.53905466645223e-05
Master_mconsumototal_rank_lag2	1.4886049241349e-05	2.78046180974896e-05	1.00038553319395e-05
ccajas_depositos_lag1	1.45456495652115e-05	0.000526925642916623	4.30935306606623e-05
Master_Finiciomora_lag1	1.37841918279224e-05	0.0020038579585058	0.000122354845982952
Master_mpagosdolares_rank_delta1	1.35506219254773e-05	5.37214761257683e-05	1.30819646648439e-05
cforex_delta1	1.35469312243734e-05	7.50094753527867e-06	1.00038553319395e-05
cprestamos_prendarios_lag1	1.3497991367274e-05	0.000179448656631958	1.84686559974267e-05
Visa_Finiciomora_delta1	1.34436334973371e-05	3.97557959831092e-05	7.69527333226113e-06
mcheques_depositados_rechazados_rank_lag1	1.32585746117896e-05	3.66564334599432e-06	3.07810933290445e-06
ctarjeta_visa_lag2	1.24023641116135e-05	0.000197181329819468	6.77184053238979e-05
mcheques_depositados_rank_lag1	1.23574516567397e-05	7.18645825550954e-05	1.23124373316178e-05
ctarjeta_master_debitos_automaticos_lag2	1.23560618788383e-05	2.78076702306126e-05	1.30819646648439e-05
ccheques_emitidos_delta2	1.22506890182507e-05	3.00864809230446e-06	5.38669133258279e-06
Master_msaldodolares_rank_delta1	1.15542524624948e-05	0.000360673937929102	3.46287299951751e-05
Visa_status_delta1	1.13383582027018e-05	0.000389963277197119	0.000147749247979414
Master_msaldodolares_rank_delta2	1.11399140100685e-05	3.27500806460022e-05	7.69527333226113e-06
mprestamos_hipotecarios_rank_delta1	1.10069541296353e-05	3.39694864918593e-05	8.46480066548724e-06
mcaja_ahorro_adicional_rank_delta2	1.0649462662702e-05	0.000171837014206714	4.0784948660984e-05
mcheques_depositados_rechazados_rank	1.06135776671822e-05	4.19438607793898e-06	3.84763666613056e-06
mcheques_emitidos_rechazados_rank	1.05239626950884e-05	2.78728977766327e-06	3.07810933290445e-06
ccheques_depositados_lag1	9.95997530955379e-06	0.000342776292226501	2.69334566629139e-05
cforex_lag1	9.73680414832716e-06	1.78123433016074e-05	1.07733826651656e-05
Visa_status_delta2	9.73277935230368e-06	0.000718592460419237	0.000104655717318751
ctarjeta_visa_descuentos_delta1	9.39275106354623e-06	7.31948720826577e-06	8.46480066548724e-06
Visa_delinquency_lag2	9.36822275035888e-06	2.28684692747956e-05	2.77029839961401e-05
Master_delinquency_lag2	8.92953529043833e-06	0.000519430422064112	4.00154213277579e-05
Master_Finiciomora_lag2	8.87366912119924e-06	0.00216898097207832	0.0001208157913165
mforex_buy_rank_delta1	8.82310346933567e-06	7.43638076034708e-06	4.61716399935668e-06
ccheques_depositados_rechazados_delta2	8.77347682808517e-06	1.06805780130501e-06	2.30858199967834e-06
ctarjeta_master_lag2	8.64641202147884e-06	0.000111104033130491	3.61677846616273e-05
Master_cadelantosefectivo	8.6049093784185e-06	3.63509054947455e-06	1.53905466645223e-05
mplazo_fijo_pesos_rank_delta1	8.2713730840607e-06	3.69651079541337e-06	6.1562186658089e-06
Visa_fechaalta_delta1	8.23323221726298e-06	3.02580611490202e-05	1.61600739977484e-05
mtarjeta_master_descuentos_rank_delta2	8.21411297246129e-06	2.15416409291254e-05	1.07733826651656e-05
ccajas_depositos_lag2	8.19283095016431e-06	0.000159533519469774	1.69296013309745e-05
cplazo_fijo_lag2	8.04274095251823e-06	3.79448112213218e-05	5.38669133258279e-06
cseguro_vida_delta2	7.94534928690701e-06	0.000504880085369306	2.69334566629139e-05
mcajeros_propios_descuentos_rank_delta2	7.86961141422755e-06	3.55346958740216e-06	1.23124373316178e-05
minversion2_rank_delta2	7.84946062978192e-06	0.000117610488712316	1.61600739977484e-05
cprestamos_prendarios_lag2	7.79981268100525e-06	0.000213048237175427	1.53905466645223e-05
mcaja_ahorro_adicional_rank_lag2	7.50252021776232e-06	0.000139810981347237	2.30858199967834e-05
mcheques_depositados_rank_lag2	7.37785123439688e-06	9.62130217416392e-05	6.92574599903501e-06
Master_mconsumosdolares_rank_delta2	7.30275681069991e-06	4.25539727510874e-05	5.38669133258279e-06
cseguro_vivienda_delta1	7.19054322496571e-06	0.000229660368458033	2.23162926635573e-05
cprestamos_hipotecarios_lag1	7.09525034533051e-06	8.10435425369271e-05	8.46480066548724e-06
cseguro_vida_delta1	7.00592774781356e-06	0.00128372187389329	7.15660419900285e-05
cpagodeservicios_lag2	6.96992678034182e-06	1.97602020745801e-08	7.69527333226113e-07
Master_mconsumosdolares_rank_delta1	6.82869980750716e-06	0.000106570514157712	1.15429099983917e-05
ccheques_emitidos_rechazados_lag1	6.74800759987308e-06	7.31756782558018e-07	1.53905466645223e-06
minversion1_pesos_rank_delta2	6.48327932914227e-06	0.000139536981602547	1.84686559974267e-05
cliente_vip	5.9246084762283e-06	0.000345680066507476	4.00154213277579e-05
ccheques_emitidos_rechazados_delta1	5.78693633821023e-06	4.72004521147073e-06	3.07810933290445e-06
mpagodeservicios_rank	5.7261865677222e-06	0.000117955065102314	2.0777237997105e-05
Master_mconsumosdolares_rank_lag2	5.64866581843879e-06	0.000235033318435503	1.53905466645223e-05
Visa_cadelantosefectivo_lag2	5.28780704643099e-06	1.19812901680804e-05	4.61716399935668e-06
mcheques_depositados_rank_delta2	5.17433517338902e-06	1.23815915865403e-06	5.38669133258279e-06
ccheques_depositados_lag2	5.15994689957554e-06	2.21638670374452e-05	4.61716399935668e-06
Visa_status_lag2	4.7709494821576e-06	0.000145940923269787	1.84686559974267e-05
minversion1_dolares_rank_lag1	4.75630972702847e-06	0.000356264360733347	2.30858199967834e-05
mprestamos_prendarios_rank_lag2	4.68255967742592e-06	2.3672281571288e-05	6.1562186658089e-06
minversion1_dolares_rank_lag2	4.67072245243864e-06	2.44390906868255e-07	2.30858199967834e-06
mcheques_depositados_rechazados_rank_delta1	4.47961539016875e-06	5.78866938799444e-07	1.53905466645223e-06
Visa_delinquency_delta2	4.33566146278173e-06	4.03744035830873e-05	2.15467653303311e-05
mcheques_emitidos_rechazados_rank_delta1	4.20151619206615e-06	2.68077977125809e-06	2.30858199967834e-06
mpagodeservicios_rank_lag1	4.0197973103925e-06	2.07054193840075e-06	1.53905466645223e-06
ccheques_depositados_rechazados_delta1	4.0153963189338e-06	4.93284496725159e-06	2.30858199967834e-06
Visa_cadelantosefectivo_lag1	3.78478419917568e-06	1.40250236794627e-06	1.53905466645223e-05
ccaja_seguridad_lag2	3.67884499390413e-06	0.000224406042623591	2.00077106638789e-05
Master_fechaalta_delta1	3.62560991816324e-06	1.48574693897893e-05	2.00077106638789e-05
mprestamos_prendarios_rank_delta2	3.3568114764479e-06	8.84847374866331e-05	8.46480066548724e-06
mforex_buy_rank_delta2	3.30079563449755e-06	7.80905565425047e-07	3.07810933290445e-06
cforex_buy	3.26640357486531e-06	0.000110328539594934	1.30819646648439e-05
cseguro_vivienda_delta2	3.03449210605926e-06	0.000583338376755196	3.46287299951751e-05
Visa_cadelantosefectivo_delta1	3.00743515317974e-06	5.21968255023228e-06	6.92574599903501e-06
cinversion2_lag2	2.81321449281772e-06	6.56134048704541e-05	6.92574599903501e-06
Master_mpagosdolares_rank_delta2	2.71973799107169e-06	1.37065949453947e-06	3.84763666613056e-06
minversion1_dolares_rank_delta1	2.57371884526495e-06	3.94944767502598e-05	4.61716399935668e-06
mtarjeta_master_descuentos_rank_lag2	2.5448760301434e-06	6.190418209791e-06	5.38669133258279e-06
Master_status_lag2	2.34043454647239e-06	3.5747715886832e-05	7.69527333226113e-06
Master_mpagosdolares_rank_lag2	2.30112722909522e-06	2.02007161335676e-07	1.53905466645223e-06
Master_Finiciomora_delta1	2.23218879923045e-06	5.2296822193713e-05	4.61716399935668e-06
mpagodeservicios_rank_lag2	2.18873351454253e-06	3.97101398474241e-06	1.53905466645223e-06
ccheques_emitidos_rechazados_lag2	2.12536055021493e-06	1.11793028584038e-06	1.53905466645223e-06
minversion1_pesos_rank_lag2	2.05511270059848e-06	6.72130058145073e-07	4.61716399935668e-06
mforex_sell_rank_lag2	1.99022210784389e-06	6.36385488787234e-07	2.30858199967834e-06
cpagodeservicios_delta1	1.83827391754181e-06	9.12943361548551e-06	3.84763666613056e-06
cplazo_fijo_delta2	1.70358357576679e-06	6.50192458007498e-06	5.38669133258279e-06
mcheques_emitidos_rechazados_rank_lag1	1.58542490100757e-06	8.93456907496342e-07	2.30858199967834e-06
ccaja_ahorro_delta2	1.58286469081627e-06	1.38306311182896e-05	6.92574599903501e-06
cliente_vip_lag1	1.55097401020895e-06	0.000397362528915351	2.0777237997105e-05
minversion2_rank_lag2	1.541177333167e-06	4.70657492085269e-05	7.69527333226113e-06
cpagodeservicios_delta2	1.48450703152415e-06	2.38915946420839e-07	3.07810933290445e-06
cseguro_auto_delta1	1.34702355515523e-06	5.08752833253605e-06	7.69527333226113e-07
mpagodeservicios_rank_delta2	1.31776305719282e-06	4.44164032619065e-06	4.61716399935668e-06
cforex_delta2	1.21033383722528e-06	2.00541508130845e-05	3.84763666613056e-06
Master_delinquency_delta2	1.16220876107618e-06	4.49607527776553e-07	3.84763666613056e-06
Master_msaldodolares_rank_lag2	1.1353828191646e-06	6.31643669595133e-06	3.07810933290445e-06
mprestamos_hipotecarios_rank_lag1	1.11913267930143e-06	3.17068489584501e-05	7.69527333226113e-06
mcheques_emitidos_rank_lag2	1.06686230330587e-06	3.26011868940644e-07	7.69527333226113e-07
cinversion1_delta1	1.0465011854863e-06	5.17698415180043e-07	3.07810933290445e-06
Master_cadelantosefectivo_lag2	9.71960920094577e-07	2.51564992971765e-07	2.30858199967834e-06
cforex_sell_lag2	9.36236166689694e-07	2.7103571437901e-06	2.30858199967834e-06
Master_delinquency_delta1	9.12290570989486e-07	1.74963688601537e-05	9.23432799871335e-06
ccheques_depositados_rechazados_lag1	9.02735051171316e-07	6.02560302114983e-08	7.69527333226113e-07
mcheques_depositados_rechazados_rank_lag2	9.01030103242789e-07	4.26354678520001e-08	7.69527333226113e-07
cforex_buy_delta1	5.93685379533282e-07	1.10021847414009e-05	3.07810933290445e-06
mplazo_fijo_pesos_rank_delta2	5.41987941710434e-07	3.53386671177722e-07	7.69527333226113e-07
Visa_madelantopesos_rank_delta1	4.9191201900794e-07	4.69339411090198e-06	7.69527333226113e-07
cforex_lag2	4.69960344331453e-07	9.46988805250296e-06	1.53905466645223e-06
cforex_buy_delta2	4.07327093638018e-07	1.01601421176464e-07	7.69527333226113e-07
cseguro_accidentes_personales_delta2	3.31209624980351e-07	2.97634267913572e-05	4.61716399935668e-06
mforex_buy_rank_lag1	2.8044134564682e-07	4.76384489505005e-08	7.69527333226113e-07
mprestamos_hipotecarios_rank_delta2	2.6404540258632e-07	2.252285453023e-07	7.69527333226113e-07
Visa_Finiciomora_delta2	2.2441439408275e-07	9.85651150943128e-05	6.1562186658089e-06
ccheques_emitidos_rechazados	2.09987203859972e-07	7.22474522029354e-07	7.69527333226113e-07
cpagodeservicios_lag1	8.88661349904102e-08	1.45627654843267e-06	1.53905466645223e-06
mcheques_emitidos_rechazados_rank_delta2	6.32413292147721e-08	4.30998955313326e-06	1.53905466645223e-06
minversion1_dolares_rank_delta2	3.4278935243876e-08	6.8882050653431e-05	3.84763666613056e-06
cinversion1_delta2	2.9292387436518e-08	1.75796574825922e-07	1.53905466645223e-06
cinversion2_delta1	2.73272043020806e-08	1.7677199881368e-07	1.53905466645223e-06
Visa_madelantopesos_rank_lag1	1.84655666367696e-08	2.54019285586123e-07	1.53905466645223e-06
ccheques_emitidos_rechazados_delta2	1.68706815964975e-08	2.67392033805385e-07	2.30858199967834e-06
cinversion1_lag2	1.33326100925043e-08	2.79394468648297e-05	2.30858199967834e-06
mprestamos_hipotecarios_rank_lag2	6.49234315919949e-09	8.66239431708903e-08	7.69527333226113e-07
Master_cadelantosefectivo_delta1	5.30271853270773e-09	3.29001071483774e-07	1.53905466645223e-06
mcheques_emitidos_rechazados_rank_lag2	5.29722278034112e-09	1.2384738115533e-07	1.53905466645223e-06
Visa_cadelantosefectivo_delta2	4.14242311240495e-10	1.10820751125273e-07	7.69527333226113e-07
Master_cadelantosefectivo_lag1	5.71107202654681e-21	8.87006523061168e-08	7.69527333226113e-07
