Feature	Gain	Cover	Frequency
ctrx_quarter	0.0395401696900384	0.0134618124463865	0.00878254750175933
ctrx_quarter_lag1	0.0312180552544154	0.00770330867141346	0.00860426929392447
mingresos	0.027935795387918	0.00723788652832759	0.00831339432324654
mcuentas_saldo	0.021017310052248	0.00940545140941892	0.0101712409101572
mpayroll	0.0206710900238844	0.00796819823395764	0.00419422941590429
mpasivos_margen	0.0193871187816359	0.00724713405345843	0.00880131362889984
mcaja_ahorro	0.0172126312605696	0.00523976498022406	0.00907342247243725
mcaja_ahorro_lag1	0.0170188377839062	0.00544394693927042	0.00966455547736336
mtarjetas_consumo	0.015887992632909	0.00353980072911333	0.00533896317147549
cpayroll_trx	0.0156581933210164	0.00557289638422524	0.00144499178981938
mpasivos_margen_lag1	0.0150465965573195	0.00669113164687078	0.00892329345531316
diff_comisiones_consumo	0.0147928287629333	0.00409712920460604	0.00605207600281492
mingresos_lag1	0.0143847717265927	0.00656132094858886	0.00773164438189069
mprestamos_personales	0.0142821465779194	0.0135219860881873	0.00418484635233404
cpayroll_trx_lag1	0.0115837968122107	0.00316569218253612	0.00112596762843068
active_quarter_lag1	0.0114809197314923	0.000387854795041555	0.00047853624208304
Visa_msaldopesos	0.0113308968673814	0.00487633682002216	0.00714989444053484
mpayroll_lag1	0.0112039997688445	0.00570206671261588	0.00418484635233404
mrentabilidad_annual_lag1	0.0105345246140879	0.0105933656003621	0.0117194463992494
mtarjeta_visa_consumo	0.0103672638406923	0.00335814695979398	0.00537649542575651
mrentabilidad_annual	0.00868338284300701	0.00792646163650754	0.00998357963875205
mcuentas_saldo_lag1	0.00840316216886038	0.00622120271340419	0.00880131362889984
Visa_mpagominimo	0.00817062811906456	0.00674192792249502	0.00885761201032137
mcuenta_corriente	0.00815352275798598	0.00517829907428747	0.00691531785127844
Visa_msaldototal	0.00805000521016343	0.00483469356983276	0.00683087027914614
ctarjeta_visa_transacciones	0.00759280305765512	0.00414033861439161	0.00575181796856674
mprestamos_personales_lag1	0.00730290252531206	0.00724168341855287	0.00291813277034952
active_quarter	0.00699411657730251	0.000269221182756682	0.000309641097818438
cprestamos_personales	0.00698723931737436	0.00449686791263924	0.00167018531550551
mtarjetas_consumo_lag1	0.00683422824329653	0.00315831890137625	0.0047009148486981
Master_fechaalta_lag1	0.00679297989614918	0.00868610243681691	0.0116819141449683
ctarjeta_debito_transacciones_lag1	0.00677306505291178	0.00405905312586869	0.00565798733286418
Master_fechaalta	0.00668124083435052	0.00907176645232034	0.0108280553600751
mactivos_margen	0.0063361162766925	0.00655222170346883	0.00780670889045273
mcuentas_saldo_delta1	0.00633557034537876	0.00848605618397911	0.00848228946751114
mactivos_margen_lag1	0.0062921316748788	0.00786294516399644	0.00781609195402299
Master_Fvencimiento	0.00624596157997208	0.0116817862089147	0.0104714989444053
mrentabilidad_annual_delta1	0.00622213474111705	0.00915530111043746	0.0092329345531316
cliente_antiguedad	0.00621924646692455	0.00858301978670322	0.0103026038001407
mcomisiones_otras	0.00612924554816189	0.00482297291851106	0.00871686605676754
mtarjeta_visa_consumo_lag1	0.00611969193924824	0.00169576861826567	0.00408163265306122
cliente_edad_lag1	0.00608503061527776	0.00668853866740694	0.00979591836734694
Master_Fvencimiento_lag1	0.00586909728846811	0.00631864534507518	0.00989913206661975
Visa_fechaalta	0.00585609662002229	0.00504625802952153	0.00942997888810697
Visa_msaldototal_lag1	0.00580150876284421	0.00357094798257818	0.00621158808350927
ctrx_quarter_delta1	0.00579275857515543	0.0134925740181651	0.00868871686605677
mautoservicio	0.00576517917269612	0.00377555711098214	0.0055266244428806
cliente_edad	0.00574452432290334	0.00818286697024602	0.00909218859957776
diff_visa_compra_delta1	0.00568714873637784	0.00656344988076495	0.00932676518883415
Visa_Fvencimiento	0.0056655033203161	0.00728171133857257	0.00872624912033779
mcuenta_corriente_lag1	0.00562059023879904	0.00470629767797533	0.00653999530846822
mactivos_margen_delta1	0.00557627750062404	0.00824798840100897	0.00811634998827117
Visa_mpagominimo_lag1	0.00554122942310025	0.00387981524511944	0.00550785831574009
numero_de_cliente	0.00552241030756403	0.00850410216861218	0.00954257565095003
Visa_fechaalta_lag1	0.00549166387232744	0.0045091532572664	0.00899835796387521
mcomisiones_otras_lag1	0.00530505706087426	0.00426708844447088	0.00772226131832043
mrentabilidad_lag1	0.00522392620796817	0.00631546808090548	0.00793807178043631
Visa_mconsumospesos_delta1	0.00520592487300729	0.00507423685415411	0.0102650715458597
Visa_Fvencimiento_lag1	0.00520441364309032	0.00609838499262743	0.00839784189537884
ccomisiones_otras_lag1	0.00519801551025146	0.00380408948871211	0.00430682617874736
cliente_antiguedad_lag1	0.00512534742248263	0.00589448883753975	0.00886699507389163
chomebanking_transacciones_lag1	0.00503454138094849	0.00819120291904091	0.00779732582688248
mcuenta_corriente_delta1	0.0050122013953906	0.0108738468444587	0.0065212291813277
Visa_mconsumosdolares	0.00499145598344802	0.00446918603217341	0.00253342716396904
Visa_mpagospesos_delta1	0.004978496220536	0.012070987816697	0.00878254750175933
mingresos_delta1	0.00495386271333415	0.0061466674226796	0.0091484869809993
chomebanking_transacciones	0.00484969333921183	0.00433695906117628	0.00773164438189069
mrentabilidad_delta1	0.00484569416486296	0.00563718767741466	0.00820079756040347
Visa_mpagominimo_delta1	0.00477293981258144	0.00606895909338147	0.00746891860192353
cproductos	0.00454488075929816	0.00482321108847663	0.00356556415669716
Visa_mpagospesos	0.00453041021909672	0.00385367340238258	0.00699038235984049
chomebanking_transacciones_delta1	0.00451612443543762	0.00509562989509362	0.00745015247478302
mcaja_ahorro_delta1	0.00447493155687814	0.00492843842071575	0.00687778559699742
mtransferencias_recibidas	0.00441229505869631	0.00311685312622571	0.00575181796856674
ccomisiones_mantenimiento_delta1	0.00424958590411062	0.00385980935215681	0.00129486277269529
mcomisiones_lag1	0.00423238472611703	0.00330001274435961	0.00633356790992259
mrentabilidad	0.00422403658641596	0.00410247880934879	0.00694346704198921
Visa_msaldopesos_lag1	0.0041783543640188	0.00519522566008237	0.00638048322777387
Master_status	0.00416507992037479	0.0020059285290878	0.000656814449917898
Visa_mconsumototal_delta1	0.00416229945453353	0.00320737307894588	0.00610837438423645
mcomisiones	0.00413644950868224	0.0035322699484601	0.00672765657987333
Master_mfinanciacion_limite_lag1	0.00410882766159481	0.00323353489722824	0.00707482993197279
mautoservicio_lag1	0.00399215548480505	0.00301322537420696	0.00566737039643444
mpasivos_margen_delta1	0.00390854539955962	0.00551759101334965	0.0070935960591133
Master_mfinanciacion_limite	0.0037986431837841	0.00306075142254589	0.00606145906638518
Master_mlimitecompra	0.00376816791761784	0.0028142236119117	0.00581749941355853
Visa_msaldopesos_delta1	0.00376115858564625	0.00405903583933893	0.0068402533427164
diff_comisiones_consumo_lag1	0.00374268120875708	0.00214584723753746	0.00429744311517711
Visa_mconsumospesos	0.00362206422160113	0.00404150537743778	0.00648369692704668
cprestamos_personales_lag1	0.00361538297703639	0.00525282053578825	0.00179216514191884
mcomisiones_otras_delta1	0.00359422333004695	0.00367802766251725	0.00571428571428571
mtransferencias_recibidas_lag1	0.00357230361277249	0.00310621269094139	0.00606145906638518
Visa_mpagospesos_lag1	0.0035649800926675	0.00344694863145611	0.00642739854562515
cproductos_delta1	0.00354172548142278	0.00418996824132966	0.000966455547736336
diff_visa_compra	0.0035398981808925	0.00353215278420285	0.00562983814215341
Visa_cconsumos_lag1	0.00342120139165364	0.00350662134803903	0.00595824536711236
ctarjeta_debito_transacciones	0.00340901423232653	0.00465704604982134	0.00525451559934319
Visa_mconsumototal	0.00339983236679602	0.00354727273556537	0.00617405582922824
Master_mlimitecompra_lag1	0.00335720169826652	0.00245887555986427	0.00529204785362421
mcomisiones_delta1	0.00334690364502355	0.00393148890816521	0.00585503166783955
Visa_mfinanciacion_limite	0.00331346617539383	0.00291366034082667	0.00566737039643444
ctarjeta_visa_transacciones_lag1	0.0032858213517808	0.00483601618143188	0.00486042692939245
diff_visa_compra_lag1	0.00328362773321122	0.00344051112777387	0.00575181796856674
Visa_mfinanciacion_limite_lag1	0.00325455122750796	0.00264379878817869	0.00517006802721089
mextraccion_autoservicio	0.00322766900101945	0.00199956247639522	0.0025615763546798
Visa_cconsumos	0.00316956961030108	0.00339929543108717	0.00522636640863242
Visa_mconsumospesos_lag1	0.00313521614584939	0.00288639410536526	0.00593947923997185
mextraccion_autoservicio_lag1	0.00313247954360295	0.00191814522610102	0.0024771287825475
mtarjetas_consumo_delta1	0.00304224480284273	0.00602251556595055	0.00580811634998827
Visa_mconsumototal_lag1	0.00300398382894108	0.00227995190981152	0.00500117288294628
mpayroll_delta1	0.00298765026288467	0.00243248287037335	0.00208304011259676
Visa_status	0.00286563205516555	0.0067790578518369	0.00123856439127375
mcomisiones_mantenimiento	0.00285665457846494	0.00230564468691975	0.00271170537180389
Visa_mlimitecompra	0.00283304016226618	0.0025553601336415	0.00491672531081398
mcaja_ahorro_dolares_delta1	0.00277203033431465	0.00441058008654918	0.00405348346235046
Visa_msaldototal_delta1	0.00276432815268253	0.00294791532819708	0.0047853624208304
mcuenta_debitos_automaticos	0.00276236742006835	0.00535928481526791	0.00395026976307764
cdescubierto_preacordado	0.0027409745721652	0.00606493017951231	0.00127609664555477
Visa_mlimitecompra_lag1	0.00270858744500495	0.0027492254917277	0.00442880600516069
diff_comisiones_beneficios_delta1	0.00269178237766136	0.00269479866070897	0.00250527797325827
ccomisiones_mantenimiento	0.00266498075919155	0.00338184756038377	0.00216748768472906
mcaja_ahorro_dolares_lag1	0.00262255518913168	0.00285753097869924	0.00515130190007037
mpagomiscuentas	0.00252003581509798	0.00456630751853599	0.00319024161388693
diff_comisiones_consumo_delta1	0.0024948647966668	0.00343114682253087	0.00396903589021816
ctarjeta_visa_transacciones_delta1	0.00238804591574748	0.00685272343804206	0.00365001172882946
thomebanking	0.0023110240929282	0.00253292337044965	0.0019047619047619
ccomisiones_otras	0.00227880213324054	0.00227817101310124	0.00372507623739151
Visa_madelantopesos_delta1	0.002262133358196	7.39652193876497e-05	8.44475721323012e-05
mtransferencias_emitidas_lag1	0.00221665130457691	0.00338590067539459	0.00408163265306122
mttarjeta_visa_debitos_automaticos	0.00221301518466994	0.00220528946705693	0.00375322542810228
mtransferencias_recibidas_delta1	0.00219566104012253	0.00376771939838941	0.00449448745015248
diff_comisiones_beneficios	0.00219556383953004	0.00225364411638898	0.00270232230823364
Master_mpagominimo	0.00217898286064969	0.00568099865843584	0.00285245132535773
mprestamos_personales_delta1	0.00217521988610666	0.00951526505007566	0.00258034248182031
mtransferencias_emitidas	0.00214888324392157	0.00401543037594933	0.00384705606380483
mcaja_ahorro_dolares	0.00212236717023362	0.00325681024918595	0.00410039878020174
internet_lag1	0.00207956626126337	0.0103136891402621	0.0021393384940183
mttarjeta_visa_debitos_automaticos_delta1	0.00203112489238337	0.00464792836573624	0.00297443115177105
mcomisiones_mantenimiento_delta1	0.00201811441247438	0.00164891828116776	0.000628665259207131
Master_msaldopesos	0.0020025673950079	0.00221018578057489	0.00228946751114239
mttarjeta_visa_debitos_automaticos_lag1	0.00199345208182635	0.00162805997021546	0.00329345531315975
cproductos_lag1	0.00195160854384285	0.00500534657575859	0.00327468918601924
Visa_cconsumos_delta1	0.00193686600974663	0.0031852943389926	0.00359371334740793
diff_comisiones_beneficios_lag1	0.00189264230657852	0.00230853422640525	0.00252404410039878
ccallcenter_transacciones_delta1	0.00187551130835479	0.00262620263746447	0.00108843537414966
mcuenta_debitos_automaticos_lag1	0.00185552683133326	0.00254897487369364	0.00316209242317617
mautoservicio_delta1	0.00184669193549413	0.00525352390547689	0.00343420126671358
ccajas_consultas_delta1	0.00182400802870054	0.00485250253693557	0.000975838611306592
ccomisiones_mantenimiento_lag1	0.00180749189900729	0.00305607522417353	0.00174524982406756
mpagomiscuentas_lag1	0.0017779688126055	0.00543622447020942	0.00335913675815154
mcomisiones_mantenimiento_lag1	0.0017698463232917	0.00204620076539476	0.00255219329110955
mextraccion_autoservicio_delta1	0.00172874632846418	0.00537506818522807	0.00251466103682852
mtarjeta_visa_consumo_delta1	0.00167845774409057	0.00296866223706871	0.0034717335209946
mtransferencias_emitidas_delta1	0.00165784548905396	0.00323109327093606	0.00280553600750645
ccallcenter_transacciones	0.00164087298139247	0.00103209033853482	0.000591133004926108
cextraccion_autoservicio_lag1	0.00163616714796457	0.00144739114894727	0.00212995543044804
ccuenta_debitos_automaticos	0.00163461028321106	0.00213912508233185	0.00234576589256392
tcallcenter_delta1	0.00160641218812949	0.00174989389537638	0.000722495894909688
ctarjeta_visa_debitos_automaticos_lag1	0.00159531795309338	0.00189093584411527	0.00248651184611776
Visa_mpagado_delta1	0.00158192199182525	0.00336071189666511	0.00240206427398546
cmobile_app_trx_lag1	0.00157106115198967	0.00067371675963445	0.00157635467980296
Visa_status_delta1	0.00155466712167693	0.0010524872912151	0.000459770114942529
mtarjeta_master_consumo	0.00152986922611237	0.00211105406287389	0.0013136288998358
ctransferencias_recibidas_lag1	0.00152798079148195	0.00183138182837003	0.00289936664320901
Master_msaldototal	0.0015048813418232	0.00162761935577915	0.0017358667604973
tcallcenter	0.00150393975801084	0.0010349791097301	0.000562983814215341
internet	0.00149716350222258	0.00419510925527998	0.00154820548909219
ctransferencias_recibidas	0.00141457312323201	0.00158451635418788	0.00271170537180389
ctarjeta_visa_debitos_automaticos	0.00140373530151737	0.0012352055266225	0.00207365704902651
Master_mpagominimo_lag1	0.00136645898288554	0.00159010835449236	0.00202674173117523
Visa_mconsumosdolares_lag1	0.00136258226067257	0.00382341313996692	0.00231761670185316
ctransferencias_recibidas_delta1	0.0013599491323475	0.00447168220707061	0.00236453201970443
Master_msaldopesos_delta1	0.00134590628626899	0.00141725150809482	0.00199859254046446
ccomisiones_otras_delta1	0.00131933160255433	0.00256937566782498	0.00219563687543983
ccajas_otras_delta1	0.00129273683389729	0.00384126397888626	0.000628665259207131
Master_msaldopesos_lag1	0.00124826477561782	0.00172559133940587	0.00200797560403472
ctarjeta_debito	0.0012418340000855	0.00111481329804347	0.00182969739619986
thomebanking_delta1	0.00123964280396818	0.00379522610868702	0.00135116115411682
cmobile_app_trx	0.00118324951379885	0.00162095674306493	0.00170771756978654
cpagomiscuentas	0.00114553061521568	0.00136626546478834	0.00195167722261318
cdescubierto_preacordado_lag1	0.00114438019186632	0.000973107930706939	0.000506685432793807
Master_msaldototal_delta1	0.0011163465281341	0.000816953329362525	0.00117288294628196
tcuentas_lag1	0.0011103162429945	0.00799137562891339	0.00143560872624912
Visa_mpagado_lag1	0.00104911066014492	0.00126852704138592	0.00169833450621628
thomebanking_lag1	0.00103925487326534	0.000832825052697016	0.00135116115411682
cextraccion_autoservicio	0.00101725267073849	0.0012650213331508	0.00179216514191884
ctransferencias_emitidas	0.00101224296145643	0.00142495861135158	0.00189537884119165
ctarjeta_debito_lag1	0.000986907294566535	0.000893709747088593	0.00152005629838142
diff_master_compra	0.000973665980051568	0.00198252564095497	0.00169833450621628
Master_mlimitecompra_delta1	0.000967778976531153	0.00296367833846664	0.00193291109547267
ctarjeta_master_delta1	0.000965391841803526	0.00163097217426219	0.000253342716396904
Master_mfinanciacion_limite_delta1	0.000961455646915269	0.00206320686922654	0.00159512080694347
Master_msaldototal_lag1	0.000959756257226917	0.00134320446579964	0.00167956837907577
matm_delta1	0.000955405404700342	0.00217949297077015	0.0017358667604973
ccaja_seguridad	0.000909041651688608	0.00356524995822451	0.000825709594182501
cpagomiscuentas_lag1	0.000906996477109599	0.00246206626911267	0.00245836265540699
ccaja_ahorro	0.000896798720911122	0.00429647324019052	0.00110720150129017
ctransferencias_emitidas_lag1	0.000891756509762036	0.00129049937314491	0.00177339901477833
Master_status_delta1	0.00085741812883921	0.000999375388893379	0.000356556415669716
Master_mpagospesos_lag1	0.000846256287068435	0.00214787168224479	0.00163265306122449
Master_mconsumospesos	0.000837501113724882	0.00143893573102449	0.00146375791695989
Master_mpagospesos_delta1	0.000793825674237768	0.00174265621743884	0.0015669716162327
catm_trx	0.000787388266857892	0.00191853359680294	0.0013980764719681
Visa_mpagado	0.000785338282485369	0.00240869622127988	0.00114473375557119
ctarjeta_debito_transacciones_delta1	0.000778950390677398	0.00139007055284689	0.00152943936195168
mpagomiscuentas_delta1	0.000778334761268303	0.00181621232228886	0.00121979826413324
matm_lag1	0.000762464103372842	0.00078730078450417	0.00141684259910861
Master_mpagominimo_delta1	0.000758098458906135	0.00129859984098997	0.00125733051841426
Visa_msaldodolares	0.00074786365072657	0.00446006565907257	0.00127609664555477
mplazo_fijo_dolares	0.000745199826877539	0.00368235966687485	0.000994604738447103
Master_fultimo_cierre_lag1	0.000744969743736555	0.00123839393100026	0.00125733051841426
diff_master_compra_lag1	0.000744695471775975	0.00135759108415528	0.00144499178981938
Master_fultimo_cierre	0.000734810229708044	0.00121789786888269	0.00124794745484401
ccuenta_debitos_automaticos_lag1	0.000721845907837563	0.00132720520629004	0.00186722965048088
matm	0.000721741861890369	0.0010907262474773	0.00153882242552193
Master_mconsumospesos_lag1	0.000700361397443915	0.00113895604964998	0.00127609664555477
Visa_mfinanciacion_limite_delta1	0.000681890803394852	0.00100882459020475	0.00111658456486043
tmobile_app_delta1	0.000663748145340984	0.00455274911702836	0.000835092657752756
cextraccion_autoservicio_delta1	0.000657790469580101	0.00183738294321214	0.00112596762843068
Visa_fultimo_cierre_lag1	0.000650968518134763	0.00100483332255595	0.000975838611306592
Master_mconsumototal_lag1	0.000644244621115231	0.00119733035577545	0.00109781843771992
Master_mconsumototal_delta1	0.000644235645466429	0.000879213263232706	0.00130424583626554
ccaja_ahorro_lag1	0.000629930142138309	0.00157216378416722	0.000656814449917898
diff_master_compra_delta1	0.000615540057820754	0.00101988566437987	0.00115411681914145
Master_mconsumospesos_delta1	0.000614180033513491	0.000966449543588883	0.00116349988271171
ctarjeta_master	0.000599734401373537	0.000225118635600236	0.000225193525686137
Visa_fultimo_cierre	0.000589321077572362	0.000691814603856792	0.00106966924700915
Visa_mconsumosdolares_delta1	0.000583320333668505	0.00222883756203973	0.00116349988271171
Master_cconsumos_delta1	0.000579254396197235	0.00129525009566779	0.000985221674876847
Master_mpagospesos	0.000570167780137572	0.00101597621963859	0.000975838611306592
ctransferencias_emitidas_delta1	0.000563199169445027	0.00245932731450863	0.00118226600985222
mtarjeta_master_consumo_lag1	0.000547720348122886	0.00126968946447594	0.000919540229885057
ccajas_transacciones	0.000542362613421116	0.000827352521520426	0.000534834623504574
mcuenta_debitos_automaticos_delta1	0.00053857505316227	0.00291359004227231	0.00106028618343889
Visa_mpagosdolares_delta1	0.000517931780652571	0.00206260568213604	0.000910157166314802
catm_trx_delta1	0.000507866424416505	0.00107752241190228	0.000788177339901478
tmobile_app	0.0005025355931748	0.00389882927541901	0.000619282195636876
ccaja_seguridad_lag1	0.000500100220786277	0.00177384226955937	0.000469153178512784
ctarjeta_visa	0.000498467694092943	0.000780726525164274	0.000356556415669716
catm_trx_lag1	0.000494398776092709	0.000495240638629914	0.000778794276331222
ccajas_otras	0.000474299883967944	0.0021311652115955	0.000328407224958949
tmobile_app_lag1	0.000471940819718768	0.0032391119158736	0.000581749941355853
ctarjeta_visa_delta1	0.000468318618287813	0.00077267330716722	0.000121979826413324
Master_cconsumos	0.000434270211003783	0.000573273954687512	0.000900774102744546
Visa_mlimitecompra_delta1	0.00043057713977956	0.00082243623245697	0.000825709594182501
Master_mconsumototal	0.000426959722772437	0.000894109642143684	0.000882007975604035
cplazo_fijo	0.000426491837243084	0.00264579019640693	0.000572366877785597
mtarjeta_master_consumo_delta1	0.000424289738722668	0.0011252739534183	0.000572366877785597
mttarjeta_master_debitos_automaticos	0.000419194949830699	0.00183385764357662	0.000731878958479944
Master_cconsumos_lag1	0.000410318463929526	0.000816848073603548	0.00089139103917429
matm_other_delta1	0.00040430877439237	0.00178248361371334	0.000694346704198921
Master_mpagado_lag1	0.000400891416829296	0.00214587335940465	0.000638048322777387
internet_delta1	0.000396130145819829	0.000495856423234439	0.000309641097818438
ccallcenter_transacciones_lag1	0.000392297263118684	0.00107673260956485	0.000459770114942529
Master_msaldodolares	0.000390782465535963	2.68882366773406e-05	4.69153178512784e-05
ccajas_transacciones_lag1	0.000372114896979939	0.00101238369460957	0.000487919305653296
active_quarter_delta1	0.00036517572626586	0.00649861847955684	0.0010790523105794
mplazo_fijo_dolares_delta1	0.000363291041642086	0.00392347487296895	0.000797560403471734
Master_mpagado_delta1	0.000329909660516482	0.00100415300157366	0.000487919305653296
cprestamos_personales_delta1	0.000313222795621605	0.000515173928167555	0.000197044334975369
ctarjeta_visa_debitos_automaticos_delta1	0.000312990283051536	0.0015303257724092	0.000656814449917898
cdescubierto_preacordado_delta1	0.00029187959285901	0.00435469273583837	0.000666197513488154
ctarjeta_master_transacciones_delta1	0.000285232684613498	0.00100779892277238	0.000441003987802017
Visa_msaldodolares_delta1	0.000268726751535825	0.00048177289536724	0.00034717335209946
ctarjeta_master_transacciones	0.000252227625469803	0.000478658246849776	0.000534834623504574
Visa_mpagosdolares	0.000251218593847431	0.000277676984824567	0.000497302369223552
cpagomiscuentas_delta1	0.000246376587148164	0.000554208448943772	0.000441003987802017
mplazo_fijo_dolares_lag1	0.000234345309115821	0.00315902457593552	0.000666197513488154
Visa_Fvencimiento_delta1	0.000232607633377139	0.00050550000196932	0.000206427398545625
Visa_mpagosdolares_lag1	0.000229468430714846	0.000278829804286939	0.000384705606380483
cmobile_app_trx_delta1	0.000220007158359946	0.00240585162677176	0.000525451559934319
matm_other	0.000218777734881829	0.000595863223486345	0.00054421768707483
matm_other_lag1	0.000212868329128462	0.00236269983875206	0.000638048322777387
catm_trx_other_delta1	0.000205242206436587	0.00114951043643061	0.000394088669950739
Visa_delinquency	0.000199683521811231	0.000400139755523609	0.000168895144264602
Visa_msaldodolares_lag1	0.000167727704631165	0.000323854683842303	0.000365939479239972
ctarjeta_master_transacciones_lag1	0.000167675541649246	0.000257850487626326	0.000300258034248182
ccajas_consultas	0.000167280730487986	0.000763874463519896	0.000197044334975369
ccajas_extracciones	0.000153531215503762	0.000364089658074005	0.000178278207834858
catm_trx_other	0.000151304337255694	0.000638048502419966	0.000365939479239972
Master_mpagado	0.000142777969215617	0.000145261014435406	0.000197044334975369
Master_mpagosdolares	0.000140200187249106	9.40464047910067e-05	0.000225193525686137
Master_mconsumosdolares_lag1	0.000134788471893533	0.000101320960658694	0.000215810462115881
ccajas_transacciones_delta1	0.000132366477298029	0.000491422620423812	0.000206427398545625
catm_trx_other_lag1	0.000130371351247465	0.00050818325553302	0.00034717335209946
mttarjeta_master_debitos_automaticos_lag1	0.000126481511743928	0.000212532121210164	0.000262725779967159
Master_mpagosdolares_lag1	0.000124792211161901	9.32504561318818e-05	0.000206427398545625
mcheques_emitidos_lag1	0.000124211780539122	0.00157255369144956	0.000281491907107671
cseguro_accidentes_personales	0.000120973256450457	0.000216271773814692	0.000243959652826648
cseguro_accidentes_personales_lag1	0.000118883073342899	0.00017836356648855	0.000168895144264602
ccajas_consultas_lag1	0.000114957044535871	0.000581564958505028	0.000168895144264602
ccajas_extracciones_delta1	0.000101984710175544	0.00059293872679623	0.000197044334975369
tcallcenter_lag1	9.88965928193223e-05	0.000143834299512631	0.00013136288998358
mforex_sell_lag1	9.67573396053494e-05	0.000420722250289976	0.000206427398545625
Visa_delinquency_lag1	9.432127416111e-05	9.91536139720231e-05	0.000121979826413324
cplazo_fijo_lag1	9.28000071638852e-05	0.000832986393641433	0.000206427398545625
mtarjeta_visa_descuentos_delta1	9.06645641487123e-05	0.00115813410990971	0.000243959652826648
cliente_edad_delta1	8.89846646331328e-05	0.000158184039938119	0.000112596762843068
ccheques_depositados_lag1	8.87838326013583e-05	0.000828776163282356	0.00013136288998358
cseguro_vivienda	8.18039837107868e-05	0.000146749960865313	0.000103213699272813
mcheques_depositados_lag1	8.02074457267726e-05	0.000747366595890274	0.00013136288998358
cpayroll_trx_delta1	7.23926884034818e-05	0.000275846149250537	0.000356556415669716
Visa_Finiciomora_lag1	6.88069856175207e-05	0.000587823834713099	0.000140745953553835
mcaja_ahorro_adicional_delta1	6.78305657646055e-05	0.00233181341981402	0.000356556415669716
mtarjeta_visa_descuentos_lag1	6.60514170765157e-05	0.00054225270081735	0.000159512080694347
Master_mconsumosdolares	6.58729163420977e-05	4.90995066921106e-05	0.000215810462115881
Master_msaldodolares_lag1	6.33516193395047e-05	0.000166689012579541	0.00013136288998358
Visa_cadelantosefectivo_lag1	5.74723238566406e-05	4.61957538377065e-05	6.56814449917898e-05
minversion1_pesos_lag1	5.69259748188246e-05	0.001335719398414	0.000225193525686137
ctarjeta_master_debitos_automaticos_lag1	5.59839763563385e-05	4.20001209926474e-05	7.50645085620455e-05
Master_mpagosdolares_delta1	5.32219097621717e-05	4.4505899517489e-05	0.000121979826413324
cforex_sell_lag1	4.77424390259672e-05	0.000315149187455677	0.000103213699272813
ccuenta_debitos_automaticos_delta1	4.62587842479257e-05	0.000221068593750258	8.44475721323012e-05
ctarjeta_master_debitos_automaticos	4.49807330043849e-05	0.000173395801980922	9.38306357025569e-05
mttarjeta_master_debitos_automaticos_delta1	4.48936710914946e-05	0.000374125064816756	0.000140745953553835
minversion2	4.40014165093733e-05	0.000912924301133366	0.000150129017124091
Master_mconsumosdolares_delta1	4.38125878553833e-05	2.92572595445334e-05	0.000103213699272813
mbeneficios_lag1	4.37460568630976e-05	0.000133286059053697	0.000103213699272813
cseguro_vivienda_lag1	4.30841015522055e-05	0.000108087676696574	8.44475721323012e-05
mprestamos_prendarios_lag1	4.30326740731383e-05	0.000816362130044768	0.00013136288998358
Master_msaldodolares_delta1	4.19424330321746e-05	4.47248622277696e-05	9.38306357025569e-05
mbeneficios_delta1	3.96758196474523e-05	0.00024312851059336	0.000103213699272813
Master_madelantopesos	3.73713971971738e-05	4.24887535671681e-05	6.56814449917898e-05
Master_madelantopesos_lag1	3.65923240676759e-05	5.12061584520726e-05	8.44475721323012e-05
ctarjeta_visa_lag1	3.65120557013442e-05	6.92506065047152e-05	3.75322542810228e-05
Visa_status_lag1	3.5639096691603e-05	4.4378747487484e-05	4.69153178512784e-05
Visa_madelantopesos_lag1	3.49577171364765e-05	7.58041220089002e-05	0.000112596762843068
Visa_delinquency_delta1	3.42151360181315e-05	9.66075002110772e-05	8.44475721323012e-05
Master_delinquency	3.29240252151064e-05	1.89587134043402e-05	5.62983814215341e-05
mprestamos_prendarios	3.25224315245693e-05	0.000930513537235688	0.000140745953553835
Master_madelantodolares	3.19261835913518e-05	2.71459980433024e-05	6.56814449917898e-05
Visa_madelantopesos	3.17772720135732e-05	9.19216982110743e-05	0.000103213699272813
cinversion2	3.16309651868668e-05	0.000910115816265189	0.000140745953553835
Visa_cadelantosefectivo	2.97654870447726e-05	7.85638204486461e-05	7.50645085620455e-05
mcajeros_propios_descuentos_delta1	2.84878570174097e-05	0.000176623389159478	0.000112596762843068
Master_delinquency_delta1	2.75238079884952e-05	2.60227577540739e-05	6.56814449917898e-05
Visa_madelantodolares	2.54079190686242e-05	5.16095108131156e-05	3.75322542810228e-05
mcajeros_propios_descuentos_lag1	2.52432731440592e-05	0.000152459509572154	9.38306357025569e-05
ctarjeta_master_debitos_automaticos_delta1	2.48244592155078e-05	0.000286077085852118	6.56814449917898e-05
Master_cadelantosefectivo	2.2843308930351e-05	5.64739402872947e-05	4.69153178512784e-05
Visa_madelantodolares_delta1	2.04515406526405e-05	4.00502004358336e-05	3.75322542810228e-05
cplazo_fijo_delta1	2.02105121766428e-05	0.00018244779725294	5.62983814215341e-05
cprestamos_prendarios	1.94482465246284e-05	0.000557145238277271	8.44475721323012e-05
Master_status_lag1	1.83732381787874e-05	1.11912993659685e-05	4.69153178512784e-05
mcaja_ahorro_adicional_lag1	1.79796112117367e-05	0.000353227955208774	6.56814449917898e-05
ctarjeta_visa_descuentos_lag1	1.74600541698118e-05	1.62489538283424e-05	2.81491907107671e-05
Visa_fechaalta_delta1	1.71373890638423e-05	3.47305590113345e-06	9.38306357025569e-06
cseguro_vida	1.68812562486861e-05	5.97702894397807e-05	3.75322542810228e-05
ccajas_extracciones_lag1	1.66394596594709e-05	5.00591011662873e-05	3.75322542810228e-05
ccajeros_propios_descuentos_lag1	1.63912920753837e-05	9.22409227939569e-05	4.69153178512784e-05
Master_delinquency_lag1	1.61202616830323e-05	2.47504691638125e-05	4.69153178512784e-05
ccajas_depositos	1.44244963921647e-05	0.000165627235507233	3.75322542810228e-05
mcaja_ahorro_adicional	1.42495025134641e-05	0.000202064551223439	3.75322542810228e-05
cprestamos_prendarios_lag1	1.3741665554675e-05	0.000295160965167913	4.69153178512784e-05
ccajas_depositos_delta1	1.36212290611494e-05	0.000119396140319797	2.81491907107671e-05
Master_madelantodolares_lag1	1.34694146161137e-05	1.09750256714282e-05	3.75322542810228e-05
Master_Fvencimiento_delta1	1.32088703477918e-05	9.46341468028123e-06	2.81491907107671e-05
ctarjeta_visa_descuentos_delta1	1.31356154368593e-05	1.66277209026171e-05	1.87661271405114e-05
ccajas_depositos_lag1	1.23692014533416e-05	3.604049382196e-05	1.87661271405114e-05
mforex_sell	1.18816016720002e-05	0.000122649081075333	7.50645085620455e-05
ccheques_emitidos_lag1	1.03879602386499e-05	0.000187659493902722	3.75322542810228e-05
cforex	8.57680343696598e-06	4.35770366517728e-05	2.81491907107671e-05
Master_cadelantosefectivo_lag1	8.18887996612255e-06	5.48367138465657e-06	1.87661271405114e-05
minversion2_lag1	8.13333760704791e-06	0.000113831414317826	1.87661271405114e-05
Visa_madelantodolares_lag1	7.91203842223189e-06	8.32826589277439e-06	3.75322542810228e-05
cinversion1_lag1	7.72506115040912e-06	9.19009543753635e-05	1.87661271405114e-05
ccajeros_propios_descuentos_delta1	7.49515252752408e-06	7.04091881436731e-05	3.75322542810228e-05
Master_cadelantosefectivo_delta1	6.56881402399535e-06	2.17041984751731e-05	2.81491907107671e-05
mforex_sell_delta1	6.20832885522577e-06	3.44028832361253e-05	1.87661271405114e-05
cinversion2_lag1	6.15193120539528e-06	0.000236687933750267	3.75322542810228e-05
ccheques_depositados_delta1	4.94397347649264e-06	3.98308535804473e-05	9.38306357025569e-06
Master_madelantopesos_delta1	4.84933481768075e-06	6.20932148942829e-06	1.87661271405114e-05
cforex_delta1	3.33070819665475e-06	1.62620147619381e-05	1.87661271405114e-05
Visa_cadelantosefectivo_delta1	2.94894478245504e-06	2.54311742912108e-05	5.62983814215341e-05
ccajas_otras_lag1	2.72088881273091e-06	5.29747625189699e-05	9.38306357025569e-06
minversion1_pesos_delta1	2.63542644886886e-06	2.25735188494973e-05	9.38306357025569e-06
cforex_lag1	2.54123839096246e-06	1.03081497678371e-05	9.38306357025569e-06
cforex_sell	2.30992913736946e-06	2.57223562813733e-05	9.38306357025569e-06
mcheques_depositados_delta1	2.09455391813936e-06	5.04401731111966e-05	9.38306357025569e-06
cinversion1	1.92569807746509e-06	3.63270660708535e-05	1.87661271405114e-05
mtarjeta_master_descuentos_delta1	1.18807058399031e-06	1.44231121406876e-05	9.38306357025569e-06
cforex_sell_delta1	5.43893495354054e-07	1.33121644948433e-05	9.38306357025569e-06
Visa_fultimo_cierre_delta1	3.46714840465993e-12	2.58606485194452e-06	9.38306357025569e-06
