Feature	Gain	Cover	Frequency
ctrx_quarter	0.0705975781481337	0.00935180274610383	0.00972249146299638
ctrx_quarter_lag1	0.0410777093476353	0.00774706003872182	0.00995362431219338
mingresos_rank	0.0246642652180319	0.00506375150913834	0.00615857204634586
mpasivos_margen_rank	0.0217077438855078	0.00692481811908175	0.0103338751286142
mingresos_rank_lag1	0.0200611610816889	0.00505657461655661	0.00688925008574283
cpayroll_trx	0.0199954647995304	0.00344462313953191	0.00114075244926261
mcuentas_saldo	0.0160709321732927	0.00890819291344724	0.010669390554868
mcaja_ahorro_rank	0.0142229995541033	0.00462718058692817	0.00826859128256364
mcuenta_corriente_rank	0.0140889204930331	0.00992989392968305	0.0104680812991157
diff_comisiones_consumo	0.0120320431052285	0.00344695198652829	0.00474195135771909
mrentabilidad_annual_lag1	0.0117492513751508	0.0140590346023664	0.012518453348444
mprestamos_personales	0.0115327646573278	0.00915779007306631	0.00312402141334009
mpayroll_rank	0.0110918821720769	0.00289023528309555	0.00173722431815809
mtarjeta_visa_consumo	0.010694281531105	0.00192991969545603	0.00361611070517887
numero_de_cliente	0.0103698711363575	0.0136661776046231	0.0163284174110139
Visa_msaldototal	0.0102262542686293	0.0033304921043258	0.00536079092169816
mcuentas_saldo_lag1	0.0100885224788798	0.00837949295889174	0.0103562428236978
mrentabilidad_annual_delta1	0.00997164892644193	0.0149949407859628	0.0138903386469036
mrentabilidad_annual	0.00964350655160528	0.0138300090763442	0.0122649528041634
active_quarter	0.00898292773152428	0.000672654712608663	0.000671030852507419
cliente_edad	0.00885948878853414	0.0166299184302783	0.014524090007605
Visa_msaldopesos	0.00875640364995911	0.00312416395647989	0.00521167295447429
Visa_mpagominimo	0.00874867757413381	0.00688280620197685	0.00808964972189499
Master_Fvencimiento	0.00869831401384421	0.0147899783424857	0.0138083237649304
mpasivos_margen_rank_lag1	0.00857444597779347	0.00864215151654565	0.0101922130597516
Master_fechaalta	0.00847830160168365	0.0110335907159718	0.0127272185025574
Master_Fvencimiento_lag1	0.00844635605144895	0.00766430240691198	0.012481173856638
cliente_antiguedad	0.00838606888955118	0.0108439823142924	0.0123618794828589
Visa_Fvencimiento	0.00819342800241133	0.0130091963875016	0.0131820283025902
cliente_edad_lag1	0.00803389554765774	0.00993112392884949	0.0128465128763365
mcuentas_saldo_delta1	0.00778874217462563	0.00921587349353379	0.0110123618794829
mactivos_margen_delta1	0.00778318554193045	0.0117131891632306	0.0111018326598172
Visa_Fvencimiento_lag1	0.00767693560768001	0.00994678740583179	0.0126452036205842
Master_fechaalta_lag1	0.00758385971898547	0.00811128506031138	0.0116908486303515
mcuenta_corriente_rank_lag1	0.0075234092365144	0.00987180777689606	0.0101474776695844
mactivos_margen_lag1	0.00741507051217899	0.0106010410850016	0.00999090380399934
ctrx_quarter_delta1	0.00734279262800177	0.00973446067819319	0.00997599200727696
chomebanking_transacciones_lag1	0.00732316023606249	0.00724681992419091	0.0101474776695844
mactivos_margen	0.00727872117072022	0.010268630508716	0.00968521197119041
mpasivos_margen_rank_delta1	0.00713607927266986	0.00990096800148858	0.0116610250369067
Visa_fechaalta	0.00708039647558214	0.00738521668897251	0.0107141259450351
mrentabilidad_delta1	0.00683801961254197	0.00792184742860141	0.0107886849286471
chomebanking_transacciones	0.00682964918613785	0.00634014910397356	0.00982687404005308
mcaja_ahorro_rank_lag1	0.00669105633957378	0.00549760422882184	0.00949881451216057
mcuenta_corriente_rank_delta1	0.00660197908674062	0.0136053129105869	0.0109303469975097
cliente_antiguedad_lag1	0.00657692346951162	0.00815515267775071	0.0107886849286471
Visa_fechaalta_lag1	0.00655514024536207	0.00649924865368855	0.010207124856474
cpayroll_trx_lag1	0.0064653500355834	0.00112151333104552	0.000544280580367128
mprestamos_personales_lag1	0.0063062690522875	0.00701919311806495	0.00231878439033119
mpayroll_rank_lag1	0.00630355887403763	0.00266097705452835	0.00190125408210435
mcaja_ahorro_rank_delta1	0.00621973187082848	0.00886026916769412	0.00930496115476954
Master_mfinanciacion_limite	0.00603359657140999	0.00708333249703484	0.00852954772520541
mcomisiones_otras	0.00593820004214767	0.00539794401313156	0.00841770924978751
mtarjeta_visa_consumo_lag1	0.00579763135564135	0.00150141139273567	0.00262447622314013
mcomisiones_otras_lag1	0.00578220316487182	0.00566190497641895	0.00823131179075767
mrentabilidad	0.00573469076433625	0.00781351414770395	0.00884269545637554
mrentabilidad_lag1	0.00555279138141367	0.00935715376617246	0.0091185636957397
mcomisiones	0.00537728575151412	0.00449094121609364	0.00764229582022338
mcomisiones_lag1	0.00535171670154089	0.00432988714715525	0.00702345625624432
Visa_mpagominimo_lag1	0.00521632702407852	0.00372494523205003	0.00671776442343538
Visa_mlimitecompra_rank_delta1	0.00521044154887797	0.00516081055665433	0.00740370707266519
mtarjetas_consumo_rank	0.00505971446429102	0.00230598203593959	0.00372794918059677
Visa_mfinanciacion_limite	0.00503707154963582	0.00483032148406472	0.00762738402350099
Master_mfinanciacion_limite_lag1	0.00496589226725422	0.00588044864171781	0.00784360507597561
chomebanking_transacciones_delta1	0.00489077342345974	0.0073759714305211	0.00770939890547412
diff_visa_compra_delta1	0.0046504055426805	0.00528025504253579	0.00656119055785032
ccomisiones_otras_lag1	0.00461099140647557	0.00411601142204731	0.00533096732825338
Visa_mfinanciacion_limite_lag1	0.00458645160572496	0.00581067339837029	0.00736642758085922
Visa_mconsumospesos_lag1	0.00440587670054955	0.00333276152337282	0.00633751360701451
Visa_mconsumospesos	0.00433614175760855	0.00473798365697011	0.00674013211851896
diff_visa_compra_lag1	0.0043348280659041	0.00510844109936383	0.0065761023545727
Master_mlimitecompra_rank_delta1	0.00431360363443273	0.00538274867355878	0.00697126496771596
Visa_mpagominimo_delta1	0.00425867833514773	0.00480530960356948	0.0058827038069817
mcomisiones_delta1	0.0042491994172746	0.00533241069582457	0.00641952848898764
ccomisiones_mantenimiento_delta1	0.00422766670549309	0.00152484809103293	0.000708310344313386
Visa_msaldototal_lag1	0.00409445943320988	0.00344170274536144	0.00540552631186532
Visa_mpagospesos_rank_delta1	0.00401343388291017	0.00595583447548748	0.00573358583975783
ctarjeta_visa_transacciones	0.00399665871418583	0.00324572462382248	0.00449590671179971
mtransferencias_recibidas	0.00395155407438314	0.0039330726122938	0.00662083774473986
diff_visa_compra	0.00388426942653465	0.0040037399579616	0.00607655716437274
mcomisiones_otras_delta1	0.00385617897762949	0.00540573704376297	0.00640461669226525
Visa_cconsumos	0.00384531590015195	0.00312974972833316	0.00550990888892203
Visa_cconsumos_lag1	0.00381820671609622	0.00290143187306426	0.00549499709219964
mingresos_rank_delta1	0.00376046190988653	0.00733766157866005	0.00606164536765035
Visa_msaldopesos_lag1	0.00364395737649975	0.00522524525382468	0.00540552631186532
cproductos_delta1	0.00358600348639797	0.00714584432434946	0.00158810635093422
cdescubierto_preacordado	0.00354531545724199	0.00539027143225191	0.00173722431815809
mtransferencias_recibidas_lag1	0.00353209096500534	0.00318699683133703	0.00591252740042648
mcaja_ahorro_dolares_delta1	0.00352316259845962	0.00513207293081281	0.00448099491507732
Visa_mconsumospesos_delta1	0.00346913740527445	0.00260820230317708	0.00498799600363848
Visa_mconsumototal_lag1	0.00340224966282563	0.00250543498481643	0.00505509908888922
Visa_msaldopesos_delta1	0.00324427429114309	0.00275813082245405	0.00463011288230119
thomebanking	0.00322415146433771	0.00150176158501964	0.00213984282966255
Visa_msaldototal_delta1	0.00322204779427305	0.00283361775204562	0.00468976006919074
cproductos	0.00318704351928741	0.00296242475842416	0.00348936043303858
diff_comisiones_consumo_lag1	0.00313242765027624	0.00192336372248314	0.00360865480681767
cprestamos_personales	0.0031053974792296	0.00338037332931512	0.00112584065254022
mcaja_ahorro_dolares_lag1	0.00293188500804768	0.00282090882322768	0.00467484827246835
Visa_mconsumototal	0.00284192032895802	0.00295556504259898	0.00454809800032806
diff_comisiones_consumo_delta1	0.00279658852520711	0.00354971292947675	0.00393671433471019
cprestamos_personales_lag1	0.00279113384665458	0.00718589648528524	0.00188634228538197
mcaja_ahorro_dolares	0.00277470663082111	0.00372764043755415	0.00451827440688329
active_quarter_lag1	0.00273188582679384	0.000414803443440728	0.000469721596755193
Visa_mconsumototal_delta1	0.00267607183807606	0.00201125970882634	0.00391434663962661
Visa_mpagospesos_rank_lag1	0.00266782647904579	0.00294127227923794	0.00419767077735196
mtarjetas_consumo_rank_delta1	0.00266191777895173	0.00419716062843845	0.00424986206588032
mtransferencias_recibidas_delta1	0.00265470078830532	0.00443724795000016	0.00452573030524448
ccomisiones_otras	0.00263056493748629	0.00268184491709886	0.00413802359046241
Master_status	0.00261949141040808	0.000108806882946006	0.000164029763946258
mautoservicio_lag1	0.00258515530274749	0.00244208957235772	0.00377268457076393
mttarjeta_visa_debitos_automaticos_lag1	0.00254933362140496	0.0017097211553068	0.00374286097731916
ctarjeta_debito_transacciones_lag1	0.00253394877507352	0.00486381881049406	0.00424240616751912
mttarjeta_visa_debitos_automaticos	0.00249067445900613	0.00262850594176861	0.00363847840026245
ctarjeta_debito_transacciones	0.00248078963516016	0.00419658388132838	0.00376522867240274
cproductos_lag1	0.00244149350792334	0.00463402345344969	0.00368321379042961
Visa_mpagospesos_rank	0.00239106486820253	0.00451010274512965	0.00404855281012809
internet_lag1	0.0022885093075592	0.00668747860017474	0.00211001923621777
Visa_mlimitecompra_rank_lag1	0.00227506960628169	0.00191029412748977	0.0031165655149789
mpagomiscuentas	0.00225308027559173	0.00256573386102058	0.00199818076079987
mautoservicio_delta1	0.00224999789095825	0.00415944255144479	0.00289288856414309
mtransferencias_emitidas_lag1	0.0022490439278991	0.00204546607216874	0.00295253575103264
ccomisiones_mantenimiento	0.00224717502925283	0.00126188897823283	0.00120785553451335
Master_mlimitecompra_rank_lag1	0.00222713990385423	0.00163285121665617	0.00309419781989532
ctarjeta_visa_transacciones_delta1	0.00222158864708033	0.00388733813754872	0.00227404900016403
mtarjeta_visa_consumo_delta1	0.00221913706513976	0.00370559016371534	0.00338497785598187
mttarjeta_visa_debitos_automaticos_delta1	0.00221088217173362	0.00314706512015303	0.00232624028869238
diff_comisiones_beneficios_lag1	0.00220336504714157	0.00237285919905931	0.00269903520675206
ctarjeta_visa_transacciones_lag1	0.00219505466030632	0.00304998330330778	0.00365339019698483
Visa_cconsumos_delta1	0.00218756150972646	0.0037760380130491	0.0033476983641759
mtarjetas_consumo_rank_lag1	0.00211267167568363	0.00224316487191964	0.00328805117728635
Visa_mlimitecompra_rank	0.00210748401121847	0.00210996748347381	0.0032284039903968
mautoservicio	0.00209346977461809	0.00204355231004471	0.00317621270186845
Visa_mconsumosdolares	0.00202137477751982	0.00336786089980867	0.00237843157722074
mtransferencias_emitidas	0.00200255984034889	0.00320874791618941	0.00307928602317293
Master_mpagominimo	0.00200151036926792	0.00390837608700878	0.001849062793576
diff_comisiones_beneficios	0.00198632656186173	0.00173968217720927	0.00218457821982971
mcuenta_debitos_automaticos	0.00196567113696868	0.00379717204907862	0.00222185771163568
cmobile_app_trx	0.00195872438655902	0.00135578240590225	0.00249772595099984
mcomisiones_mantenimiento_lag1	0.00195621273221541	0.00188528179160795	0.00217712232146851
mcomisiones_mantenimiento	0.00194692452107971	0.00177056012000092	0.00233369618705358
ctarjeta_visa	0.00192333113632484	0.000441994804132418	0.000246044645919387
Visa_status	0.00189892534351984	0.000993278517911206	0.000410074409865645
ctarjeta_debito_lag1	0.00188120932922226	0.00175791289606527	0.00243062286574909
ccomisiones_mantenimiento_lag1	0.00186146004817871	0.00389849556427111	0.00203546025260584
ccomisiones_otras_delta1	0.00186091805437697	0.00389066837964581	0.0027661382920028
ctransferencias_recibidas_lag1	0.00183932855319312	0.00136410778345169	0.00250518184936103
Master_msaldopesos	0.00182693202990897	0.00148129446264405	0.00166266533454616
ctransferencias_recibidas	0.00181812981436463	0.00142218665005331	0.00263938801986251
Master_mlimitecompra_rank	0.00181336263570763	0.00165812335058481	0.00281087368216997
mcuenta_debitos_automaticos_lag1	0.00179921559024138	0.00205340232188118	0.00225913720344164
mprestamos_personales_delta1	0.00178247487642261	0.0090295306690564	0.00293016805594906
ctarjeta_debito	0.00177816190778974	0.00188147157205013	0.00252009364608342
mtransferencias_emitidas_delta1	0.00173990810479629	0.00258530113950395	0.00252009364608342
tcallcenter_delta1	0.00166145938625713	0.00155577066170992	0.000656119055785032
mtarjeta_master_consumo	0.00165978717310324	0.00117931418413693	0.000924531396787999
Visa_mconsumosdolares_lag1	0.00156576094754698	0.00350087180744788	0.00231878439033119
Master_msaldototal	0.00145035655486065	0.00285342889004533	0.00187888638702077
tcallcenter	0.00144253169742679	0.000499280614996031	0.000313147731170129
ctarjeta_visa_debitos_automaticos	0.00140359589513887	0.000841628865035722	0.00164029763946258
ccajas_consultas_delta1	0.00138252158988449	0.00583120336409463	0.00126004682304171
ctarjeta_master	0.00137439014212285	0.000108980385234942	0.000149117967223871
cmobile_app_trx_lag1	0.00136700341710244	0.00102982078674205	0.00210256333785658
mpagomiscuentas_lag1	0.00133176459780163	0.00207371438512453	0.00181923920013122
thomebanking_delta1	0.00129892888339127	0.0039418096593162	0.00176704791160287
ctransferencias_recibidas_delta1	0.00123757678183158	0.00285799778365398	0.00175213611488048
thomebanking_lag1	0.00122958748926894	0.00100878238189541	0.00180432740340884
ctarjeta_visa_debitos_automaticos_lag1	0.00121529416023529	0.00114278694306339	0.00151354736732229
internet	0.00120231210275336	0.00388122297879024	0.00146135607879393
mextraccion_autoservicio_lag1	0.0011868269256669	0.0033210845005568	0.00190125408210435
mextraccion_autoservicio_delta1	0.00117435344917118	0.00398358295385049	0.00166266533454616
Visa_mpagado_delta1	0.00115445178558575	0.00191346065810951	0.00143153248534916
ctarjeta_debito_transacciones_delta1	0.00114421703243446	0.0011205706808143	0.00137188529845961
ccallcenter_transacciones	0.00113883395813278	0.00109949538965426	0.000499545190199967
ccuenta_debitos_automaticos	0.00108644764527874	0.000829640357795464	0.000902163701704418
ctransferencias_emitidas_lag1	0.00102978156947586	0.00121592772096835	0.00137934119682081
Master_msaldopesos_delta1	0.00100758271593777	0.000717273034833582	0.00107364936401187
Master_msaldototal_lag1	0.00100295016199912	0.000795513004025587	0.0012675027214029
ctarjeta_master_delta1	0.0010002461524776	0.00618447998140438	0.00125259092468051
Master_mpagominimo_lag1	0.000998660826448891	0.00115219887300495	0.00129732631484768
ctransferencias_emitidas	0.00098593605640973	0.000844672213584178	0.00128987041648648
mpayroll_rank_delta1	0.000965665723670892	0.00120488505166541	0.000879796006620838
tcuentas_lag1	0.000956708714717567	0.00525320507937878	0.00114075244926261
Master_msaldopesos_lag1	0.000951087538020124	0.000822066823498088	0.00128987041648648
mextraccion_autoservicio	0.000950045280075842	0.00129895653548963	0.00146881197715513
Master_fultimo_cierre_lag1	0.000938969873623218	0.00188856307964714	0.00160301814765661
Master_fultimo_cierre	0.000938937376904909	0.00106665586914714	0.00131223811157006
Visa_mpagado_lag1	0.00093753250097157	0.00100714799944136	0.00134951760337603
Master_mpagospesos_lag1	0.000930997217654114	0.00256695680169496	0.00145390018043274
Master_mconsumospesos	0.0009183116039174	0.00114162775651093	0.00110347295745664
Visa_fultimo_cierre_lag1	0.000914828036061733	0.00116430737461039	0.00144644428207155
ccallcenter_transacciones_delta1	0.000905586734698112	0.00237328361935666	0.00084251651481487
diff_master_compra	0.00088082995975708	0.00148880788591219	0.00105128166892829
ccuenta_debitos_automaticos_lag1	0.000846430772233802	0.0016209030111287	0.00114820834762381
cpagomiscuentas_lag1	0.000844737526684173	0.00162395000276983	0.00124513502631932
ccaja_seguridad	0.000840463125716792	0.00148491592446234	0.000417530308226838
ccaja_ahorro	0.000835258044537163	0.00245970210392439	0.000827604718092483
Visa_fultimo_cierre	0.00080213837788412	0.00101605103487404	0.00137934119682081
Visa_mconsumosdolares_delta1	0.000755875178699143	0.00134531671140269	0.00106619346565068
ccajas_otras_delta1	0.000741659475363953	0.00518427070736072	0.00105873756728948
Master_mfinanciacion_limite_delta1	0.00074145418300894	0.00331947835207102	0.00169994482635213
Master_mpagominimo_delta1	0.000736866215299697	0.000899314049934498	0.000835060616453677
Visa_mpagado	0.000692401237421396	0.00157299338235971	0.000909619600065612
diff_comisiones_beneficios_delta1	0.00068331265129511	0.000814054979612519	0.000663574954146225
mpagomiscuentas_delta1	0.000660145228586646	0.0012320367937242	0.000931987295149193
cpagomiscuentas	0.000656728760847024	0.000637170534508376	0.000648663157423838
Visa_mfinanciacion_limite_delta1	0.000648504747038222	0.000961273265628057	0.00101400217712232
ctransferencias_emitidas_delta1	0.000648056521035937	0.00206366628012353	0.00108110526237306
cextraccion_autoservicio_delta1	0.000647570966449154	0.00299808107265363	0.00122276733123574
ccaja_ahorro_lag1	0.000644556666060833	0.00142167365706516	0.000633751360701451
cextraccion_autoservicio_lag1	0.000636284064948177	0.000834987734771409	0.000961810888593967
Master_mconsumototal	0.000630447675732967	0.000915145564566709	0.000738133937758161
mcomisiones_mantenimiento_delta1	0.000623034401463856	0.00156958936763583	0.000514456986922354
catm_trx	0.000618973649945716	0.00113066295831405	0.000775413429564128
cdescubierto_preacordado_lag1	0.000617065841595382	0.00058214685650642	0.000402618511504451
Master_msaldototal_delta1	0.000612795798709453	0.00052677162006074	0.000760501632841741
matm	0.000604434487569056	0.000582870693483492	0.000730678039396967
matm_delta1	0.00059633201373153	0.00105960990020864	0.000782869327925322
Master_mconsumospesos_lag1	0.000583679839416365	0.000847651352624129	0.000693398547590999
Visa_status_delta1	0.000574449663890036	0.000382643132025341	0.000216221052474613
cextraccion_autoservicio	0.000569662236300013	0.00055828118404597	0.000827604718092483
Visa_msaldodolares	0.000559312761188232	0.00200808611971454	0.000618839563979064
Master_mpagospesos_delta1	0.000556709175274631	0.00259596219484854	0.00117803194106858
diff_master_compra_lag1	0.000523575923868346	0.00131585001163837	0.000902163701704418
tmobile_app_delta1	0.000522133862733377	0.00442011494050763	0.000917075498426805
ccajas_otras	0.000515175685353966	0.000651604240017515	0.000134206170501484
mplazo_fijo_dolares	0.000501479138579741	0.00160998967161594	0.000492089291838774
catm_trx_delta1	0.000494947143480735	0.000881768460195841	0.000559192377089516
mcuenta_debitos_automaticos_delta1	0.000491837886559712	0.00235060718896329	0.000931987295149193
Master_mconsumototal_lag1	0.000473873787923813	0.000657001937211118	0.000581560072173096
Master_mconsumospesos_delta1	0.00046820415879629	0.000464893690872627	0.000581560072173096
diff_master_compra_delta1	0.000465020452440915	0.000603889972093557	0.000536824682005935
ccaja_seguridad_lag1	0.000453035697144744	0.000900029234566453	0.000260956442641774
mtarjeta_master_consumo_lag1	0.000450464352253955	0.00118696354030073	0.00071576624267458
matm_other_delta1	0.000429471206040456	0.00388779785030641	0.001155664245985
mttarjeta_master_debitos_automaticos	0.000424530836860565	0.00160540984872924	0.000559192377089516
ccajas_transacciones_lag1	0.000419124352937744	0.000836205438500059	0.000447353901671612
active_quarter_delta1	0.000406598981591949	0.00780894047253615	0.00160301814765661
Master_cconsumos_lag1	0.000404407424686626	0.000560105462706019	0.000521912885283548
Master_cconsumos	0.000396689145851256	0.000526969257838688	0.000544280580367128
cplazo_fijo	0.000386379980944297	0.00170836342020322	0.000432442104949225
Master_mpagospesos	0.000372363457917164	0.000722622916435745	0.000633751360701451
ctarjeta_visa_debitos_automaticos_delta1	0.000369776444938785	0.00201513413789267	0.000723222141035773
Visa_mpagosdolares	0.000364751756197173	0.000152568850697579	0.000417530308226838
matm_lag1	0.000358425370554868	0.000308554466943425	0.000566648275450709
Visa_Fvencimiento_delta1	0.000354235151281236	0.0002182850057185	0.000119294373779097
Master_cconsumos_delta1	0.00035079544841506	0.000337249286445937	0.000447353901671612
ccajas_consultas	0.000339152176777966	0.00206659532663911	0.000447353901671612
Visa_msaldodolares_lag1	0.000302196394843218	0.000436809317087488	0.000424986206588032
tmobile_app_lag1	0.000293504654389934	0.00228278783099892	0.000469721596755193
ccallcenter_transacciones_lag1	0.000254967725073311	0.000694494370151849	0.000268412341002967
Visa_mpagosdolares_delta1	0.000254708817851009	0.000450810177647457	0.000410074409865645
cmobile_app_trx_delta1	0.000254565298037945	0.00203279311889102	0.000521912885283548
Master_mconsumototal_delta1	0.000252403504312536	0.000232056806826146	0.000313147731170129
Master_mpagado_lag1	0.000236037456135305	0.00160685797806997	0.00048463339347758
ctarjeta_master_transacciones_delta1	0.000231747226063517	0.000798724845610542	0.000305691832808935
Visa_mpagosdolares_lag1	0.000209750239093135	0.000324821786537609	0.000380250816420871
catm_trx_lag1	0.000200571280548552	0.000238602761294165	0.000328059527892516
mtarjeta_master_consumo_delta1	0.000197481422946538	0.00105611230354152	0.000387706714782064
mplazo_fijo_dolares_lag1	0.000197060122210261	0.000533061419574621	0.000193853357391032
mplazo_fijo_dolares_delta1	0.000187340811307564	0.00213929164723698	0.000507001088561161
matm_other	0.000184888320458798	0.000410773727548871	0.000298235934447742
internet_delta1	0.00017852562913742	0.00149286424191928	0.000492089291838774
Visa_msaldodolares_delta1	0.000177850506385334	0.000218300716555687	0.000216221052474613
cseguro_accidentes_personales	0.000172299433614625	0.000334378074026662	0.000283324137725355
cseguro_vivienda_lag1	0.000171205025391849	0.000907430632734648	0.000447353901671612
cseguro_accidentes_personales_lag1	0.000163947258886976	0.000467010783106919	0.000268412341002967
cplazo_fijo_lag1	0.000157634444123063	0.000740064905726285	0.000238588747558193
cpagomiscuentas_delta1	0.000156317579357373	0.000707537552723279	0.000342971324614903
mprestamos_prendarios_lag1	0.000156088326980557	0.00394131283255182	0.000805237023008902
matm_other_lag1	0.000153967239810689	0.000959880465757423	0.000365339019698483
cliente_edad_delta1	0.000149640156910944	0.000909716673392025	0.000417530308226838
Master_mpagado_delta1	0.000149040533283118	0.000127076309661735	0.000141662068862677
ccajas_transacciones	0.000146840623165411	0.000726677906283078	0.000260956442641774
Master_status_delta1	0.000146577601855324	5.86811153604663e-05	8.94707803343225e-05
cseguro_vivienda	0.000140327436470565	0.000601891280371401	0.000290780036086548
Visa_delinquency	0.000139875306619776	0.000141941038573704	8.94707803343225e-05
cprestamos_personales_delta1	0.000131243396821544	0.0015906883388983	0.000372794918059677
ctarjeta_master_transacciones_lag1	0.000128774686373693	0.000300183550735477	0.000223676950835806
ctarjeta_master_transacciones	0.000126068964851648	0.000498268746003862	0.00025350054428058
Master_mpagado	0.000118725377738907	0.000132698057055224	0.000201309255752226
catm_trx_other_delta1	0.000117761685838901	0.000538301553009767	0.000208765154113419
catm_trx_other_lag1	0.000115733654904019	0.000165490900437363	0.000141662068862677
catm_trx_other	0.000113643345323351	0.000639758496471697	0.000231132849197
ccajas_transacciones_delta1	0.000109096495723969	0.000589607682623975	0.000208765154113419
mttarjeta_master_debitos_automaticos_lag1	0.000103280479627349	7.16635038227808e-05	9.6926678695516e-05
tcallcenter_lag1	9.3530690942319e-05	0.000147648854031783	0.000111838475417903
ccajas_consultas_lag1	7.17976354818973e-05	0.00161228390923185	0.000410074409865645
Master_mconsumosdolares_lag1	7.14943645430021e-05	7.95580856626772e-05	0.000119294373779097
ccuenta_debitos_automaticos_delta1	7.13865877075779e-05	0.000755617951461685	0.000208765154113419
Master_mpagosdolares	5.77272542356202e-05	6.02629006639319e-05	8.94707803343225e-05
Master_mpagosdolares_lag1	5.72978521524308e-05	7.71188074194028e-05	9.6926678695516e-05
mtarjeta_visa_descuentos_lag1	5.6803100284378e-05	0.000145214585040945	8.20148819731289e-05
ccheques_depositados_lag1	5.48137792234814e-05	0.000515438186423198	0.00010438257705671
ccajas_extracciones	5.44277525306884e-05	0.000148165717805911	8.20148819731289e-05
mforex_sell_lag1	5.01939845541715e-05	0.000246119827654985	0.000119294373779097
mbeneficios_delta1	4.94935233659439e-05	0.000176916322165102	8.20148819731289e-05
Visa_Finiciomora_lag1	4.64743677032176e-05	0.000261990960920102	6.71030852507419e-05
Visa_cadelantosefectivo	4.64124941553043e-05	5.52777837164616e-05	5.21912885283548e-05
Visa_madelantopesos_lag1	4.48337338326057e-05	6.05142740589263e-05	8.20148819731289e-05
mcheques_depositados_lag1	4.32091104760647e-05	0.000331429673581207	6.71030852507419e-05
Master_mpagosdolares_delta1	4.12007379194131e-05	3.45599710257553e-05	5.96471868895483e-05
mbeneficios_lag1	4.08512739664775e-05	0.000147840571784125	6.71030852507419e-05
Master_mconsumosdolares	3.9932376645248e-05	2.21930375332504e-05	7.45589836119354e-05
mcaja_ahorro_adicional_delta1	3.76501615754512e-05	0.00365523897977016	0.000738133937758161
Visa_madelantopesos_delta1	3.7322284940062e-05	2.46441558277383e-05	4.47353901671612e-05
cpayroll_trx_delta1	3.70163391606216e-05	0.000168914041397821	0.000201309255752226
ctarjeta_master_lag1	3.58051055872006e-05	9.97615392054738e-06	2.98235934447742e-05
Visa_madelantodolares	3.46169930119041e-05	1.565323078413e-05	5.21912885283548e-05
Visa_madelantopesos	3.45262442519542e-05	3.16184013790773e-05	5.96471868895483e-05
mttarjeta_master_debitos_automaticos_delta1	3.41572826775341e-05	9.29828821924501e-05	4.47353901671612e-05
ctarjeta_master_debitos_automaticos	3.21832227471243e-05	4.71532316510722e-05	5.96471868895483e-05
cplazo_fijo_delta1	2.9610399245111e-05	0.00287317285852372	0.000581560072173096
minversion2_lag1	2.58482973417194e-05	0.00136386119161584	0.000275868239364161
mcheques_emitidos_lag1	2.52796382578919e-05	0.000368904801831702	7.45589836119354e-05
ccajas_depositos	2.50695754202998e-05	0.000285143042601646	5.96471868895483e-05
ccajas_extracciones_delta1	2.44759579641732e-05	0.000125665977407573	3.72794918059677e-05
cinversion2_lag1	2.33575183345686e-05	0.000827551727222743	0.000171485662307451
mtarjeta_visa_descuentos_delta1	2.2970786138017e-05	6.19983789398805e-05	3.72794918059677e-05
Visa_cadelantosefectivo_lag1	2.08568854861436e-05	2.2595371581217e-05	2.98235934447742e-05
cdescubierto_preacordado_delta1	2.01146493328821e-05	0.000979149693720815	0.000201309255752226
Master_msaldodolares_delta1	1.95113054926179e-05	2.65595118048151e-05	2.23676950835806e-05
cforex_sell_lag1	1.86925603798983e-05	0.000144889439019159	4.47353901671612e-05
Visa_delinquency_lag1	1.72975418558849e-05	3.49709574188394e-05	6.71030852507419e-05
Master_mconsumosdolares_delta1	1.57174883891628e-05	1.57650281907806e-05	2.98235934447742e-05
cforex_lag1	1.47993659511333e-05	3.44725368014094e-05	1.49117967223871e-05
minversion2_delta1	1.47287342695137e-05	0.000406137664418906	8.20148819731289e-05
cseguro_vida_lag1	1.43494860948916e-05	0.000170848978998059	5.21912885283548e-05
Master_madelantopesos	1.39856732393582e-05	1.44897180591106e-05	2.23676950835806e-05
Master_cadelantosefectivo_lag1	1.3637435093716e-05	1.83650578986075e-05	1.49117967223871e-05
ctarjeta_master_debitos_automaticos_delta1	1.32088848247265e-05	1.59902168571297e-05	1.49117967223871e-05
Master_msaldodolares	1.22820979342555e-05	3.26780859626859e-05	2.98235934447742e-05
ccajas_extracciones_lag1	1.2107509275251e-05	0.000329589456390677	8.20148819731289e-05
ctarjeta_visa_delta1	1.15158293002409e-05	0.000867623469781677	0.000178941560668645
mcaja_ahorro_adicional	1.15048302015612e-05	0.000182522814107989	3.72794918059677e-05
ccajas_depositos_delta1	1.13073999964376e-05	3.02741001797594e-06	1.49117967223871e-05
cseguro_vida	1.10195555940125e-05	7.72727280851783e-05	2.98235934447742e-05
mcajeros_propios_descuentos_lag1	1.06424950898373e-05	6.05192833113628e-05	3.72794918059677e-05
Visa_delinquency_delta1	1.05983371481646e-05	4.51584107148893e-06	1.49117967223871e-05
tcuentas	1.01993712296726e-05	0.000556645890818751	0.000119294373779097
Visa_madelantodolares_lag1	1.00004217978718e-05	1.76211839117899e-06	7.45589836119354e-06
mcaja_ahorro_adicional_lag1	9.79501492912443e-06	0.00031538207801435	6.71030852507419e-05
minversion2	9.69869121051291e-06	7.25180367497862e-05	1.49117967223871e-05
cinversion2	9.03537569173602e-06	7.26309726228997e-05	1.49117967223871e-05
ctarjeta_visa_descuentos_delta1	9.00024654810608e-06	8.22018324826771e-06	1.49117967223871e-05
mcajeros_propios_descuentos_delta1	8.94867907042438e-06	6.31170360862641e-05	3.72794918059677e-05
Visa_madelantodolares_delta1	8.66533903504551e-06	1.79431422274802e-05	2.98235934447742e-05
cseguro_accidentes_personales_delta1	8.46009917094661e-06	0.0010338049639754	0.000208765154113419
ctarjeta_master_debitos_automaticos_lag1	7.92639450986726e-06	6.28775027424832e-06	1.49117967223871e-05
Master_status_lag1	6.76281944187449e-06	6.29458107302534e-06	2.98235934447742e-05
Master_msaldodolares_lag1	5.11435456728491e-06	2.20634800497795e-05	2.23676950835806e-05
Master_delinquency	4.12373510594435e-06	7.9738191057098e-06	7.45589836119354e-06
Master_delinquency_lag1	4.12029391629978e-06	2.80540905772274e-06	1.49117967223871e-05
cprestamos_prendarios_lag1	3.09602954060221e-06	0.000109071917938554	2.23676950835806e-05
Visa_status_lag1	2.39335968978936e-06	1.36080896302897e-05	4.47353901671612e-05
Master_Fvencimiento_delta1	2.38280825550042e-06	1.7990047045749e-06	7.45589836119354e-06
mforex_sell	2.31684649843954e-06	4.89775103111221e-05	3.72794918059677e-05
Master_delinquency_delta1	2.02384666563898e-06	1.59430843455682e-06	7.45589836119354e-06
Master_cadelantosefectivo_delta1	1.92756135435e-06	1.39758142977861e-06	7.45589836119354e-06
mprestamos_prendarios_delta1	1.51899358858655e-06	0.000221529635137585	4.47353901671612e-05
mcheques_depositados_delta1	1.08883563465163e-06	0.000147686423425057	2.98235934447742e-05
mprestamos_hipotecarios_lag1	8.00299151901904e-07	3.03847591199472e-05	7.45589836119354e-06
cforex_sell	4.07135350613406e-07	1.11235004217944e-05	7.45589836119354e-06
ccheques_depositados_delta1	2.43379501579585e-07	3.69216058562642e-05	7.45589836119354e-06
ctarjeta_visa_lag1	7.5827901647029e-11	7.19169264574083e-06	2.23676950835806e-05
