Feature	Gain	Cover	Frequency
ctrx_quarter	0.109716767080494	0.0155213133136975	0.0155266888172064
mingresos	0.03851517078544	0.00656642428432147	0.00515791139138325
mpasivos_margen	0.0341012378966061	0.0114087339915936	0.0168202028421144
cliente_edad	0.0256860886205476	0.0185605899886588	0.0423734012702657
numero_de_cliente	0.0245203799467292	0.01591577788601	0.0425077252428971
mrentabilidad_annual	0.0203174358607271	0.0165633870673636	0.0350850341783474
mcuenta_corriente	0.0203105643592391	0.0177274265940924	0.0279755504538278
mpayroll	0.0184743947366459	0.0106158070430157	0.00122570625026235
cpayroll_trx	0.0184719259591264	0.00822407627403873	0.000889250530353666
mtarjetas_consumo	0.0181070570709294	0.00429506448769578	0.00324508635804442
Visa_Fvencimiento	0.0180563372977218	0.00851987563218628	0.0259794187259242
mcuentas_saldo	0.0167548287564252	0.011034752186824	0.0190643172887223
mcaja_ahorro	0.0157957099356498	0.00783103020787897	0.0144966564309216
Master_mfinanciacion_limite	0.0154455564031955	0.00776732690332829	0.0208072999912819
cliente_antiguedad	0.015444277706003	0.0138465710542146	0.0292354834855779
Master_Fvencimiento	0.0145650270423984	0.0129906927246727	0.0234130559026668
Visa_fechaalta	0.0144828649746266	0.00802654102725944	0.0195874058359891
mprestamos_personales	0.0141423631675894	0.0163067278690672	0.00338780557896538
Master_fechaalta	0.0139809741691305	0.0100562494975687	0.0205270278560796
mrentabilidad	0.0133933772084731	0.0100079918413683	0.0208389436194499
mactivos_margen	0.013385548158888	0.0138791247324889	0.0188434576798763
diff_comisiones_consumo	0.0116907514058208	0.00530694774051936	0.00498806906060401
Visa_mfinanciacion_limite	0.010597326309609	0.00596301759989889	0.019526055944643
mcomisiones	0.010118680326132	0.00445289271034939	0.0154265916260627
chomebanking_transacciones	0.00967536239291162	0.00710704581056064	0.0141860322442113
Visa_mpagominimo	0.00862808902606963	0.00521918480329058	0.0074633757293372
Visa_msaldototal	0.0085784255232645	0.00314090568282172	0.00546595242477373
cproductos	0.00808639727793299	0.00778029335658907	0.0118353627231602
mcaja_ahorro_dolares	0.00750010364919794	0.00558175782063435	0.0106987752624322
cprestamos_personales	0.00733259652964446	0.00834461700582556	0.00228738226471509
diff_visa_compra	0.00704184045579018	0.00375260505416223	0.00941171912082377
mrentabilidad_annual_delta1	0.00670914342256442	0.00951325449146818	0.0108582849799321
mcomisiones_otras	0.00655798612686442	0.00386759823519287	0.00979983790712918
cdescubierto_preacordado	0.00644366299337141	0.00977556303467499	0.00292219219306488
mrentabilidad_annual_lag1	0.00641600807874953	0.00757291344645828	0.00823380120697839
ccomisiones_otras	0.00599978602100024	0.00535115162135877	0.00986247937513521
Visa_status	0.00576904719223903	0.0133289434742696	0.00111785959915918
Visa_mpagospesos	0.00567250626861124	0.00444528905606783	0.00805814678122952
mtarjeta_visa_consumo	0.00548064477932512	0.00257337843931028	0.00280013819870261
ctarjeta_visa_transacciones	0.00545001195870461	0.00292197944014276	0.00413821161837784
mtransferencias_recibidas	0.00527000236382402	0.00512918408611155	0.0061563001495
Visa_msaldopesos	0.00525939090572531	0.00346804764558948	0.00447143839663673
cliente_edad_lag1	0.00517729694035189	0.00988292695911791	0.0101795614451451
Visa_mlimitecompra	0.00515244009303488	0.00371415062094389	0.00935618132444729
Visa_mconsumospesos	0.00511908600401986	0.00378511675388046	0.00777335412771756
Visa_cconsumos	0.00510846757438692	0.00332373351952056	0.0057869092247634
mttarjeta_visa_debitos_automaticos	0.00498916591626647	0.00382648200785452	0.00512949670486505
mautoservicio	0.00473612999402819	0.00269591576655949	0.0035343995298661
Master_mlimitecompra	0.00472023213316781	0.00430610077309939	0.00971782278922438
mactivos_margen_delta1	0.00467405100122595	0.00837023614954987	0.00640686602152413
mcuenta_debitos_automaticos	0.00436833055806641	0.00512010449347691	0.00435842543889389
cliente_antiguedad_lag1	0.00430334464690231	0.00711781753880047	0.00825446643353708
ctarjeta_debito	0.00430209991454682	0.00765915585272864	0.0078831381438106
mcuenta_corriente_lag1	0.00418559077869359	0.0093002140882756	0.00681500424605827
ctrx_quarter_delta1	0.00399182537521502	0.00941512438856735	0.00610722023642311
Master_Fvencimiento_lag1	0.00390680555493574	0.00488288667162108	0.00558090274750645
chomebanking_transacciones_delta1	0.00388139249441931	0.00418839051849486	0.00399290924413705
mcomisiones_mantenimiento	0.00386298954135199	0.00562808246427687	0.00438813170207201
mrentabilidad_delta1	0.00372146246091524	0.00472838359653389	0.00554603017768866
ctransferencias_recibidas	0.00368052042307733	0.00212818001417616	0.00402713602562488
mtransferencias_emitidas	0.00361872461970464	0.00257059616827203	0.00357056367634381
Master_fechaalta_lag1	0.00352774324128161	0.00378881747882119	0.00464192651574593
mcuentas_saldo_delta1	0.00351818282267811	0.00516964480215135	0.00535810577367056
chomebanking_transacciones_lag1	0.00339388565024091	0.00497838112089467	0.00396707771093869
diff_comisiones_beneficios	0.00339129686022582	0.00577997987041973	0.00426155718940003
Visa_Fvencimiento_lag1	0.00336426151626417	0.00461975754759213	0.00608009712656483
ctarjeta_debito_transacciones	0.00333031050807154	0.00347202638235939	0.0032186090365161
active_quarter	0.00332743908009295	0.00272165484901541	0.00604845349839683
ccallcenter_transacciones	0.00329256237295914	0.00412015921929052	0.00232806692950252
mcuentas_saldo_lag1	0.00328218084331404	0.00669105169773667	0.00463482284411638
mrentabilidad_lag1	0.00322551293236591	0.00435099399411038	0.00522442758936903
mcuenta_corriente_delta1	0.00320883991418835	0.00906631949189112	0.00629966515875092
mactivos_margen_lag1	0.00308847592081083	0.00604451112435153	0.00509914465335697
ctrx_quarter_lag1	0.00307061651688048	0.00404490812139941	0.00376817490531129
mpasivos_margen_lag1	0.00305994871872945	0.0050069674412018	0.00421893515962273
Master_mfinanciacion_limite_lag1	0.00292443928957465	0.0024471092491804	0.00307911875724494
mpasivos_margen_delta1	0.00285784143661634	0.00446859161394452	0.00433194811736557
Master_mpagominimo	0.00275707440899168	0.00320751834733589	0.00172360905266081
mcomisiones_otras_lag1	0.00274972591035667	0.002481080049699	0.00247336930374331
Visa_fechaalta_lag1	0.0027342076849618	0.00299538117505293	0.00416920945821588
Visa_mconsumototal	0.00272513092447124	0.00129620885673234	0.00308428506388461
ctransferencias_emitidas	0.00271761197335129	0.00283679018819654	0.0024404340989154
diff_master_compra	0.00270596776278591	0.00300943330448623	0.0021704945769925
mcomisiones_lag1	0.00268493606606438	0.00350003961080405	0.00415952263326649
internet	0.00264757001005399	0.00707333333961782	0.00290733906147582
mcaja_ahorro_lag1	0.00264525797162713	0.00341390576446256	0.00350727642000781
Visa_mpagospesos_delta1	0.00260716349689789	0.00556004106806425	0.00254957232667848
mcomisiones_delta1	0.00258040060502268	0.00293002648331228	0.00356087685139442
ctarjeta_visa_debitos_automaticos	0.00257300881724495	0.00167472742090907	0.00252503237014004
Master_fultimo_cierre	0.00250168906826845	0.00202546579144597	0.00463740599743622
Visa_fultimo_cierre	0.00245928398922175	0.00150730110125801	0.00424541248115105
Master_msaldototal	0.00243716678066959	0.00262944933503733	0.00227059176813616
Visa_mpagado	0.00240249301472797	0.00238582255630415	0.00266516843774116
cmobile_app_trx	0.00239895271498931	0.00228975340060823	0.00416275157491629
ccaja_ahorro	0.00236783934451475	0.00480765502533196	0.00233258744781223
mpagomiscuentas	0.00230473696122155	0.00339704699182567	0.00240814468241744
mcaja_ahorro_delta1	0.00229348370840511	0.0034019852384485	0.00320892221156671
cpagomiscuentas	0.00223422864049145	0.00127228107977521	0.00170036067278228
ccuenta_debitos_automaticos	0.00223368404324129	0.00284794395205009	0.00229384014801469
Master_msaldopesos	0.00219173904362372	0.00395198689610556	0.00209493734238729
mprestamos_personales_lag1	0.00217377957715728	0.00229215755710669	0.000811110142428616
ccomisiones_mantenimiento	0.00214893478426906	0.00620492564123128	0.0022131166067698
Visa_mfinanciacion_limite_lag1	0.00212617962716562	0.00272687564361175	0.00321796324818614
Visa_mconsumosdolares	0.00195031907366458	0.00273330951084106	0.00251728291018053
thomebanking	0.00192985330796639	0.00883657669771557	0.00241524835404699
mcaja_ahorro_dolares_delta1	0.00191501037923305	0.00311364514680175	0.0021530582920836
ccajas_consultas	0.00190399097571395	0.00685921279588648	0.00143558745749906
mttarjeta_visa_debitos_automaticos_delta1	0.00187250687749826	0.00265868224812195	0.00141298486595049
Master_status	0.00183077128584181	0.00182995766299858	0.000854377960535875
ccomisiones_mantenimiento_delta1	0.00179891529809658	0.003216540584654	0.000596708416882199
diff_visa_compra_lag1	0.00168922262473881	0.00183774983636342	0.00189603453675989
ccomisiones_otras_lag1	0.00167428628228987	0.00304930785841716	0.00248499349368258
tcallcenter	0.00166769626735621	0.00134893054026286	0.000902812085282807
mprestamos_personales_delta1	0.00163317130778482	0.00396676826840384	0.00117016845388587
Master_mpagospesos	0.00160532228987312	0.00338178425004109	0.00213755937216459
Master_mconsumospesos	0.00159861619438596	0.00188897497668183	0.00157895246674997
Visa_mconsumospesos_lag1	0.00149116939643627	0.0014035408743973	0.00161834555487748
mextraccion_autoservicio	0.00147607349934453	0.00209691544661531	0.0018753693102012
ctransferencias_recibidas_delta1	0.00147146015400997	0.00227282481747884	0.00125993303175018
mtransferencias_recibidas_delta1	0.00144489008354965	0.00419998059792656	0.00212980991220508
mcaja_ahorro_dolares_lag1	0.00144147043142171	0.00265926518111112	0.00205748161924966
matm	0.00144045442412254	0.00187858905136202	0.00152212309371357
Visa_mpagominimo_delta1	0.00143241752811591	0.00306992993940987	0.0017016522494422
mtransferencias_recibidas_lag1	0.001423020903638	0.00137910128196814	0.00144010797580877
mcomisiones_otras_delta1	0.00142004699641724	0.00262354073794546	0.00200904749450273
ccallcenter_transacciones_delta1	0.00140352950499196	0.0016986251362995	0.000931226771801007
diff_visa_compra_delta1	0.00139672331450883	0.00222764889472673	0.00141363065428045
mautoservicio_delta1	0.00138302791902697	0.00253329775990533	0.00121279048366317
Visa_mpagominimo_lag1	0.00138128836869222	0.00248107382211102	0.00170811013274179
mingresos_delta1	0.00137211383055816	0.00319060375705852	0.00192832395325784
mttarjeta_visa_debitos_automaticos_lag1	0.00135260795856165	0.00103963084773123	0.00100097191143659
mingresos_lag1	0.00131415798423798	0.00262084042504048	0.00138844490941204
Visa_mconsumospesos_delta1	0.00131123673933075	0.00119851130210335	0.00130320084985744
cproductos_lag1	0.00129152950930926	0.00410409411814495	0.00265483582446182
cextraccion_autoservicio	0.00128302342886832	0.00110193455954453	0.00133742763134527
ctarjeta_debito_lag1	0.00123716785195658	0.00137433963743923	0.0017617105641284
ctarjeta_visa_transacciones_delta1	0.00119818906283837	0.00332391442710741	0.00102809502129487
tmobile_app	0.00119287264937295	0.0036629161776854	0.000540524832175758
mtransferencias_emitidas_delta1	0.00118873891063771	0.00350658864996922	0.00124055938185141
Visa_msaldototal_lag1	0.00118867209593257	0.00183823858669475	0.00122376888527247
Visa_msaldodolares	0.0011466752098563	0.0030231823579708	0.00117146003054579
Visa_msaldototal_delta1	0.00113997082517136	0.00247760128829556	0.0012754319516692
internet_lag1	0.00113520959260006	0.00956812530792487	0.00107782072270172
Visa_mpagospesos_lag1	0.00111317181170518	0.00243872914537924	0.00177785527237737
ctarjeta_visa_transacciones_lag1	0.00110513463096032	0.00178686175463436	0.000934455713450802
diff_comisiones_consumo_delta1	0.0010812749523063	0.00200505229620895	0.00125605830177043
Visa_msaldopesos_lag1	0.00106024612311739	0.0018137760828925	0.00106167601445274
ccaja_seguridad	0.00105232412927179	0.00379581275157501	0.000499840167388335
Visa_msaldopesos_delta1	0.00102925241371259	0.00177549217794771	0.00121214469533321
cseguro_vivienda	0.0010230011551092	0.000723575529257606	0.000975786166568184
Visa_mpagado_delta1	0.00102253872181119	0.00133025423453919	0.000824671697357757
Visa_cconsumos_delta1	0.00101779135346926	0.00188733319996715	0.000960933034979125
ccajas_otras	0.00100546491962181	0.00551024027706756	0.000774945995950907
Visa_cconsumos_lag1	0.000993681903185903	0.00177103599276541	0.00121085311867329
ccajas_consultas_delta1	0.000980913486353395	0.00211536448381932	0.00053858746718588
ctransferencias_recibidas_lag1	0.000959909065515759	0.000918869690083151	0.00095705830499937
ctarjeta_debito_transacciones_delta1	0.000959723967221424	0.00149743444913905	0.000920894158521661
mtarjeta_master_consumo	0.000951255107490261	0.00179034858883705	0.000689056148066348
ccomisiones_otras_delta1	0.000948123343992859	0.00179542768658572	0.00124572568849108
matm_other	0.000941338256136475	0.00208446157766458	0.00105909286113291
mplazo_fijo_dolares	0.000937307746157297	0.00465556487149669	0.000935101501780761
Master_cconsumos	0.000932825863189612	0.000848085925525681	0.000805943835788943
cpayroll_trx_lag1	0.000929080765992231	0.00141135618978663	0.000259606908643554
ccajas_transacciones	0.000923904460049732	0.0012612414883681	0.000827254850677593
diff_comisiones_consumo_lag1	0.000916686134425091	0.00105001062234686	0.00109719437260049
tcallcenter_delta1	0.000912276745561577	0.00210812648890159	0.000476591787509808
diff_comisiones_beneficios_delta1	0.000905451277281863	0.00103137837104192	0.000502423320708172
Visa_mpagosdolares	0.000900824815590613	0.00118375022712888	0.000929289406811129
Master_mpagado	0.00089738623749169	0.00103757558992769	0.000631580986699989
mcomisiones_mantenimiento_delta1	0.000883239885128493	0.00236758633346495	0.000655475154908476
catm_trx	0.00088043749237557	0.00185973568224162	0.00101453346636573
cseguro_accidentes_personales	0.000868390768374917	0.00056024942278411	0.00124185095851133
mextraccion_autoservicio_delta1	0.000858573226776407	0.00334552884733663	0.000782695455910416
ctransferencias_emitidas_delta1	0.000857065590852841	0.00160981219698247	0.000689701936396307
cproductos_delta1	0.000856693292984396	0.00218571224033385	0.000539879043845799
mtarjetas_consumo_lag1	0.000843730792384512	0.00111599176330879	0.000802714894139148
Visa_mlimitecompra_lag1	0.000843037617104816	0.00179527384209728	0.00149887471383505
mcuenta_debitos_automaticos_lag1	0.000837488153665424	0.00103711544037082	0.000835004310637103
Visa_mpagado_lag1	0.000819987854870762	0.000947536123312296	0.000628352045050194
thomebanking_delta1	0.000789906972434703	0.0021027548482851	0.000852440595545998
ctarjeta_debito_transacciones_lag1	0.000753969625908921	0.00257133233067921	0.000855023748865834
ctarjeta_visa	0.000747540739688178	0.000586382842262115	0.000587021591932812
Master_mlimitecompra_lag1	0.000742142818637915	0.00109546701720981	0.00133096974804568
matm_delta1	0.000738710987078018	0.00173782465044609	0.000620602585090685
mtarjeta_visa_consumo_delta1	0.000721759541918527	0.00176530184502099	0.000950600421699779
mtransferencias_emitidas_lag1	0.000706678942311764	0.0016950483480481	0.000812401719088534
ctarjeta_visa_debitos_automaticos_lag1	0.000689014452878709	0.000940453279907634	0.000631580986699989
diff_comisiones_beneficios_lag1	0.000687119716692051	0.0014692392367343	0.00103778184624426
mpagomiscuentas_delta1	0.000686130470917354	0.00238974493724696	0.000755572346052135
mcomisiones_mantenimiento_lag1	0.000641899432329216	0.00148339231460005	0.000975786166568184
matm_other_delta1	0.000640387924106928	0.00359685676901271	0.000569585307023917
diff_master_compra_lag1	0.000633783931414108	0.00118621719769383	0.000505006474028008
cseguro_vida	0.000630258857289088	0.0005799685035186	0.000746531309432707
mcuenta_debitos_automaticos_delta1	0.000617441427022533	0.00215142652376096	0.000621248373420644
mcaja_ahorro_adicional	0.000597636385834791	0.00404812478592075	0.000820796967378003
mtarjetas_consumo_delta1	0.000589623321115366	0.00245976762904529	0.000908624180252439
catm_trx_other_delta1	0.000575425018430991	0.00121160207647247	0.000291250536811549
Master_mpagospesos_delta1	0.000563973690047235	0.00152343270689258	0.00051081856899764
Master_mpagospesos_lag1	0.000562854376036663	0.00166768271187036	0.000480466517489563
mautoservicio_lag1	0.000559892593388045	0.00165097301692617	0.00078011230259058
catm_trx_delta1	0.000545114277178616	0.00143290771906555	0.000455926560951117
mplazo_fijo_dolares_delta1	0.000539172115584369	0.00214663758548223	0.000381660903005822
ctarjeta_master_transacciones	0.000535700483547515	0.0012585205706041	0.000564419000384244
mttarjeta_master_debitos_automaticos	0.000529008381235265	0.00122943043074038	0.000540524832175758
mpagomiscuentas_lag1	0.000516977871091618	0.00284680499540256	0.000654829366578517
ccajas_otras_delta1	0.000516893685369145	0.001773371645796	0.00026219006196339
ccomisiones_mantenimiento_lag1	0.000505640375341286	0.000624482764267964	0.000437198699382303
cpagomiscuentas_delta1	0.000502122528791057	0.000772042309400291	0.000457218137611035
ctarjeta_visa_debitos_automaticos_delta1	0.000499920870277857	0.000969072198946947	0.000497257014068499
Master_mconsumototal	0.000498550957338711	0.000779174742857447	0.000631580986699989
ccaja_ahorro_lag1	0.000497896214560382	0.000408518316305661	0.000434615546062467
cmobile_app_trx_delta1	0.000497567592993567	0.00182862634307766	0.000612207336801217
cextraccion_autoservicio_delta1	0.000487986589846279	0.00113131209106131	0.000492736495758785
cpagomiscuentas_lag1	0.000485034309284326	0.00106119229502065	0.000464321809240585
mforex_sell	0.000483618709477819	0.000515029676264684	0.000301583150090895
Master_fultimo_cierre_lag1	0.000480259274445665	0.000723040648644886	0.000811755930758575
cdescubierto_preacordado_lag1	0.000471383040293954	0.00112949955542168	0.000771071265971153
ccajas_extracciones	0.000465963037606147	0.00111543058843567	0.000402971917894472
cmobile_app_trx_lag1	0.000464180794293774	0.000588906168654162	0.000907978391922479
cprestamos_personales_lag1	0.000461094220008781	0.00170364649431263	0.00051081856899764
Visa_mconsumototal_lag1	0.000456496919326468	0.000588699581877336	0.000676786169797126
catm_trx_other	0.000452528996104812	0.00158893478488227	0.000721345564564303
ccallcenter_transacciones_lag1	0.000449270870679403	0.000818470592408339	0.000345496756528113
Master_mconsumospesos_lag1	0.000446025815455013	0.000695539696975067	0.000339684661558481
active_quarter_lag1	0.000439097146818253	0.000792358700394983	0.00139619436937155
ctarjeta_master	0.000437916496059659	0.000125803043636433	0.000390701939625249
Master_mfinanciacion_limite_delta1	0.000433862644403661	0.000664953552085866	0.000485632824129235
Master_msaldototal_delta1	0.000427652055673458	0.000444346091301633	0.000285438441841918
Visa_fultimo_cierre_lag1	0.000427030976653123	0.000792092144252349	0.000674848804807248
mtarjeta_master_descuentos	0.000414780514490455	0.0003782487020306	0.000216984878866254
tmobile_app_delta1	0.00041371162598415	0.000888215195493691	0.00021246436055654
matm_lag1	0.000410543728264297	0.000576352350760417	0.000316436281679954
mpayroll_lag1	0.000409709008314876	0.00153141470636534	0.000282209500192122
Master_mpagado_lag1	0.000409060033005975	0.000799744312213169	0.000196965440637522
Visa_msaldodolares_delta1	0.000407581228153354	0.000812111148699679	0.000258961120313595
Master_msaldopesos_lag1	0.000406788889588005	0.000828758875299205	0.000373265654716354
thomebanking_lag1	0.000397381447096237	0.000564873829725879	0.000703263491325448
ctarjeta_master_transacciones_delta1	0.000393623307328796	0.000905218509678934	0.000255732178663799
tcuentas	0.000387874439815958	0.00176734795365206	0.000764613382671562
mtarjeta_visa_consumo_lag1	0.000385335602311375	0.000540531879725665	0.000548920080465226
Visa_mconsumototal_delta1	0.000380169642227963	0.000517685396564322	0.000593479475232403
mttarjeta_master_debitos_automaticos_delta1	0.000377602679766676	0.000401785447969147	0.000218922243856131
Master_mpagominimo_lag1	0.000376986618069437	0.00158484917962714	0.000394576669605004
mprestamos_prendarios	0.00037549739916087	0.00475487798546377	0.000674848804807248
cextraccion_autoservicio_lag1	0.000375061816392417	0.000569051772427593	0.000286730018501836
internet_delta1	0.000370484240993598	0.00177851878570972	0.000866002150475139
mextraccion_autoservicio_lag1	0.000365710256621635	0.00159646693722767	0.000458509714270953
Visa_mconsumosdolares_delta1	0.000360620012909286	0.00159021497707465	0.000474654422519931
ccuenta_debitos_automaticos_lag1	0.000357359254197695	0.000912101993384187	0.000494673860748662
ccajas_consultas_lag1	0.00035580472832482	0.00154899434153275	0.000355183581477499
Master_msaldototal_lag1	0.000352238163263239	0.000714682687378795	0.000421699779463285
Master_mpagado_delta1	0.000348847196239952	0.000522632792359626	0.000264773215283227
cliente_edad_delta1	0.000342204153096368	0.00112218559930725	0.000546982715475349
ctransferencias_emitidas_lag1	0.000342059168158029	0.000760909227289564	0.00043267818107259
Visa_mpagosdolares_delta1	0.000339477647743744	0.000944546419775392	0.000242170623734659
ccajas_extracciones_delta1	0.000335852682297614	0.000546825818434751	0.000220859608846009
Visa_mfinanciacion_limite_delta1	0.000331202250413117	0.000571198291304485	0.000384244056325658
Master_cconsumos_delta1	0.000328488488527395	0.00110320829349752	0.00022667170381564
mbeneficios	0.000325147458478402	0.00108671594906248	0.000313207340030158
Visa_mconsumosdolares_lag1	0.000322822416813879	0.00309744373067468	0.000600583146861953
ctarjeta_master_debitos_automaticos	0.000314411637273224	0.000468855340455689	0.00031901943499979
Master_mpagominimo_delta1	0.000308405512010601	0.00124717705752643	0.000328706259949176
Visa_msaldodolares_lag1	0.000303452224199319	0.000586643709003377	0.000249920083694168
Master_msaldopesos_delta1	0.000298978508482504	0.000440493597735127	0.000272522675242736
diff_master_compra_delta1	0.000296652875482059	0.000776219021961168	0.000300291573430977
cplazo_fijo	0.000289359457786958	0.00152401210322684	0.000346142544858072
mtarjeta_visa_descuentos	0.00028424245188843	0.00165730147646249	0.000343559391538235
ccuenta_debitos_automaticos_delta1	0.000280739201276953	0.000325824635698852	0.000244753777054495
mpayroll_delta1	0.000279585382257411	0.00182320111445095	0.000356475158137417
Master_mconsumospesos_delta1	0.000277804352809305	0.000383161423231059	0.000207298053916868
matm_other_lag1	0.000277107040173157	0.000884341405113943	0.000270585310252858
Visa_delinquency	0.000276447634130043	0.00028078818016415	0.000413304531173817
minversion1_dolares	0.000273045244733666	0.000670502563634302	0.000132386607641613
Visa_Finiciomora	0.000263903670151261	0.00123281316427473	0.000471425480870135
ccajas_depositos	0.000257294808252082	0.000245574476097285	0.000286730018501836
minversion1_pesos	0.000251677877452763	0.00425989183957936	0.000365516194756845
mtarjeta_visa_descuentos_lag1	0.000242308802561115	0.00018410010985958	0.000165321812469527
mtarjeta_master_consumo_delta1	0.000235924706458034	0.00115413012721579	0.000207943842246827
cseguro_vivienda_lag1	0.00023308153471905	0.000561246221281151	0.000298999996771058
mcajeros_propios_descuentos	0.000231092455930242	8.35667730659224e-05	0.000146593950900713
Master_cconsumos_lag1	0.000229475817371138	0.000189738614153913	0.000186632827358177
active_quarter_delta1	0.000225396156265012	0.00414182361399123	0.000523734335596822
cseguro_auto	0.000223992353088706	0.000307725189143974	0.00022667170381564
Visa_mpagosdolares_lag1	0.000223831124531529	0.000462589925637263	0.000201485958947236
Visa_Fvencimiento_delta1	0.000218693841250935	0.000726028891389545	0.000160801294159813
Master_mlimitecompra_delta1	0.000217429977810645	0.000914612249529841	0.000370036713066558
Visa_madelantopesos	0.000217224811741742	0.000815207566954198	0.000155634987520141
cseguro_accidentes_personales_lag1	0.00021525385913376	0.000156630834316316	0.000270585310252858
ctarjeta_visa_descuentos_lag1	0.000205252193818524	0.000133233324943765	0.000137552914281286
catm_trx_lag1	0.000200257795640266	0.00050811828373919	0.00020536068892699
ccajas_transacciones_lag1	0.000195309092856198	0.000400831627517601	0.000145948162570754
Master_mpagosdolares	0.00019337465788336	0.000294992770177446	0.000167259177459404
Master_msaldodolares	0.000191579628841826	0.000528716530753176	0.0001846954623683
cprestamos_personales_delta1	0.000186649865736762	0.000380838148492641	0.000165321812469527
mplazo_fijo_dolares_lag1	0.000182101899468201	0.000355815161771502	0.00019115334566789
cinversion2	0.000178625566520379	0.00214105943497272	0.000288021595161754
cpayroll_trx_delta1	0.000177676465120768	0.000578371088757858	0.00019115334566789
ctarjeta_visa_descuentos	0.000176774248539739	0.000206346361176234	0.000142073432591
mcaja_ahorro_adicional_delta1	0.000174857994903492	0.00134292207111178	0.000173071272429036
Master_delinquency	0.000173139141577132	0.000293908016610554	0.000213755937216459
mforex_sell_delta1	0.000172244775009293	9.47244579933909e-05	0.000116241899392636
Master_status_delta1	0.000171201630013039	0.000629037591368637	0.000111721381082922
ccajas_transacciones_delta1	0.000168717086158371	0.000355200168236767	0.000203423323937113
ctarjeta_master_transacciones_lag1	0.00016341166147612	0.000262788990087494	0.000138198702611245
mcheques_emitidos	0.00016081443135956	0.00182159170581705	0.000202777535607154
ctarjeta_debito_delta1	0.000159271989444447	0.000678947172945604	0.000103971921123413
mcheques_depositados	0.00015905848907389	0.00105039012079509	0.000173717060758995
mttarjeta_master_debitos_automaticos_lag1	0.00015407332756363	0.000467928583102559	0.000133032395971572
tcallcenter_lag1	0.000153181681278494	0.000122094169012655	0.000116887687722595
mtarjeta_visa_descuentos_delta1	0.000151835353696827	0.000241987539183983	9.94514028136997e-05
Visa_mlimitecompra_delta1	0.000151357355878527	0.000475416681029234	0.00029060474848159
cprestamos_prendarios	0.000150685512574252	0.00136462798306574	0.000305457880070649
ccajas_otras_lag1	0.000147701338598674	0.000174213929254832	0.000109138227763086
Master_status_lag1	0.000144026680385191	0.000546647371129573	9.94514028136997e-05
Master_Finiciomora	0.000143592727762362	0.000833897096691861	0.000151760257540386
mtarjeta_master_consumo_lag1	0.000142854264529182	0.000502370220026555	0.000153051834200304
Visa_delinquency_lag1	0.000142196680880412	5.6988119488699e-05	7.81403879250498e-05
tmobile_app_lag1	0.000139827148672624	0.000909003422383203	0.000123345571022186
ccajeros_propios_descuentos	0.000138759182610791	8.10543641738038e-05	0.000129803454321777
mforex_sell_lag1	0.000132736098657413	0.000122439377285059	8.97645778643134e-05
ctarjeta_master_debitos_automaticos_lag1	0.000130892428752017	8.98169648914897e-05	8.07235412448862e-05
ccajeros_propios_descuentos_lag1	0.000130338185650801	0.000214126771319319	9.62224611639043e-05
mtarjeta_master_descuentos_lag1	0.000129523421694961	0.000147543091998631	9.4285096174027e-05
ccheques_emitidos	0.000128773913543339	0.000494471716363111	0.000133032395971572
mpagodeservicios_delta1	0.000128404105877069	8.54207490749972e-05	6.84535629756635e-05
Master_mconsumototal_lag1	0.000127207461271745	0.000417546550560353	0.000136261337621368
ctarjeta_master_debitos_automaticos_delta1	0.000127142069602194	0.00031174790344881	0.000101388767803577
ccheques_depositados	0.000125391483844387	0.0011085331118784	0.000185987039028218
mcaja_ahorro_adicional_lag1	0.000122725269868864	0.00155378812349102	0.000227963280475559
cinversion1	0.000120430068262224	0.000540015220574094	0.000124637147682104
cforex	0.000118982270522698	0.000125825493706709	0.000100742979473618
minversion2_lag1	0.00011885305706574	0.000106850648178648	5.55377963764817e-05
catm_trx_other_lag1	0.000117007183277186	0.000349968148605285	0.000131095030981695
ctarjeta_master_descuentos_lag1	0.0001164464890134	0.00032481222978994	7.2328292955418e-05
ccajeros_propios_descuentos_delta1	0.000116358259731817	7.48908203934479e-05	3.74557231376272e-05
ctarjeta_visa_delta1	0.000115708998924096	0.000172609825603288	6.71619863157453e-05
ccajas_depositos_delta1	0.000112803713951143	0.000295346973854721	0.000104617709453372
foto_mes	0.000112652763754521	0.000112373826769505	0.000277043193552449
minversion2	0.000112388200953086	0.00149420625204735	0.000253149025343963
cforex_sell	0.00011043014150114	0.000251446784034464	0.000143365009250918
tcuentas_lag1	0.00011022659363913	0.00337713047348683	0.000264127426953268
mbeneficios_lag1	0.000107614131014004	0.000245921760232352	8.71814245444771e-05
ctarjeta_visa_descuentos_delta1	0.000106643528973113	4.74815910997928e-05	6.19956796760726e-05
ctarjeta_master_delta1	0.000104403631713165	0.00106228004705583	0.000107846651103168
cplazo_fijo_delta1	0.000103327012902848	0.00104689275351149	0.000140781855931081
Master_msaldodolares_lag1	0.000101517564109638	0.000131342906012392	8.07235412448862e-05
Master_mconsumosdolares	9.96807292637609e-05	0.00051492503740973	0.000160155505829854
Visa_Finiciomora_lag1	9.78967654958666e-05	0.000614436972889606	8.78272128744361e-05
Visa_status_lag1	9.56451533158709e-05	0.00414703056950316	0.000232483798785272
cseguro_vida_lag1	9.43630318259495e-05	0.000154029701516323	0.000133032395971572
ccajas_depositos_lag1	9.07883003303477e-05	0.000314580533377579	8.13693295748453e-05
minversion2_delta1	8.72532539935476e-05	4.99448712422307e-05	9.17019428541907e-05
ccajas_extracciones_lag1	8.56624509837023e-05	0.000195669046245643	9.94514028136997e-05
mbeneficios_delta1	8.53734446518584e-05	0.000285050156861797	7.42656579452953e-05
cseguro_vivienda_delta1	8.46295444764185e-05	3.35054997469835e-05	6.07041030161544e-05
mplazo_fijo_pesos_delta1	8.4624492796498e-05	0.000170641677147772	3.55183581477499e-05
Visa_delinquency_delta1	7.90872643926387e-05	0.000272070479587018	8.6535636214518e-05
mplazo_fijo_pesos_lag1	7.89077669563787e-05	6.22528916199679e-05	3.81015114675863e-05
cforex_sell_lag1	7.78506219823166e-05	0.000164049659937103	7.10367162954998e-05
mcajeros_propios_descuentos_lag1	7.63500230060423e-05	5.52535440246227e-05	7.42656579452953e-05
mtarjeta_master_descuentos_delta1	7.37116110231007e-05	0.00010228567241607	4.84341247469317e-05
cseguro_auto_lag1	7.21955735627144e-05	6.11177022787558e-05	6.78077746457044e-05
ctarjeta_visa_lag1	7.17336096086807e-05	0.000191474573526431	0.000155634987520141
minversion1_pesos_delta1	7.15765841842293e-05	0.000608206463317432	0.000113012957742841
Master_mconsumototal_delta1	7.07719983367058e-05	0.000188212163142709	7.49114462752544e-05
mprestamos_prendarios_delta1	7.02325478365549e-05	0.00035063788340727	8.26609062347634e-05
mpagodeservicios_lag1	7.0203212057141e-05	1.39436463882314e-05	3.35809931578726e-05
cdescubierto_preacordado_delta1	6.9514650214589e-05	0.000817174715920284	7.87861762550089e-05
Visa_status_delta1	6.79576419677475e-05	0.000486550147558972	0.000101388767803577
mprestamos_hipotecarios	6.73910439045656e-05	0.00114870482170529	0.000123345571022186
ctarjeta_master_lag1	6.6586225161247e-05	0.000115828600426624	0.000153697622530263
mcheques_emitidos_delta1	6.49842285175666e-05	3.3819108776635e-05	5.61835847064408e-05
ctarjeta_master_descuentos	6.49840309231239e-05	6.96215121178423e-05	6.26414680060317e-05
cpagodeservicios_delta1	6.4127284192916e-05	2.26100654692186e-05	3.48725698177908e-05
mforex_buy_delta1	6.37383407663465e-05	5.11173492275667e-05	3.87472997975454e-05
cprestamos_hipotecarios	6.19557320735464e-05	0.0012793017241838	0.000124637147682104
Master_msaldodolares_delta1	6.06968510334945e-05	6.54119701733757e-06	3.68099348076681e-05
ccheques_depositados_lag1	6.06518251482735e-05	0.00019290099871082	2.26025915485681e-05
mcheques_emitidos_rechazados_delta1	6.04136850763669e-05	4.69408673180965e-05	2.84146865181999e-05
minversion1_pesos_lag1	5.89283428371309e-05	0.000510582178952046	7.81403879250498e-05
Master_mconsumosdolares_delta1	5.84344738050191e-05	4.47144661705976e-05	3.87472997975454e-05
mcheques_depositados_delta1	5.62762073810347e-05	0.000459396249372812	8.84730012043952e-05
cforex_delta1	5.56290764299791e-05	1.55863457085389e-05	5.23088547266862e-05
ccaja_seguridad_lag1	5.4540312197101e-05	0.000134575716132222	5.10172780667681e-05
mpagodeservicios	5.34204112844177e-05	5.73087249443614e-05	4.45593947671772e-05
mprestamos_prendarios_lag1	5.05940342648678e-05	0.000329104806240909	6.58704096558271e-05
mpayroll2	5.03954816176887e-05	2.53792662610764e-05	3.48725698177908e-05
Visa_cadelantosefectivo	4.96973953777973e-05	0.000220459536348575	3.93930881275045e-05
ctarjeta_master_descuentos_delta1	4.95713010648742e-05	0.000151007014828226	3.42267814878317e-05
cplazo_fijo_lag1	4.9380523424335e-05	0.000276483840491427	6.90993513056226e-05
mprestamos_hipotecarios_lag1	4.79125335339553e-05	7.67507933391034e-06	2.32483798785272e-05
ccheques_depositados_rechazados_lag1	4.70681098685127e-05	6.07168301334743e-05	4.58509714270953e-05
Master_mpagosdolares_lag1	4.67696421875783e-05	0.000440505360956882	7.16825046254589e-05
cinversion1_delta1	4.60574292938737e-05	3.66440503251727e-05	4.71425480870135e-05
mcajeros_propios_descuentos_delta1	4.58420010778254e-05	5.10570723265501e-05	4.00388764574635e-05
ccheques_emitidos_rechazados_delta1	4.02363726715933e-05	3.98055891602546e-05	2.26025915485681e-05
mcheques_depositados_lag1	3.9480525003886e-05	0.000144508949623988	3.35809931578726e-05
Master_mconsumosdolares_lag1	3.89291146575874e-05	2.81230185143671e-05	2.58315331983636e-05
mforex_buy	3.71734191653863e-05	5.51811963666423e-05	4.64967597570544e-05
tcuentas_delta1	3.69806603165455e-05	0.00277690616340976	0.000182112309048463
cforex_lag1	3.65590040717864e-05	4.40711793966103e-05	4.39136064372181e-05
minversion1_dolares_delta1	3.54943354201549e-05	7.97819372454556e-05	3.09978398380363e-05
Master_delinquency_lag1	3.42169832821714e-05	0.000370760911639134	4.64967597570544e-05
Master_mpagosdolares_delta1	3.28330721835774e-05	1.97843550826578e-05	5.36004313866044e-05
cforex_sell_delta1	3.26150071123114e-05	2.7047952306567e-05	5.68293730363999e-05
cprestamos_prendarios_lag1	3.09096807617405e-05	0.000115236902683992	3.81015114675863e-05
mcheques_emitidos_lag1	3.05107642425348e-05	0.000402200005431241	4.45593947671772e-05
minversion1_dolares_lag1	2.97082252571906e-05	0.000100559784821655	3.09978398380363e-05
cprestamos_prendarios_delta1	2.90376897609804e-05	2.17498126050925e-05	2.84146865181999e-05
ccheques_emitidos_rechazados_lag1	2.84035709698427e-05	1.20697574743565e-05	1.74362849088954e-05
Visa_madelantopesos_lag1	2.80213516884394e-05	9.35130768040825e-05	2.26025915485681e-05
ccheques_emitidos_delta1	2.73415257512711e-05	2.10620869933659e-05	3.42267814878317e-05
ccheques_depositados_delta1	2.61578862252732e-05	0.000472275362634161	3.68099348076681e-05
Master_madelantopesos	2.51757680175725e-05	1.06584783990236e-05	3.22894164979545e-05
cpagodeservicios	2.48998778279131e-05	2.95432929945712e-05	3.55183581477499e-05
cliente_vip	2.24754981073572e-05	0.000138327722569099	4.52051830971363e-05
cpagodeservicios_lag1	2.1421302925131e-05	1.1171370244281e-05	3.29352048279136e-05
cinversion2_lag1	2.01098812902374e-05	1.61901142081351e-05	3.16436281679954e-05
mcheques_depositados_rechazados_lag1	1.95236697729396e-05	1.89337126938213e-05	1.42073432591e-05
Master_madelantopesos_lag1	1.71861874706268e-05	1.17247798533596e-07	3.22894164979545e-06
mcheques_depositados_rechazados	1.65811107462501e-05	1.51071289686963e-05	1.03326132793454e-05
Master_delinquency_delta1	1.52742856724814e-05	9.57103389905033e-06	1.42073432591e-05
mprestamos_hipotecarios_delta1	1.51231346377945e-05	6.41695279279312e-06	3.03520515080772e-05
cinversion1_lag1	1.46870807316549e-05	4.44514466828708e-05	3.55183581477499e-05
cforex_buy_delta1	1.43288173338033e-05	9.80199284121093e-06	1.22699782692227e-05
ccuenta_corriente_lag1	1.21913625260115e-05	7.84214783634543e-08	2.58315331983636e-06
cprestamos_hipotecarios_lag1	9.32716392458951e-06	2.83708918930375e-06	1.87278615688136e-05
ccaja_ahorro_delta1	8.8788938211614e-06	5.02397206241169e-06	2.1956803218609e-05
ccheques_depositados_rechazados_delta1	8.75401746973095e-06	1.34411338562868e-05	1.03326132793454e-05
mcheques_depositados_rechazados_delta1	8.6814802895119e-06	8.44353293806988e-06	3.22894164979545e-06
cseguro_accidentes_personales_delta1	8.63458864103051e-06	7.27342297384529e-05	1.87278615688136e-05
Master_Fvencimiento_delta1	7.29030017834808e-06	2.39664495096971e-05	1.54989199190181e-05
Visa_Finiciomora_delta1	7.23067210468241e-06	2.06042439505675e-05	8.39524828946816e-06
cseguro_vida_delta1	6.81389950086079e-06	4.75221088636139e-05	2.45399565384454e-05
mcuenta_corriente_adicional_lag1	6.799491064891e-06	7.7975552310015e-07	4.52051830971363e-06
Master_Finiciomora_lag1	6.39961823970384e-06	0.000842070075529576	4.00388764574635e-05
mcheques_emitidos_rechazados_lag1	6.16108074254122e-06	1.42304229708743e-06	9.04103661942725e-06
ccheques_emitidos_lag1	6.03150039750659e-06	2.20746466698823e-05	1.16241899392636e-05
Visa_madelantodolares	5.6246890638341e-06	1.84874791051728e-06	2.00194382287318e-05
Visa_madelantopesos_delta1	5.55640145371612e-06	2.46268044877988e-05	9.68682494938634e-06
cpayroll2_trx	5.54330057778165e-06	5.02504843564413e-06	1.03326132793454e-05
Visa_fultimo_cierre_delta1	5.01207361564914e-06	6.33522531093003e-08	1.29157665991818e-06
Visa_cadelantosefectivo_lag1	4.72772174078058e-06	4.03793729769472e-07	1.29157665991818e-06
mcheques_emitidos_rechazados	4.71212740045403e-06	6.10995577014089e-07	4.52051830971363e-06
Master_madelantodolares	4.30676266831799e-06	2.49011258944662e-06	8.39524828946816e-06
Master_cadelantosefectivo	4.03586742029592e-06	1.10643479914556e-06	3.87472997975454e-06
cforex_buy	3.91395600006278e-06	2.44107610032877e-05	2.13110148886499e-05
ccuenta_corriente	3.65375526657706e-06	2.80802711202788e-06	7.10367162954998e-06
cinversion2_delta1	2.83064900512625e-06	1.1160452744352e-06	7.74945995950907e-06
ccaja_seguridad_delta1	1.89818307152514e-06	1.89095711798937e-06	4.52051830971363e-06
cliente_vip_lag1	1.67928869819512e-06	1.16840314381315e-06	2.1956803218609e-05
Visa_madelantodolares_lag1	1.41671158909307e-06	1.08636812674079e-07	1.29157665991818e-06
cforex_buy_lag1	9.61576234990629e-07	3.16607497941867e-07	3.87472997975454e-06
Master_madelantodolares_lag1	8.09403603191785e-07	1.59072586994105e-07	1.29157665991818e-06
cseguro_auto_delta1	8.06559104777744e-07	7.4115985433696e-07	6.45788329959089e-06
mforex_buy_lag1	5.33722570304083e-07	6.45900823266058e-07	3.87472997975454e-06
mcuenta_corriente_adicional	3.97532523417716e-07	0.000546444551659061	2.06652265586909e-05
ccheques_emitidos_rechazados	2.79671267372491e-07	6.84265840622297e-08	6.45788329959089e-07
Visa_madelantodolares_delta1	1.12833518883869e-08	1.12250351382984e-08	6.45788329959089e-07
Visa_fechaalta_delta1	9.91151393911833e-10	2.52947709623299e-08	6.45788329959089e-07
Master_madelantopesos_delta1	1.75972178758544e-10	4.98975877038057e-08	6.45788329959089e-07
