Feature	Gain	Cover	Frequency
mpayroll	0.232168188650752	0.0105156093075371	0.00476845016884726
ctarjeta_visa_transacciones	0.105936377980284	0.00807619110627783	0.00940962853603489
mpasivos_margen	0.0532564468409954	0.0252048564529179	0.0273973765039285
mcomisiones	0.0201725268269096	0.0154066184840189	0.0197950075514602
cliente_edad	0.0189669696868439	0.0362618344566788	0.0419063618931256
mrentabilidad_annual	0.0189455598298445	0.0355229813118611	0.0389791104549543
Master_Fvencimiento	0.0184075059690968	0.0314403624350173	0.0376809380780261
ctrx_quarter	0.0182341076470019	0.0208110643652827	0.021576812774695
mcuentas_saldo	0.0165949179023189	0.0284954978464124	0.0320046157240069
Master_fechaalta	0.0164518846607005	0.033390531118476	0.0365270070763122
cliente_antiguedad	0.0158923839150753	0.0277428831354576	0.0339985406166743
Visa_Fvencimiento	0.0158453791637548	0.0317906277649515	0.0396578933971389
numero_de_cliente	0.0149174690446139	0.0278458384807191	0.035228834699384
Visa_fechaalta	0.014549082328269	0.0248169527573177	0.0299343277503436
Master_mfinanciacion_limite	0.0145037586798488	0.0198750601936431	0.028237370394882
mcaja_ahorro	0.0137735223759374	0.0206158427506312	0.0235792224541397
mrentabilidad	0.0137423782524739	0.0194178620673622	0.0249283035517317
mactivos_margen	0.0134516207573557	0.0210940504795461	0.0244531554922025
Visa_mpagospesos	0.0132101633828223	0.0161821546461095	0.0216955997895773
chomebanking_transacciones	0.013016304626831	0.0181737398994575	0.0236046768144717
Visa_msaldopesos	0.0129307669127029	0.0106817020099302	0.0145429245363064
Visa_mfinanciacion_limite	0.0125324241544598	0.0188222328648072	0.0256070864939164
ccomisiones_otras	0.0116840164844142	0.0124121140735344	0.0102156832798792
Visa_mpagominimo	0.0116012480994486	0.0134505746094936	0.0183271394389859
Visa_mconsumospesos	0.011165001572083	0.0130536023023848	0.0199307641398972
mtransferencias_recibidas	0.0107198938581336	0.0113887634751783	0.0156544316041338
mcuenta_corriente	0.0102473782595218	0.0243114686512741	0.0239864922194505
Visa_cconsumos	0.010244975037181	0.0137771312904298	0.0159853382884488
cproductos	0.00959741046169453	0.00973403066763588	0.00723752312104397
mcomisiones_otras	0.0093487738365976	0.0153349834785683	0.0194216769332587
mttarjeta_visa_debitos_automaticos	0.00926112458357209	0.0076207885051864	0.0103005311476523
mprestamos_personales	0.00879103898191204	0.0209912943811465	0.00849327156408559
mcaja_ahorro_dolares	0.0084446031453053	0.0105768031439777	0.0127950584601809
cpagomiscuentas	0.00830307991515089	0.00348917073639755	0.00284240357039828
ccomisiones_mantenimiento	0.00829735460078853	0.00768387950575047	0.00247755773897402
mpagomiscuentas	0.00812797926976645	0.00673186273912013	0.00533693088292691
Visa_msaldototal	0.0076586729741254	0.0107976132960112	0.0135841436304706
ctarjeta_debito_transacciones	0.00729923796725692	0.011233411675875	0.0101223506253288
Master_mlimitecompra	0.00729698585232476	0.0127550038144286	0.0167998778190704
Visa_mlimitecompra	0.00680423345975252	0.0147050374591903	0.0159853382884488
cpayroll_trx	0.0066517699137046	0.0026764399072164	0.00125574844304163
cprestamos_personales	0.0066343532753583	0.0145827065083203	0.00479390452917918
mtarjeta_visa_consumo	0.00661517101261739	0.00530765970256904	0.0078823669161194
mcuenta_debitos_automaticos	0.00637757057094764	0.010713882105709	0.00806903222522018
mautoservicio	0.0060560299376901	0.00713488069125836	0.00841690848308982
Visa_mconsumototal	0.0060314291808875	0.00732840611622241	0.0106568921922992
ctransferencias_recibidas	0.00573478445794157	0.00495187045493758	0.00564238320691001
Master_msaldopesos	0.00530366183379033	0.00542667601489178	0.0053284460961496
mtransferencias_emitidas	0.00494972458575128	0.00676202531645715	0.00799266914422441
mextraccion_autoservicio	0.0047611553803822	0.00668175935156466	0.00565086799368732
Master_cconsumos	0.00454400293642086	0.00229203973158179	0.00242664901831017
Master_mpagospesos	0.0043678119833308	0.00754074453354616	0.0067538902747374
Master_mpagominimo	0.00411455533875301	0.00593093181585864	0.00516723514738075
Visa_mconsumosdolares	0.00370176705968499	0.0076164848305541	0.0056338984201327
Master_mconsumospesos	0.00369936924264044	0.00466772312305251	0.004403604337423
Master_msaldototal	0.00334489635114485	0.00661690363421318	0.00525208301515383
Master_fultimo_cierre	0.00323486007407853	0.0073296908553814	0.0049126915440615
mcomisiones_mantenimiento	0.00318145524609719	0.00728512981297862	0.00513329600027151
matm	0.00311056183725208	0.00546078149183507	0.00380966926301142
ctarjeta_visa_debitos_automaticos	0.00309343656346454	0.00542036835448033	0.00445451305808685
Visa_fultimo_cierre	0.00306110371430749	0.00675474157676535	0.00503996334572112
mtarjeta_master_consumo	0.00301643969871029	0.00352435306776814	0.0023587707240917
ctransferencias_emitidas	0.00299115152939363	0.0043455498730792	0.00395391063822566
cextraccion_autoservicio	0.00285162483939484	0.00282314203169338	0.00265573826129749
Visa_mpagado	0.00263592742347312	0.0059154464188509	0.00380966926301142
ccuenta_debitos_automaticos	0.00255598701117445	0.00297179804230503	0.0020448336133313
foto_mes	0.00196698884498214	0.00286993423584941	0.00152726161991549
ccaja_ahorro	0.00196260693019559	0.00421411633507955	0.00161210948768857
ctarjeta_debito	0.00176643899120248	0.00381093800649319	0.00240967944475555
catm_trx	0.00152975638789682	0.0024929594609703	0.00188362266456244
Master_mconsumototal	0.00152383375671933	0.0021626622945087	0.00199392489266745
matm_other	0.00139153020991902	0.00401885066729234	0.00173089650257089
Visa_msaldodolares	0.00134865552845994	0.00373014081261182	0.00181574437034397
ctarjeta_master_transacciones	0.00133377697529206	0.00106203443418935	0.00116241578849124
ccajas_transacciones	0.00124663534060961	0.00368226426787473	0.00110302228105008
mplazo_fijo_dolares	0.00123658420468885	0.00385134596112609	0.00141695939181048
tcallcenter	0.00118933489436262	0.00102819039677012	0.000610904647966197
Visa_status	0.00112597417111981	0.00957141989053402	0.00144241375214241
thomebanking	0.00112282208229812	0.0037217312705642	0.00141695939181048
ccallcenter_transacciones	0.00108052466854089	0.00308958173061619	0.00142544417858779
ccaja_seguridad	0.00106617225730477	0.00479967637288138	0.00103514398683161
Master_status	0.00101030416369438	0.00435624614717538	0.000856963464508137
Visa_mpagosdolares	0.000986512484752341	0.00203711748023822	0.00117938536204585
cdescubierto_preacordado	0.000949307080280087	0.00398417537887535	0.00139998981825587
Master_mpagado	0.000912770259589389	0.00219385882485333	0.00118787014882316
mttarjeta_master_debitos_automaticos	0.000854414885684972	0.00167921656138488	0.0010266592000543
cmobile_app_trx	0.000825987383997776	0.00407794233416786	0.00168847256868435
internet	0.000824832248178541	0.00669450913522647	0.00178180522323474
catm_trx_other	0.000822858390496451	0.00280537508535893	0.000950296119058528
ccajas_consultas	0.00078009537494378	0.00115072692893995	0.000390300191756181
tmobile_app	0.000679501537264462	0.00364849422820625	0.000755146023180437
tcuentas	0.000539819262398879	0.00697323879521207	0.00113696142815931
mtarjeta_visa_descuentos	0.000539447806444875	0.00153091873443836	0.000263028390096557
cplazo_fijo	0.000434693439221699	0.00147197275963242	0.000381815404978873
Master_mpagosdolares	0.000404774449659231	0.000115774519810182	0.000110302228105008
ccajas_otras	0.000334618273899282	0.00119020660050504	0.000356361044646948
active_quarter	0.000317469317938776	0.00126109126300443	0.000458178485974648
ccheques_depositados	0.00025500358027164	0.00103326082630614	0.000186665309100782
ctarjeta_master_debitos_automaticos	0.000232801900443487	0.00108796128813601	0.000373330618201565
mcheques_emitidos	0.000197283867081719	0.000385398425447297	7.63630809957746e-05
mcaja_ahorro_adicional	0.000194479735918885	0.00219432152674228	0.000483632846306572
cseguro_vivienda	0.000192655784191808	0.000667755414864736	0.000339391471092331
mcheques_depositados	0.000181870358653919	0.000571791273439956	0.000135756588436933
ccajas_depositos	0.000162824319846662	0.000724143428512356	0.000161210948768857
minversion2	0.000159947016608538	0.00152737202512407	0.000305452323983098
cseguro_accidentes_personales	0.000132116095352332	0.000425749658068919	0.000237574029764632
cforex	0.000125872551585174	0.00102465030982262	0.00029696753720579
Master_msaldodolares	0.000119281048291482	0.000261799147370735	0.000101817441327699
mprestamos_prendarios	9.97033923514997e-05	0.00261913887073751	0.000381815404978873
Master_mconsumosdolares	8.30077722243566e-05	0.000176656241224338	0.000118787014882316
ccajas_extracciones	7.98618335041344e-05	0.000395097313517763	0.000127271801659624
cinversion2	7.68311465078186e-05	0.00108466075810924	0.000212119669432707
cforex_sell	7.31433726958811e-05	0.00091793835501223	0.000203634882655399
mforex_sell	6.97341723060243e-05	0.00130740867225387	0.000322421897537715
ctarjeta_master	6.53272466236304e-05	5.25784251643088e-05	5.9393507441158e-05
cseguro_vida	6.01269176082599e-05	0.000554095445566339	0.000195150095878091
ctarjeta_visa	5.68581530879664e-05	0.000104880438497012	3.39391471092331e-05
Visa_Finiciomora	5.55806907625186e-05	0.00113455856436495	0.000195150095878091
cseguro_auto	4.9239462962335e-05	0.000186456480299727	4.24239338865414e-05
cprestamos_prendarios	4.40297319429982e-05	0.00125944286952949	0.000178180522323474
minversion1_pesos	4.03945756460447e-05	0.000221731524805501	5.09087206638497e-05
ctarjeta_visa_descuentos	1.68804384092331e-05	4.97181385651694e-05	8.48478677730829e-06
Visa_delinquency	1.60111939488933e-05	0.000227216284159941	5.9393507441158e-05
mcajeros_propios_descuentos	1.47185941880572e-05	0.000170794294891353	4.24239338865414e-05
Visa_madelantopesos	1.23070450504566e-05	1.79506450308784e-05	1.69695735546166e-05
Master_madelantopesos	6.32282618894931e-06	5.45135959145419e-06	8.48478677730829e-06
Master_delinquency	1.66833484286114e-06	6.4965418297143e-06	8.48478677730829e-06
Master_madelantodolares	9.89921936078718e-07	3.14562422947431e-06	8.48478677730829e-06
cinversion1	7.36370615940843e-07	2.95058113079734e-05	8.48478677730829e-06
