Feature	Gain	Cover	Frequency
ctrx_quarter	0.113416128727027	0.016006998199145	0.0178781322175942
mingresos_rank	0.0385700420433881	0.0064729781256949	0.00520513800183374
mpasivos_margen_rank	0.0280095935733121	0.0134194533598505	0.0191593488417187
cliente_edad	0.0252341805619068	0.0273693934121807	0.0433648564052231
numero_de_cliente	0.0238833317201297	0.0224624158859493	0.0418501226746674
mcaja_ahorro_rank	0.0217125860589024	0.00755161964152461	0.0154288088177727
mcuentas_saldo	0.0216071362605284	0.0156957418518474	0.0208163820590058
mrentabilidad_annual	0.0215070843059242	0.0227315781380367	0.0333283120205537
cpayroll_trx	0.019754681443126	0.00663743171883619	0.000838159614154681
Visa_Fvencimiento	0.0186465222658609	0.0115246864382724	0.0262347086691662
mprestamos_personales	0.0182427304900491	0.0149630838472178	0.00354028613142947
mcuenta_corriente_rank	0.0172719450407347	0.0233972139126507	0.0295122880558606
Master_Fvencimiento	0.0171860026793754	0.0175245860485265	0.0251369697715233
cliente_antiguedad	0.0161336362513988	0.0190459702313439	0.0303379378250279
diff_comisiones_consumo	0.0155693636378817	0.00583160227803205	0.00520148929704575
mtarjetas_consumo_rank	0.015468630153182	0.00438126080620018	0.00369613795023062
Master_fechaalta	0.0151290734931961	0.0115649397711186	0.0206282131406539
Visa_fechaalta	0.0140840301945986	0.0101957015350228	0.0202570877393616
mrentabilidad	0.0137194344997257	0.0142855901328344	0.0203675913700834
mpayroll_rank	0.0134220825344014	0.00882184742423218	0.0011717554804849
Master_mfinanciacion_limite	0.0130495892590549	0.0108917607350193	0.0189440752592274
mactivos_margen	0.0126993285364385	0.0172487303076041	0.0188888234438665
chomebanking_transacciones	0.0116529127841618	0.00693545406871454	0.0155804906882448
Visa_mfinanciacion_limite	0.0107054421068504	0.00841780164396366	0.0176513912771978
mcomisiones	0.00979588089997347	0.00482067419710349	0.0147001103472577
active_quarter	0.00903800349941032	0.00466552375589876	0.00742667797417655
Visa_mpagominimo	0.00834985595876323	0.00467905459734938	0.00736256501861621
diff_visa_compra	0.007168850760931	0.00418603112732122	0.00991561588312469
cproductos	0.00705465990428499	0.0157022674211838	0.0130284823108186
mcaja_ahorro_dolares	0.00699509667166994	0.00659182195983896	0.0105640428483041
mcomisiones_otras	0.00664015445744886	0.00461847565317494	0.00946057027170862
Visa_msaldopesos	0.00660185162402165	0.00309046338484392	0.00458850689266397
Visa_msaldototal	0.00653821566792862	0.00340797239553258	0.00545012246616999
Master_mlimitecompra_rank	0.00625615477245524	0.00389766129604209	0.00889189356832382
mrentabilidad_annual_lag1	0.00613184181896375	0.00593806947466294	0.00764403653083234
ccomisiones_otras	0.00608366652250063	0.00517717223326781	0.0102872625279582
cdescubierto_preacordado	0.00587143967380344	0.0142020136869694	0.00340163534948598
mrentabilidad_annual_delta1	0.00585128928578033	0.00963753523941321	0.0102361806609264
Visa_mconsumospesos	0.00582917263765869	0.00366275903287373	0.00833833292763211
cprestamos_personales	0.00563891249346159	0.00975967405995067	0.00233881976909954
mtarjeta_visa_consumo	0.00561793824337403	0.00227946196466555	0.00282983118485433
ctarjeta_visa_transacciones	0.00560093835131009	0.00240392919049632	0.00429087683067247
Visa_status	0.00526344572685777	0.017487670872971	0.00128278035474793
mtransferencias_recibidas	0.00483269470010327	0.00374420210709079	0.00635917120191984
mttarjeta_visa_debitos_automaticos	0.00465630141098713	0.00235628598812722	0.00515561986542534
cliente_edad_lag1	0.00465135675630103	0.0104845397176041	0.00933234436058794
Visa_cconsumos	0.00453575192011082	0.00276576683145384	0.00590621056466834
Visa_mlimitecompra_rank	0.00452771755553578	0.00372310159579945	0.00938915990657231
mcuenta_debitos_automaticos	0.00435490903719665	0.00382763127785087	0.00413450376833018
ctrx_quarter_delta1	0.00429797767490452	0.00518073677309809	0.00592341160152599
mactivos_margen_delta1	0.00418336340187523	0.00848751405609791	0.00617256601419138
mcuenta_corriente_rank_lag1	0.00415080849414825	0.0131727394450548	0.00677616603483262
mcuenta_corriente_rank_delta1	0.00410645559154488	0.00650083164754895	0.00717648107442889
ctarjeta_debito	0.00399147286398593	0.012640569558105	0.00770241580744013
cliente_antiguedad_lag1	0.00395728489247801	0.00667807776569025	0.00732399299657178
Visa_mpagospesos_rank	0.00384120360517879	0.00520930037975325	0.00499976804662419
mtransferencias_emitidas	0.00368907438247235	0.00192537155886098	0.00338130685138148
Visa_Fvencimiento_lag1	0.0036641691648593	0.00395273353934779	0.00553404267629369
mrentabilidad_delta1	0.00363949462143565	0.00440181832876595	0.00567582091948403
mpasivos_margen_rank_delta1	0.00363513367841843	0.00285544213703606	0.00544751624846429
diff_comisiones_beneficios	0.00360639378081023	0.00676781441629421	0.00398177941077588
mcuentas_saldo_delta1	0.00357723431187224	0.00282889321146903	0.00502009654472869
ctarjeta_debito_transacciones	0.00349864209767428	0.00232716251257272	0.00318010684450106
chomebanking_transacciones_delta1	0.00345666311441705	0.00194537621162386	0.00368467059232552
Master_status	0.00337037543156892	0.00229603676609268	0.000843893293107232
mactivos_margen_lag1	0.00335209491382719	0.00611419950159363	0.00466512969321169
ctransferencias_recibidas	0.00330374363170042	0.00184335779361226	0.00394529236289601
mcuentas_saldo_lag1	0.00330082360706207	0.00731540719455524	0.00454628616583155
mautoservicio	0.00326961871199829	0.00176351874761484	0.00335472343078329
chomebanking_transacciones_lag1	0.0032155540812136	0.00215475982798449	0.00375191100913271
Master_Fvencimiento_lag1	0.00315640452727497	0.0040639341249146	0.00522650898702051
mpasivos_margen_rank_lag1	0.00313465364669369	0.00333291626148959	0.00431120532877697
Master_fechaalta_lag1	0.00309699829357382	0.00349176793076098	0.00421946646553616
mrentabilidad_lag1	0.00300835178518559	0.00345724309367998	0.00491532659295936
mcomisiones_mantenimiento	0.00299690036807615	0.00459677233735063	0.00368206437461982
Visa_mlimitecompra_rank_delta1	0.0029274662534753	0.00313467573600636	0.00415795972768153
mcaja_ahorro_rank_delta1	0.00290572947618699	0.00271460872990485	0.0042835794210965
ccallcenter_transacciones	0.00287399880482052	0.00434355285063696	0.00225072961064671
mcaja_ahorro_rank_lag1	0.00283380367851065	0.00300995330782721	0.00366851204255015
Master_mlimitecompra_rank_delta1	0.00282058842192391	0.00604505483969421	0.00390411412314587
mcomisiones_lag1	0.00279132933179078	0.00269896957239522	0.00390463536668701
Master_mpagominimo	0.00272094402682957	0.00211948502889745	0.00164348088521748
ctarjeta_visa_debitos_automaticos	0.00270636592731703	0.00139881482962491	0.00256243324824901
thomebanking	0.00268511505207469	0.00865872912929676	0.00295440839118702
Visa_fechaalta_lag1	0.00268306426530218	0.00265766355191793	0.00396092966913024
ccomisiones_mantenimiento	0.00262388759924585	0.010792195764982	0.00219130784695664
mpagomiscuentas	0.00260357956275575	0.00264607075439021	0.00231692754037162
Visa_mpagado	0.00258908811418911	0.00177886758966201	0.0026870104545817
mcomisiones_delta1	0.00256438409309298	0.00172357584528137	0.00337244571118208
cmobile_app_trx	0.00255071214915768	0.00232418089748888	0.00457391207351202
internet	0.00251648935163907	0.01033559794547	0.003080028084602
ctrx_quarter_lag1	0.00251640955752143	0.00352421903555362	0.00418402190473857
Visa_mconsumototal	0.00243962126750265	0.00130233893138737	0.00296900321033897
Master_fultimo_cierre	0.00243072237686174	0.00272629033949665	0.00421633900428931
ccaja_ahorro	0.00242201336370809	0.00530316649725737	0.00236800940740343
Master_msaldopesos	0.00233076018336982	0.00288218444940222	0.00195987571469005
Visa_fultimo_cierre	0.00229504953406342	0.00226519027767905	0.00414857734394099
Visa_mpagospesos_rank_delta1	0.00229388183705319	0.00166870622287684	0.00236488194615658
ccomisiones_mantenimiento_delta1	0.00225722872557539	0.00272095761616802	0.000548348205280301
mcomisiones_otras_lag1	0.00224205800796188	0.00193860014521404	0.00229034411977343
Master_msaldototal	0.0022122793155829	0.00187919963714289	0.00215169333782993
ccajas_consultas	0.00212221350143265	0.0128246192685143	0.00168413788142648
ctransferencias_emitidas	0.0020881447482344	0.00182581829319501	0.0022225824594251
Master_mfinanciacion_limite_lag1	0.0020766623041097	0.00197461878944972	0.00277353688241111
mttarjeta_visa_debitos_automaticos_delta1	0.00205760790814646	0.00115099346956123	0.00125619693414974
diff_master_compra	0.00204090733805702	0.0026584622723353	0.00206777312770623
mingresos_rank_delta1	0.00200783566004201	0.00175652794422094	0.002407102672989
tcallcenter	0.00190970703070126	0.00158828237002301	0.000926771016148646
ccuenta_debitos_automaticos	0.0019061617204434	0.00232314256094629	0.00209487779184556
mextraccion_autoservicio	0.00185528786591857	0.00146406640587288	0.00180715135713575
Visa_mconsumosdolares	0.00184120709865905	0.00205854436671368	0.00252698868745143
cpagomiscuentas	0.00183150879181838	0.00143970902091498	0.00164921456417003
Master_mconsumospesos	0.00177243937530819	0.00138847381167326	0.00150430885973284
ccomisiones_otras_lag1	0.00176913213202123	0.00227755068199375	0.00243785604191632
Visa_mpagominimo_lag1	0.001674117512914	0.00203890690184224	0.00168518036850876
Visa_mfinanciacion_limite_lag1	0.00162411790318698	0.00223463192853822	0.00268388299333486
Visa_mpagominimo_delta1	0.00161482209860009	0.00122827231665969	0.00163461974501808
Master_mpagospesos	0.00160532206997441	0.00223899989406079	0.00203545602815549
mcaja_ahorro_dolares_lag1	0.00158547767768097	0.00179514595876929	0.00189889022037656
mtransferencias_recibidas_delta1	0.00155508003159639	0.00143867597780667	0.00178578037194897
mcaja_ahorro_dolares_delta1	0.00151503427838748	0.00234336883215781	0.00209070784351643
mprestamos_personales_delta1	0.00145633265207159	0.00336994771615143	0.00103414718562369
mautoservicio_delta1	0.00144994043390074	0.00113459117527579	0.00120563631065907
Visa_mconsumospesos_lag1	0.00137785601477589	0.00118095054338344	0.00174147467095198
mcomisiones_otras_delta1	0.00136037573642414	0.00183118030686001	0.0018014176781832
mtransferencias_emitidas_delta1	0.00135771377097418	0.00108944459177833	0.00111389744741825
diff_visa_compra_lag1	0.00133994328322115	0.000780631399666142	0.00175815446426849
mtarjetas_consumo_rank_delta1	0.00132316684079865	0.00142338271681947	0.00155122077843553
diff_visa_compra_delta1	0.0013116460250531	0.000921478393278676	0.00141413372711545
cproductos_lag1	0.00130359020039745	0.00544276276998069	0.00266511822585378
ctransferencias_recibidas_delta1	0.0012919207074441	0.000776207500187975	0.00108939900098463
mingresos_rank_lag1	0.00128334799636761	0.00126854476468524	0.00126557931789028
matm	0.00127694007720337	0.000901198834828702	0.00144332336541935
ccallcenter_transacciones_delta1	0.0012498397205152	0.00249381946832637	0.000795938887322263
tmobile_app	0.00124104450603222	0.00295758571536047	0.000537923334457482
mtransferencias_recibidas_lag1	0.00119245010047403	0.000699871296103462	0.00149909642432143
ctarjeta_visa_transacciones_delta1	0.00118436055777535	0.00123795300809249	0.000909048735749853
Visa_cconsumos_lag1	0.0011791857613768	0.000957779059929773	0.0013104062624284
mcomisiones_mantenimiento_delta1	0.00116386455023381	0.00477342935507216	0.000687520230764941
Visa_msaldototal_lag1	0.00113771084160693	0.00102179191373957	0.00108575029619664
Visa_mpagosdolares	0.00113048760787671	0.00113387509124917	0.000962736820487373
ccaja_seguridad	0.00112319085121055	0.00360358861274608	0.000459215559745195
mtarjeta_master_consumo	0.00110112795538387	0.00111582900917103	0.000617673596252051
mttarjeta_visa_debitos_automaticos_lag1	0.00108757877474966	0.000428022037958035	0.00100235132961409
Visa_cconsumos_delta1	0.00106123048290462	0.000672003305529032	0.00095022697549999
Visa_mpagospesos_rank_lag1	0.00105488599053086	0.000777375525870502	0.00121814615564645
ctarjeta_visa_transacciones_lag1	0.00104888246266882	0.000608011684272307	0.000870997957246562
cextraccion_autoservicio	0.00104452412713448	0.00110209954630292	0.00126297310018457
tcallcenter_delta1	0.00104398277404905	0.00203032006919606	0.00047798032722627
mplazo_fijo_dolares	0.001038808484763	0.0047321575654699	0.000784471529417161
diff_comisiones_consumo_delta1	0.00102026822981007	0.000896471092222688	0.00120876377190591
Visa_msaldodolares	0.0010109590045968	0.00193067946186442	0.00107167672058584
Visa_mconsumospesos_delta1	0.000985213265748606	0.000646615406548092	0.00123743216666866
Visa_mlimitecompra_rank_lag1	0.00097831305631995	0.00173205792674468	0.00132239486387464
Visa_msaldototal_delta1	0.000973717979962938	0.000997358362143926	0.00112692853594678
ccajas_otras	0.000969165092501498	0.00777485441092593	0.000775610389217765
ccajas_transacciones	0.000966443819060466	0.00133057822696879	0.000743293289667024
mprestamos_personales_lag1	0.000944802517309531	0.00177241865749089	0.000764664274853804
ctarjeta_debito_lag1	0.000941462151707715	0.00191994373016306	0.00167267052352138
cproductos_delta1	0.000937584826965837	0.00200816534105928	0.000489447685131372
Visa_mpagado_delta1	0.000928673457772985	0.000529590102344012	0.000731825931761923
Master_cconsumos	0.000928398292578181	0.0010150247873521	0.000800630079192531
thomebanking_delta1	0.000899619795274271	0.00221088023009417	0.000865785521835153
ctarjeta_debito_transacciones_delta1	0.000895504826073509	0.000720252606123544	0.000845978267271796
mtransferencias_emitidas_lag1	0.00088870007322185	0.000514556984243856	0.000744857020290447
cseguro_accidentes_personales	0.000882834317816173	0.000705126205948133	0.00125515444706746
Visa_msaldopesos_delta1	0.000881246105653757	0.000664840112625317	0.0010852290526555
mextraccion_autoservicio_delta1	0.000864683914960615	0.00151020103828724	0.000666670489119302
internet_lag1	0.000855752819460288	0.0127941437322121	0.00104978449185792
diff_comisiones_consumo_lag1	0.000853456088950123	0.000782779357666336	0.00116706428861463
ccomisiones_otras_delta1	0.00085064040857431	0.00112936285023441	0.00112536480532336
Visa_msaldopesos_lag1	0.000842299663573213	0.00115482426913595	0.000991926458791268
mtarjetas_consumo_rank_lag1	0.000841031962593024	0.000737529375752545	0.0006869989872238
ccajas_consultas_delta1	0.000824376821001469	0.00302043319020488	0.000570240434008222
Master_mlimitecompra_rank_lag1	0.000812591539405058	0.000836480895572404	0.00102476480188315
matm_other	0.000779727197783186	0.00107239796890877	0.000905921274503007
Master_mpagado	0.000779169203914712	0.000908101649581627	0.00057441038233735
mautoservicio_lag1	0.000753443599457271	0.000472527821827563	0.000743293289667024
cseguro_vivienda	0.000728028855568369	0.00135912948227729	0.000958566872158245
mtarjeta_visa_consumo_delta1	0.000726874564353147	0.000671062426993186	0.000751111942784139
ctransferencias_recibidas_lag1	0.000708739674813499	0.000446972238611722	0.000829819717496426
cpayroll_trx_lag1	0.000696726500510954	0.000967551033695992	0.000223092235608335
mcuenta_debitos_automaticos_lag1	0.00067147727658767	0.000549194630291023	0.000765706761936086
catm_trx	0.000670382861587846	0.000728783093102575	0.000815746141885619
diff_comisiones_beneficios_lag1	0.00065459605973204	0.00132477432917303	0.000969512986522206
diff_comisiones_beneficios_delta1	0.000642589556473751	0.000928655231479655	0.000516552349270702
Visa_mpagado_lag1	0.000641366396051184	0.000363030663413048	0.000576495356501914
ctarjeta_visa_debitos_automaticos_lag1	0.000627262120410307	0.000384563471837506	0.000530625924881508
matm_other_delta1	0.000623158145065622	0.00110999864420385	0.0004185585635362
mpagomiscuentas_lag1	0.000622856469299473	0.00138880506302751	0.000592132662736143
mcomisiones_mantenimiento_lag1	0.000618755822478143	0.00211814955424377	0.000949184488417708
cdescubierto_preacordado_lag1	0.000615906094149645	0.00135499660405282	0.000811054950015351
ctarjeta_master_transacciones	0.000596145339760976	0.000702310275357352	0.000519158566976407
ctarjeta_debito_transacciones_lag1	0.000584221770498787	0.00035635387830401	0.000710976190116284
matm_delta1	0.000579449134460504	0.000589727809362984	0.000548348205280301
Visa_mconsumototal_lag1	0.000574915096326627	0.000407728657762988	0.000665106758495879
cseguro_vida	0.000569563899745903	0.000694266431436744	0.000718794843233399
cextraccion_autoservicio_delta1	0.000568113206319513	0.000757117905764834	0.000407091205631098
mttarjeta_master_debitos_automaticos	0.00056057172455834	0.000499760306208342	0.000508733696153588
Visa_mconsumosdolares_lag1	0.000556751284313534	0.000695889868915423	0.000526455976552381
ctransferencias_emitidas_delta1	0.000553782309976039	0.000560655444857285	0.000531147168422649
Master_mpagospesos_lag1	0.000548461230810354	0.00081755551524391	0.000493096389919359
ccomisiones_mantenimiento_lag1	0.000544132789587357	0.000800086358686687	0.000414909858748213
mpagomiscuentas_delta1	0.000525725297196766	0.000958868801600846	0.000629140954157152
Master_fultimo_cierre_lag1	0.00052101254584435	0.000872755800843322	0.000753196916948703
mcuenta_debitos_automaticos_delta1	0.000518278111183384	0.000637854890441493	0.000540529552163187
mplazo_fijo_dolares_delta1	0.000515690792734075	0.0014640443498967	0.000312746124684583
cmobile_app_trx_lag1	0.000515246648598167	0.000468291721634573	0.00098254407505073
mcaja_ahorro_adicional	0.000514600785432523	0.00368900193912325	0.000792811426075417
mtarjeta_visa_consumo_lag1	0.000496460429806678	0.000307421489423237	0.000519158566976407
Master_mpagospesos_delta1	0.000484421510021927	0.000407220076360259	0.000419601050618482
Master_mconsumototal	0.000467360543521131	0.000478750724354797	0.000559294319644262
ctarjeta_master	0.000459867590292435	0.000147471608985917	0.000390411412314587
Visa_mconsumototal_delta1	0.000454988763367396	0.000236500174530616	0.000490490172213654
ctransferencias_emitidas_lag1	0.000453359709465914	0.000243374287106539	0.000402921257301971
catm_trx_other	0.000449038166955778	0.00124901234507635	0.000656766861837623
mforex_sell	0.000435625983486643	0.00040928875047808	0.000289290165333239
ctarjeta_visa	0.000431030128240803	0.000871661471529204	0.000661458053707892
cprestamos_personales_lag1	0.000411212789608654	0.00244292668546683	0.000452439393710363
ccaja_ahorro_lag1	0.000408749953492872	0.000530705311315581	0.000351839390270155
Visa_fultimo_cierre_lag1	0.000404661491123464	0.000435642465951934	0.000620801057498896
ccallcenter_transacciones_lag1	0.00039305199999082	0.000566982333960213	0.000304927471567468
ctarjeta_visa_debitos_automaticos_delta1	0.00039263630041087	0.00041950113797665	0.000363306748175257
diff_master_compra_lag1	0.000391618980040079	0.000540335597490823	0.000411782397501367
mpayroll_rank_lag1	0.000390661078052852	0.00058753173992675	0.000182956482940481
cpagomiscuentas_lag1	0.000387718191616666	0.000253622552326361	0.000361743017551834
catm_trx_delta1	0.000386269911835997	0.000676850268038288	0.000340893275906195
Master_cconsumos_delta1	0.000380664585231743	0.000219455845482577	0.000199115032715851
ctarjeta_master_transacciones_delta1	0.000380522576182642	0.000324509695159889	0.000191296379598736
tcuentas	0.000377800106518945	0.00253191619722971	0.000891847698892201
mextraccion_autoservicio_lag1	0.000375681090621876	0.000542044200445523	0.000362785504634116
Master_mpagominimo_lag1	0.000374779073871708	0.000279689481293946	0.000306491202190891
cpagomiscuentas_delta1	0.000371382732992617	0.000591855652312903	0.000398230065431702
tmobile_app_delta1	0.000370167231870899	0.000398247999330147	0.000157936792965714
Visa_msaldodolares_delta1	0.000356471554710775	0.00049966531847093	0.000222049748526054
thomebanking_lag1	0.00035631704484887	0.000339825482650761	0.00071410365136313
active_quarter_lag1	0.000355080451342895	0.00113992742756061	0.001501181398486
Master_mpagominimo_delta1	0.000352316958061628	0.000409518367894092	0.000320564777801697
Master_msaldopesos_lag1	0.000350551525131166	0.000287761968575619	0.000341935762988477
Visa_mconsumosdolares_delta1	0.000349268415342345	0.000631660631275325	0.000395623847725997
catm_trx_other_delta1	0.00032977560433366	0.000482112113940479	0.000227783427478604
Visa_mfinanciacion_limite_delta1	0.000328161761761416	0.000500599903701573	0.000402400013760829
ccajas_extracciones_delta1	0.000323741987722798	0.000374118290862354	0.000173574099199943
mtarjeta_master_descuentos	0.000320269051715353	0.000579294568022938	0.000241857003089411
Master_mconsumospesos_delta1	0.0003154407487707	0.000157059900582513	0.000221007261443772
Visa_Finiciomora	0.000314521125694945	0.00345440340145086	0.000491532659295936
internet_delta1	0.000313286493039623	0.00343297999066825	0.000928334746772069
Master_mfinanciacion_limite_delta1	0.000312794478690478	0.000616681388572982	0.000471725404732579
cextraccion_autoservicio_lag1	0.000305869521393127	0.00049267757350573	0.000261143014111626
Master_mpagado_lag1	0.000301915032737219	0.000263452283342202	0.000149075652766318
mttarjeta_master_debitos_automaticos_delta1	0.000300182101521176	0.0003440494079449	0.000223092235608335
cliente_edad_delta1	0.00029985892015636	0.00125206077506403	0.000556166858397416
ccajas_otras_delta1	0.000297489227484226	0.00118832670879315	0.000212146121244375
Master_mpagado_delta1	0.00029655683021526	0.000269632603131425	0.000240814516007129
mprestamos_prendarios	0.000295636080909086	0.0065823328907272	0.000720358573856822
mpayroll_rank_delta1	0.000287652796462071	0.00103917414034267	0.000329947161542235
ccajas_extracciones	0.000287080802514841	0.000399194935907451	0.000290332652415521
matm_lag1	0.000282585640514767	0.000256423955380832	0.000291896383038944
Master_mconsumospesos_lag1	0.000280411865242894	0.000471511835340834	0.00032734094383653
Visa_mpagosdolares_delta1	0.000277807571070145	0.000293702025264328	0.000211624877703234
cplazo_fijo	0.000272119859540176	0.00109917339464718	0.000276259076804715
ccuenta_debitos_automaticos_lag1	0.000269579824865343	0.000355310130695262	0.000404484987925393
Visa_msaldodolares_lag1	0.000266725738623358	0.000368750395603708	0.000218922287279208
active_quarter_delta1	0.000264386904438261	0.00648766634714354	0.000726092252809372
ccajas_consultas_lag1	0.000263150500560696	0.00120679203086651	0.000265312962440754
Master_msaldototal_delta1	0.000255408368730124	0.000190716967336711	0.000262706744735049
cmobile_app_trx_delta1	0.000254049672625679	0.00190605652295332	0.000577016600043055
Master_msaldototal_lag1	0.000252901867461401	0.000256686392089399	0.000333595866330221
minversion1_pesos	0.000237649608452587	0.0037892928154486	0.000315352342390287
diff_master_compra_delta1	0.000235587698399233	0.000359551994850028	0.000260621770570485
matm_other_lag1	0.000226453111681818	0.000474697718172064	0.00020953990353867
Visa_madelantopesos	0.000225835292919491	0.000849342705745583	0.000127704667579538
minversion1_dolares	0.000224881656126808	0.000840986902097894	0.000117801040297859
ctarjeta_master_debitos_automaticos	0.000222820797626074	0.000358616115668782	0.00024706943850082
mtarjeta_visa_descuentos	0.000221262255413726	0.00115953530801601	0.000302842497402904
cseguro_auto	0.000218554937009553	0.000397491332307351	0.000226740940396322
ctarjeta_master_transacciones_lag1	0.000214926554961105	6.95784882468809e-05	9.64300551110796e-05
mbeneficios	0.000214325465986662	0.000652301613654959	0.000262706744735049
Visa_Fvencimiento_delta1	0.000213766712782642	0.00075381433224471	0.000158458036506855
Master_cconsumos_lag1	0.000211571934950235	0.000146557374069295	0.000191296379598736
catm_trx_lag1	0.000202849510621741	0.000181241896417836	0.000174095342741084
cprestamos_personales_delta1	0.000198706594763162	0.000739927419114646	0.000165755446082829
Visa_mpagosdolares_lag1	0.000197371221613515	0.000377075614964429	0.000168361663788534
ccuenta_debitos_automaticos_delta1	0.000195737556693509	0.000201012932281017	0.000157415549424573
Master_msaldopesos_delta1	0.000192072645153414	0.000181804764929935	0.000242899490171692
mttarjeta_master_debitos_automaticos_lag1	0.000190835612128406	0.000179535410836849	0.000122492232168128
cpayroll_trx_delta1	0.000189661119273673	0.00045745506178622	0.000167319176706252
Visa_delinquency	0.000189393163221036	0.000363436199295067	0.000353924364434719
cinversion2	0.000188710987580486	0.00268689730735332	0.000248633169124243
mtarjeta_master_consumo_delta1	0.000184533535956218	0.000292521060075776	0.0001501181398486
ctarjeta_visa_lag1	0.000181920111043176	0.000243889749973837	9.12176196996699e-05
ccajas_depositos	0.000175847033159299	0.000259117078296245	0.00026322798827619
mtarjeta_visa_descuentos_lag1	0.000171963926634218	0.000138083115125538	0.000120928501544705
mplazo_fijo_dolares_lag1	0.000170260793385943	0.000179499239035914	0.000158979280047996
mcaja_ahorro_adicional_lag1	0.000160766424036166	0.00215159070769516	0.000239772028924847
mtarjeta_master_consumo_lag1	0.000160627946085317	0.000107653866965279	0.00012874715466182
Master_mpagosdolares	0.00015627191443254	0.000266011894081809	0.000140735756108062
cseguro_vivienda_lag1	0.000155456245881777	0.000340158969010594	0.000253845604535653
mcajeros_propios_descuentos	0.000155198973808119	7.54817261593541e-05	0.000115716066133296
tmobile_app_lag1	0.000155175119563402	0.000375508581968833	8.65264278294012e-05
ccajas_transacciones_delta1	0.000155097791057101	0.000350990511872473	0.000201200006880415
Master_msaldodolares	0.000148165942880202	0.000568373272041993	0.000173574099199943
ccajas_transacciones_lag1	0.000140888669213644	0.000193070839930517	0.000114673579051014
tcuentas_lag1	0.000139095526752534	0.00253414790912345	0.000292417626580085
cforex	0.000137630317756366	6.61404026800307e-05	0.000102684977604771
Master_Finiciomora	0.000136867867796569	0.00212315878992177	0.000174616586282225
Master_mconsumosdolares	0.000133068645008521	0.000182316463577298	0.000130310885285243
ctarjeta_visa_descuentos_lag1	0.000133000842698182	0.000116183059993708	0.000121970988626987
mforex_sell_delta1	0.000130421388011877	7.64367793358919e-05	9.79937857345025e-05
cprestamos_prendarios	0.000127118800828467	0.00298056968938567	0.000322649751966261
foto_mes	0.000125462536108967	6.251492953956e-05	0.000214231095408939
cseguro_accidentes_personales_lag1	0.00012510675187114	0.000202708889809374	0.000247590682041961
cseguro_vida_lag1	0.000123584888336601	0.000131780458188439	0.000129268398202961
mcheques_emitidos	0.000123218391552133	0.00125409498304308	0.00015585181880115
Visa_status_lag1	0.000122742725925631	0.00337934562056164	0.00020953990353867
mforex_sell_lag1	0.00012231123616156	8.32888359356361e-05	9.06963761585289e-05
mpagodeservicios_delta1	0.000115834158697174	0.000118632449668355	5.62943024432249e-05
ccajas_extracciones_lag1	0.00011421232184201	0.000119098213069328	6.88041474306082e-05
mtarjeta_visa_descuentos_delta1	0.000112438552403661	9.66620506764965e-05	7.24528522185949e-05
cplazo_fijo_delta1	0.000111604881918103	0.000459628781166593	0.000116237309674436
ctarjeta_master_descuentos_lag1	0.000111367308599234	0.000432846356331747	6.09854943134936e-05
mtarjeta_master_descuentos_lag1	0.000109972396212132	0.000223881215359155	6.77616603483262e-05
ctarjeta_visa_descuentos	0.000109105961888929	0.00032836731480164	0.000128225911120679
ccajeros_propios_descuentos	0.000108721559008013	9.11852871194289e-05	0.000117801040297859
ccajeros_propios_descuentos_lag1	0.000108482168306264	0.000347526253213889	8.39202101236963e-05
tcuentas_delta1	0.00010358823826653	0.00488570886017773	0.000303363740944045
mcheques_depositados	0.000100098860265346	0.000569570117533393	0.000127704667579538
minversion2	9.97480077141486e-05	0.00126610737346164	0.000206412442291824
ccheques_emitidos	9.95214823107212e-05	0.000484850172231363	9.95575163579254e-05
cinversion1	9.85271997596109e-05	0.000766093335303325	0.000105812438851617
mcajeros_propios_descuentos_lag1	9.68465054851022e-05	0.000147257518977135	7.1931608677454e-05
Visa_status_delta1	9.54328244916475e-05	0.000729201509674683	0.000116758553215577
ctarjeta_debito_delta1	9.47540086817135e-05	0.000920771484538141	8.65264278294012e-05
Master_mconsumototal_delta1	9.41044057069024e-05	0.000118358896747793	9.0175132617388e-05
cforex_sell	8.83817659483611e-05	0.000160061983612248	0.000117801040297859
Master_mconsumototal_lag1	8.80722371057545e-05	0.000164060526237802	0.000127183424038397
mtarjeta_master_descuentos_delta1	8.50496041198495e-05	9.46344300823371e-05	3.90932655855728e-05
ctarjeta_master_debitos_automaticos_delta1	8.49213572990758e-05	0.00025658599328583	8.39202101236963e-05
ccajas_depositos_delta1	8.43101313829411e-05	0.000257866180959221	9.22601067819518e-05
Master_msaldodolares_lag1	8.14620268274483e-05	0.000294104914429205	7.92290182534276e-05
mprestamos_hipotecarios	8.07341002941729e-05	0.000953003676415211	0.00010216373406363
ctarjeta_master_delta1	7.89711785832623e-05	0.00114604822562212	0.00013969326902578
Master_delinquency	7.85907903203924e-05	0.00047736407983638	0.00018243523939934
cprestamos_hipotecarios	7.63788912257066e-05	0.00200373320735001	0.00014490570443719
ccheques_depositados	7.4997617956572e-05	0.00134992167097377	0.0001501181398486
mbeneficios_lag1	7.44755168828575e-05	0.000122851787319449	7.40165828420179e-05
mprestamos_prendarios_delta1	7.40209972932243e-05	0.000780575936238042	0.000105812438851617
ccajas_depositos_lag1	7.35149605043303e-05	0.000461681633797501	6.30704684780575e-05
mcaja_ahorro_adicional_delta1	7.22114397168155e-05	0.00193252939951448	0.000166797933165111
ccajas_otras_lag1	6.97680159506654e-05	0.000253329060803334	7.34953393008769e-05
tcallcenter_lag1	6.73227016250133e-05	0.000107675981757395	9.43450809465157e-05
catm_trx_other_lag1	6.72177036867942e-05	0.000198966490587184	0.000120407258003564
Visa_delinquency_delta1	6.6518347637062e-05	0.000320179313020723	7.03678780540311e-05
cforex_sell_lag1	6.59776379428454e-05	0.000258123030153822	7.66228005477227e-05
mcheques_depositados_delta1	6.492067483855e-05	0.000780392606964039	0.000100600003440207
ctarjeta_master_lag1	6.36166427962337e-05	5.67833753456675e-05	7.71440440888637e-05
Visa_cadelantosefectivo	6.11892325262648e-05	0.00016944877181047	2.55409335159076e-05
ctarjeta_visa_delta1	6.05418703568262e-05	0.000564615815940064	8.28777230414144e-05
minversion2_delta1	6.0260309692185e-05	8.22206208973137e-05	7.45378263831588e-05
cforex_lag1	5.72165428451256e-05	6.94457994941854e-05	2.76259076804715e-05
Master_mpagosdolares_lag1	5.60358265898414e-05	0.000135371935717625	5.16031105729561e-05
ccajeros_propios_descuentos_delta1	5.46703329059161e-05	9.83863574862365e-05	2.97108818450353e-05
minversion2_lag1	5.44284701306611e-05	4.21852010957695e-05	5.47305718198019e-05
ctarjeta_master_debitos_automaticos_lag1	5.34208811630601e-05	5.97708132072195e-05	6.72404168071852e-05
mbeneficios_delta1	5.24156811526569e-05	0.000134927287237848	5.99430072312117e-05
Master_status_lag1	5.21977228602633e-05	0.000876562956411575	9.17388632408109e-05
Visa_Finiciomora_lag1	5.021430048977e-05	0.000389480719390854	7.03678780540311e-05
mcajeros_propios_descuentos_delta1	5.00615601546472e-05	7.31261479033905e-05	3.4923317256445e-05
minversion1_pesos_lag1	4.8278839301812e-05	0.00024757480365796	5.99430072312117e-05
mpagodeservicios	4.82368456842328e-05	0.000150083389461181	4.01357526678548e-05
Master_mconsumosdolares_delta1	4.66976629647161e-05	4.46781145634104e-05	3.07533689273173e-05
mplazo_fijo_pesos_delta1	4.32806802863973e-05	0.000156813461808668	3.70082914210089e-05
ccheques_depositados_delta1	4.31964393084499e-05	0.000628408698147429	5.21243541140971e-05
cplazo_fijo_lag1	4.29502294461623e-05	5.99948431092661e-05	3.96145091267138e-05
mcheques_emitidos_delta1	4.2314818220301e-05	3.8835574697383e-05	3.90932655855728e-05
cpagodeservicios_delta1	4.21694413668454e-05	1.50895813991758e-05	2.91896383038944e-05
cseguro_auto_lag1	3.95452943516803e-05	7.73781283992301e-05	5.52518153609429e-05
mpagodeservicios_lag1	3.82271389981925e-05	1.9128001229662e-05	2.29347158102027e-05
Master_msaldodolares_delta1	3.81086139139274e-05	4.85810224762501e-05	3.70082914210089e-05
mcheques_emitidos_rechazados_delta1	3.73242170126051e-05	5.07467428892611e-05	2.39772028924847e-05
Visa_delinquency_lag1	3.58435163358868e-05	9.23726632450566e-05	5.94217636900707e-05
ccaja_seguridad_lag1	3.54282433350859e-05	0.000239585540926404	4.63906751615464e-05
Master_status_delta1	3.41953989539122e-05	0.000878430538842577	0.00012874715466182
minversion1_pesos_delta1	3.386711368962e-05	0.000405192455766099	6.88041474306082e-05
mcheques_emitidos_lag1	3.21974622884288e-05	0.000390386720076369	3.96145091267138e-05
ctarjeta_visa_descuentos_delta1	3.15057137073766e-05	5.22177882765246e-05	4.43057009969825e-05
cinversion1_delta1	3.12209563071648e-05	2.6146095218085e-05	3.17958560095992e-05
ctarjeta_master_descuentos	3.07137463376543e-05	4.27203084858508e-05	4.01357526678548e-05
mprestamos_prendarios_lag1	2.97248567690104e-05	0.000419772632339435	6.30704684780575e-05
ctarjeta_master_descuentos_delta1	2.91310430820077e-05	0.000174161104641126	2.08497416456388e-05
mforex_buy_delta1	2.78733336303813e-05	2.88946815615978e-05	3.07533689273173e-05
mplazo_fijo_pesos_lag1	2.76120131904088e-05	5.92160024784179e-05	2.24134722690617e-05
ccheques_emitidos_rechazados_delta1	2.72722089681787e-05	4.61717452702817e-05	2.13709851867798e-05
cpagodeservicios	2.66842148921415e-05	5.34620982286636e-05	2.76259076804715e-05
ccheques_depositados_rechazados_lag1	2.64913535848347e-05	3.14063573129753e-05	3.17958560095992e-05
Master_mpagosdolares_delta1	2.62267450744695e-05	1.45556503278241e-05	3.38808301741631e-05
cforex_sell_delta1	2.61946371691426e-05	9.94206945451472e-06	2.65834205981895e-05
mforex_buy	2.61828257650253e-05	8.95858465428328e-05	4.32632139147006e-05
cpagodeservicios_lag1	2.44175886696198e-05	7.46103680604253e-06	1.7201036857652e-05
Master_madelantopesos	2.40643635567162e-05	2.85745464193454e-06	1.45948191519472e-05
cdescubierto_preacordado_delta1	2.29879511913081e-05	0.00108146056366512	9.90362728167845e-05
ccheques_emitidos_delta1	2.1804639257388e-05	9.27603778983229e-06	2.34559593513437e-05
Master_mconsumosdolares_lag1	2.06049423339187e-05	1.61224480596746e-05	1.8764767481075e-05
cseguro_vivienda_delta1	1.86335826290328e-05	0.000281216225373055	4.11782397501367e-05
minversion1_dolares_lag1	1.79095438384635e-05	0.00015431031436808	2.29347158102027e-05
ccheques_emitidos_lag1	1.76322189366401e-05	1.70513281444794e-06	6.77616603483262e-06
mcheques_depositados_lag1	1.72703039005779e-05	0.000137176232200976	2.50196899747666e-05
cinversion2_lag1	1.5972762924001e-05	2.48683778140262e-05	2.44984464336256e-05
mcheques_depositados_rechazados_lag1	1.55465289641379e-05	2.17163141462709e-05	1.30310885285243e-05
cprestamos_prendarios_lag1	1.5324320389902e-05	0.000152736929251344	3.6487047879868e-05
mpayroll2	1.44290418825936e-05	5.98687417414562e-06	6.77616603483262e-06
cliente_vip	1.44096173544997e-05	0.00055885038376676	7.50590699242998e-05
cinversion1_lag1	1.41511862985963e-05	4.38894516711703e-05	2.81471512216124e-05
mcheques_emitidos_rechazados_lag1	1.37254665061022e-05	1.92376929511943e-05	1.04248708228194e-05
Master_delinquency_lag1	1.25928012582913e-05	0.000291671110977725	3.80507785032909e-05
mprestamos_hipotecarios_delta1	1.25705687166324e-05	4.21720263259983e-05	2.18922287279208e-05
cforex_delta1	1.24079363372142e-05	8.54895518308518e-06	2.91896383038944e-05
mcheques_depositados_rechazados_delta1	1.15092472609731e-05	1.76715421946451e-05	6.77616603483262e-06
minversion1_dolares_delta1	1.14327081171083e-05	5.56262894273262e-05	1.51160626930882e-05
ccheques_depositados_lag1	1.08483468112444e-05	0.000152860501533885	1.7201036857652e-05
Visa_madelantopesos_lag1	1.08382024339257e-05	8.75379344505882e-05	1.25098449873833e-05
ccheques_emitidos_rechazados_lag1	1.06426783686116e-05	4.63975396504226e-06	1.14673579051014e-05
mprestamos_hipotecarios_lag1	1.05614306730894e-05	1.1031046518414e-05	1.09461143639604e-05
Master_madelantopesos_lag1	1.02813167163517e-05	2.09149470117515e-07	2.60621770570485e-06
ccheques_depositados_rechazados_delta1	9.73016392492082e-06	1.18489409310839e-05	1.09461143639604e-05
cprestamos_hipotecarios_lag1	9.35304356478238e-06	2.81140176367188e-06	9.38238374053748e-06
cprestamos_prendarios_delta1	9.34745133830836e-06	2.67435475008335e-05	1.7201036857652e-05
Master_Finiciomora_lag1	5.59831358094846e-06	0.00123510749308566	4.43057009969825e-05
Master_madelantodolares	5.38625009984931e-06	1.88140417607398e-06	5.73367895255068e-06
ccaja_ahorro_delta1	5.23993345552237e-06	1.63881196447479e-05	1.7201036857652e-05
Visa_madelantopesos_delta1	4.97855925051191e-06	7.55049584542631e-06	5.73367895255068e-06
Visa_Finiciomora_delta1	4.88016763281705e-06	0.000153226101395036	1.45948191519472e-05
cseguro_accidentes_personales_delta1	4.84052350939204e-06	0.000401641796496829	2.60621770570485e-05
Master_Fvencimiento_delta1	4.50419873298319e-06	4.32929404434054e-05	1.51160626930882e-05
Visa_madelantodolares	3.49817586409185e-06	3.36662420402884e-07	8.33989665825553e-06
Master_delinquency_delta1	3.22818791224682e-06	9.68286762245401e-07	7.29740957597359e-06
cforex_buy_delta1	3.13061749049497e-06	1.87534613461669e-06	6.25492249369165e-06
mcuenta_corriente_adicional	3.09719014222862e-06	0.0019195984218	5.73367895255068e-05
cseguro_vida_delta1	3.03651408267249e-06	0.000336906094827714	2.65834205981895e-05
cliente_vip_lag1	2.96914853960072e-06	0.000134523751097669	1.25098449873833e-05
mcheques_depositados_rechazados	2.59259799069292e-06	4.32891174075343e-06	1.56373062342291e-06
mcuenta_corriente_adicional_lag1	2.16518768071295e-06	1.47804448370448e-07	1.56373062342291e-06
cpayroll2_trx	1.76267293711017e-06	8.27246146569979e-07	1.04248708228194e-06
mcheques_emitidos_rechazados	1.74945231058345e-06	2.42556922037298e-07	1.56373062342291e-06
Master_fechaalta_delta1	1.62925916279774e-06	5.28167109576851e-08	5.21243541140971e-07
cseguro_auto_delta1	1.47119463011309e-06	3.94949013453069e-07	1.56373062342291e-06
Master_fultimo_cierre_delta1	1.43626661661165e-06	3.97595730594601e-08	1.56373062342291e-06
cforex_buy	1.21813068864869e-06	2.89272067744704e-05	1.35523320696652e-05
ccaja_seguridad_delta1	1.10126836485669e-06	1.01633938234833e-06	1.56373062342291e-06
ccuenta_corriente	1.03698286862835e-06	1.23695796007915e-06	4.16994832912777e-06
Visa_cadelantosefectivo_lag1	9.62747830048375e-07	5.57275116540057e-06	5.21243541140971e-07
Master_cadelantosefectivo	5.95698268977813e-07	1.43075647077578e-06	5.73367895255068e-06
ccuenta_corriente_lag1	5.92744560086673e-07	9.7105111125989e-08	2.08497416456388e-06
cinversion2_delta1	5.6256423484067e-07	1.53009658748795e-06	4.16994832912777e-06
mforex_buy_lag1	5.34990189815804e-07	2.95256001122026e-07	1.04248708228194e-06
Master_madelantodolares_lag1	4.82984549063173e-07	1.00710528032121e-06	1.56373062342291e-06
Visa_madelantodolares_lag1	3.91137906447773e-07	3.81538979935973e-07	2.60621770570485e-06
Visa_fultimo_cierre_delta1	6.82975658401079e-08	2.78787538908048e-08	5.21243541140971e-07
cprestamos_hipotecarios_delta1	9.17418966453381e-09	2.16560278113805e-07	1.56373062342291e-06
mplazo_fijo_pesos	7.1117256100766e-10	1.12616638053462e-05	5.21243541140971e-07
