Feature	Gain	Cover	Frequency
ctrx_quarter	0.108857846821807	0.0107661508071147	0.0119051603697684
mpasivos_margen_rank	0.0337816213432494	0.00912884010307231	0.0135613580324967
cpayroll_trx	0.0256684244386985	0.00617321351181136	0.000924793006283882
mprestamos_personales_rank	0.0192691577731321	0.0130237491273014	0.00310165161088776
mcaja_ahorro_rank	0.0191400565938275	0.00662047348500205	0.0101906982683065
numero_de_cliente	0.0191278783508349	0.010092723022288	0.0360111421441561
cliente_edad	0.0190589458528376	0.0125638039527376	0.0373846952955805
mpayroll_rank	0.0189843968237419	0.00866599660454099	0.00134318126314824
mcuentas_saldo_rank	0.0185102395465863	0.0112534423029387	0.0151072251623037
mrentabilidad_annual_rank	0.0178380440958372	0.0125346443051927	0.0266727162509437
Master_fechaalta	0.0143684925379216	0.00808848611108263	0.018753711258797
mtarjeta_visa_consumo_rank	0.0140444302415009	0.00621185064160636	0.00331301515991109
mcuenta_corriente_rank	0.0138570728135681	0.0126198217689189	0.0229704450535351
Visa_Fvencimiento	0.0136422175951705	0.00761328799971382	0.0232289160211091
cliente_antiguedad	0.0135248937408742	0.00826092391078128	0.0258725099700372
Master_Fvencimiento	0.0125790955916454	0.00952731930599739	0.0227014369002327
mactivos_margen_rank	0.0124138188081254	0.0110485253426665	0.0156520596479092
ctrx_quarter_lag1	0.0122194903426424	0.00461313510352642	0.00407727104244998
Visa_fechaalta	0.0119615574120286	0.00599665620772227	0.0182578436951059
Visa_msaldototal_rank	0.0102030859373849	0.00411052845352411	0.00353491589466285
mrentabilidad_rank	0.00955451898941988	0.00598087724276264	0.0166313980861991
chomebanking_transacciones	0.00899073077664889	0.00524825207082404	0.0125231353210185
active_quarter	0.00804048756313959	0.00197140911717838	0.00438842793866614
mrentabilidad_annual_rank_lag1	0.00787287586733928	0.00468268261384184	0.00839503785329014
Master_mfinanciacion_limite_rank	0.00758478419155292	0.00397536008222326	0.0129266475509721
mcomisiones_rank	0.00747640460170277	0.00304984568668035	0.0116950364896543
cliente_edad_lag1	0.00743870352522393	0.00675449200969619	0.0105904914915324
mcuenta_corriente_rank_lag1	0.00733372015053447	0.00584439591571406	0.00679896413265945
Visa_mfinanciacion_limite_rank	0.00731437970217186	0.00382498750479423	0.0144911097144175
mrentabilidad_annual_rank_delta1	0.00690890989502326	0.00511452376856003	0.0110677640215851
Visa_status	0.00665231614108635	0.0165829396900979	0.00108037145439196
mcuentas_saldo_rank_delta1	0.00664332688112801	0.00365569863725933	0.0085183849097583
mcomisiones_mantenimiento_rank	0.00642075081421573	0.00816919778656349	0.0071497904339709
cproductos	0.00628912925419525	0.0103547408697534	0.00940722751767458
Visa_mpagominimo_rank	0.00627398597029277	0.00395959544981564	0.00560020429743624
mcaja_ahorro_dolares_rank	0.0059392997724665	0.00484365958804451	0.0095826406683303
Visa_msaldopesos_rank	0.0057082668783352	0.00365743339296381	0.00323367634972052
mtransferencias_recibidas_rank	0.00566922879360267	0.00430897085964727	0.00653677415835779
mactivos_margen_rank_delta1	0.00560560275092236	0.00429727610810575	0.00944875642613371
ccomisiones_otras	0.00540674920132011	0.0041256890980926	0.00811487267980468
Visa_cconsumos	0.00519651233010263	0.00350060698484625	0.00701094751613739
ctarjeta_visa_transacciones	0.00502703563051472	0.00293968009991476	0.0040468991541739
cliente_antiguedad_lag1	0.00481311290744118	0.00397544838014202	0.0079369801913305
Master_mlimitecompra_rank	0.00473595498080163	0.00244116165764834	0.00551032830151723
cprestamos_personales	0.00468960199173794	0.00691851307696909	0.00207644542295644
Visa_Fvencimiento_lag1	0.00468396180310662	0.00338432572163554	0.00699049297913513
Master_Fvencimiento_lag1	0.0046405749559787	0.00317139225957845	0.00655598902645082
mcomisiones_otras_rank	0.00443737067470219	0.00271575404038854	0.00754028614037763
ctrx_quarter_delta1	0.00431772575794129	0.00502925034722339	0.00628140236305687
cdescubierto_preacordado	0.00410640668183215	0.0152058460540933	0.00167479269636665
mactivos_margen_rank_lag1	0.00410493222363551	0.00385276182895171	0.00526487385749014
mcaja_ahorro_rank_lag1	0.00406769296777166	0.00195311213429511	0.0035907009955781
mcuenta_corriente_rank_delta1	0.004066710109656	0.00388615996456465	0.00717582348106468
mrentabilidad_rank_delta1	0.0040076014405887	0.00391003075944324	0.00680640214611482
Visa_mfinanciacion_limite_rank_delta1	0.00392780437080356	0.00153114888043574	0.00442995684712527
Master_fechaalta_lag1	0.00391990710351176	0.00273340525956796	0.00538574157613985
ccomisiones_mantenimiento_delta1	0.00387028106082533	0.00199681593870429	0.000597520414247763
mttarjeta_visa_debitos_automaticos_rank	0.00381862864161418	0.0028636289474186	0.00474979142570602
mpasivos_margen_rank_delta1	0.00380467791340531	0.00296340456178696	0.00627768335632919
Visa_mlimitecompra_rank	0.00378575038938229	0.00224113031191538	0.00534173332986226
Visa_fechaalta_lag1	0.00367118602853544	0.00279465187267303	0.00494317977554555
mcuenta_debitos_automaticos_rank	0.00364625768827886	0.00405081377876464	0.00393160994561572
chomebanking_transacciones_delta1	0.00358746915091336	0.00208048604088715	0.00417582472073359
mautoservicio_rank	0.00354804753612184	0.00208990205763557	0.00324545320435818
chomebanking_transacciones_lag1	0.00348748732612189	0.00204533256708522	0.00387582484470048
Visa_mpagospesos_rank	0.00347086866815597	0.00233099729267406	0.00443739486058064
mpasivos_margen_rank_lag1	0.00346672068770064	0.00221331820621096	0.00437541141511925
mrentabilidad_rank_lag1	0.00345653211099076	0.00321881984896676	0.0059336752340185
mcuentas_saldo_rank_lag1	0.00345276406534837	0.00431156744815108	0.00460289065996254
ctarjeta_debito	0.00336040481741516	0.00590723325412394	0.00649834442217173
Visa_mconsumospesos_rank	0.00321723646448474	0.00253672589831751	0.00422851064937576
mcaja_ahorro_rank_delta1	0.00311642856015744	0.00220260337829892	0.00484772526953501
mcomisiones_rank_delta1	0.00309808832274771	0.00127574825475176	0.00401652726589782
mcaja_ahorro_dolares_rank_delta1	0.00307368344383375	0.0028935691786401	0.00334338704818717
Master_fultimo_cierre	0.00304740303596922	0.00209454853002011	0.00552396465951874
mcomisiones_mantenimiento_rank_delta1	0.00299933744135597	0.00440178569391385	0.00295351117623505
mcomisiones_rank_lag1	0.00299356832218723	0.00171665636983706	0.00411570077863604
Master_mfinanciacion_limite_rank_delta1	0.0029202139672895	0.00148013148018556	0.00399049421880404
ctransferencias_recibidas	0.00286665486171232	0.00211348187821245	0.00374194060250388
mtransferencias_recibidas_rank_delta1	0.00281633605489872	0.00196495655527315	0.00328884161618115
ccomisiones_mantenimiento	0.00281232318559386	0.00622278971521733	0.00192148680930297
mpayroll_rank_lag1	0.00276020820630844	0.00132901516078733	0.00045743782750503
mtransferencias_emitidas_rank	0.00267716748585976	0.00204292399346854	0.00312396565125386
mcomisiones_otras_rank_lag1	0.00265312113584588	0.00118476977283699	0.00243099073099557
Master_mfinanciacion_limite_rank_lag1	0.00254982789198707	0.00151627436999567	0.00281094925167386
Master_mpagominimo_rank	0.00249189796378156	0.00195227158885991	0.00132768540178289
mrentabilidad_annual_rank_delta2	0.0024843299438698	0.00285725514406144	0.00360805636030729
Visa_fultimo_cierre	0.00247059294490146	0.00289902269118252	0.0052673531953086
Visa_mfinanciacion_limite_rank_lag1	0.00243870385291655	0.0018082018569076	0.00329256062290883
ccomisiones_otras_lag1	0.00243247083723549	0.00209916342379825	0.00260268487492361
mcuentas_saldo_rank_delta2	0.00240084877816807	0.00209121675208633	0.00285247816013299
Master_status	0.00234481516033694	0.00245357712509189	0.000725826146352832
ccallcenter_transacciones	0.00233817071504114	0.00328345984648324	0.00197665207576361
ccaja_ahorro	0.00226824432434197	0.00386695523772366	0.00218491645251386
Master_mlimitecompra_rank_delta1	0.00222867948529187	0.00351382103389241	0.00294731283168891
Visa_mpagospesos_rank_delta1	0.00222301421288813	0.00183544639355257	0.00274214762721172
internet	0.00219115701499555	0.00431535345050352	0.00259834603374131
mcaja_ahorro_dolares_rank_lag1	0.00215042560032846	0.00230589234758779	0.00248863533527465
mpagomiscuentas_rank	0.00213283198262463	0.00204240971330737	0.00238884198808182
ctarjeta_debito_transacciones	0.0021279871625689	0.00231517048988511	0.00274648646839402
thomebanking	0.00211938434195472	0.00343922024167534	0.00241115602844792
mprestamos_personales_rank_delta1	0.00211179287917635	0.00466130084283905	0.00128491682441454
mtransferencias_recibidas_rank_lag1	0.00210603464788627	0.00128285428704453	0.0021148751591425
ctarjeta_visa_debitos_automaticos	0.00208947401640012	0.00155897926601796	0.00224999907024832
cpayroll_trx_lag1	0.00208227272897061	0.00108903546821467	0.000284504014667763
Visa_mpagominimo_rank_delta1	0.00208196104890192	0.00165227515712025	0.00234483374180424
cliente_edad_lag2	0.00206862917386773	0.00357794487156876	0.00347169278029224
ctransferencias_emitidas	0.00202297371679762	0.00205392744608361	0.00208574293977564
mactivos_margen_rank_delta2	0.00197346874048339	0.00347812691743201	0.00325475072117739
ctarjeta_master	0.00193223635175547	0.000114862011618266	0.000329751929854574
chomebanking_transacciones_delta2	0.00192078786309389	0.00231148096205486	0.00194318101521446
Visa_cconsumos_lag1	0.00188337463133286	0.00226969067081847	0.00220599082397073
Visa_mpagado_rank	0.00187992731896874	0.00248809865083027	0.00214772638523703
mextraccion_autoservicio_rank	0.00187860689162512	0.00156091857778435	0.00180123892510788
mrentabilidad_annual_rank_lag2	0.00186633728351224	0.00253581495890556	0.00270867656666258
Visa_mpagominimo_rank_lag1	0.00182149022755223	0.0014826007204404	0.00168780921991355
mcomisiones_otras_rank_delta1	0.00179863920140252	0.00111233695533078	0.00251962705800535
mcuenta_corriente_rank_delta2	0.00179322400637319	0.00578815780115962	0.00280723024494618
ctrx_quarter_delta2	0.00178395168859899	0.0027350394994405	0.00260950305392436
Visa_msaldopesos_rank_delta1	0.00177344448060448	0.00100076795326792	0.00176652819564951
mcomisiones_mantenimiento_rank_lag1	0.00174624972501121	0.00341667974258281	0.00191900747148452
mtarjeta_master_consumo_rank	0.00170939982944767	0.00237138496747674	0.000869007905368634
ccuenta_debitos_automaticos	0.00170037293946106	0.00163862154515125	0.00194813969085137
mttarjeta_visa_debitos_automaticos_rank_delta1	0.00167556428966475	0.00163708448468051	0.00184028849574856
cmobile_app_trx	0.00157364774062254	0.0022924775488296	0.00299442025023957
mpasivos_margen_rank_delta2	0.00155204654788312	0.00232281692987648	0.00248553616300159
mtarjeta_visa_consumo_rank_delta1	0.00154211599811215	0.00142485942662832	0.00175413150655723
Visa_mlimitecompra_rank_delta1	0.00152932668506546	0.00246331334514973	0.0028977260753198
mautoservicio_rank_delta1	0.00151276031435008	0.00170923685408713	0.00165929683500131
Visa_msaldototal_rank_delta1	0.00150925029104184	0.00151646304277044	0.0018421479991124
mrentabilidad_rank_delta2	0.00150620601763494	0.00274163477597013	0.00239999900826487
Visa_Fvencimiento_lag2	0.00150579640509772	0.00160654158139514	0.00217685860460388
cproductos_lag1	0.00147191505457827	0.00261499591783214	0.00270309805657105
mcomisiones_mantenimiento_rank_delta2	0.00147025253694864	0.00214903492476753	0.000959503735742258
Master_msaldopesos_rank	0.00146383394616069	0.00275691905642167	0.00127747881095917
cpagomiscuentas	0.00144838577865433	0.00183175042782191	0.00168037120645818
Visa_cconsumos_delta1	0.00144329570959223	0.00189830595916604	0.00169338773000507
Visa_mconsumototal_rank	0.00142839811099214	0.000836174382778321	0.00141632172879267
mcuenta_corriente_rank_lag2	0.0013944400750108	0.00527173433606333	0.00231818086025584
mprestamos_personales_rank_lag1	0.00139115572002903	0.00275834827031255	0.000742561676627406
ccajas_consultas	0.00137542434954999	0.00541063546781031	0.00135681762114974
ccallcenter_transacciones_delta1	0.00135687479142765	0.00268705021498946	0.000896900455826258
mcomisiones_rank_delta2	0.00131377893963567	0.00142839764030296	0.00162086709881525
Visa_mconsumospesos_rank_delta1	0.00129726094305608	0.00147350330927428	0.00196921406230824
ctarjeta_visa_transacciones_lag1	0.00129466732442739	0.0010335875706915	0.00119628049740475
mcaja_ahorro_rank_delta2	0.00127402367049855	0.00154506809104061	0.00178946207047022
chomebanking_transacciones_lag2	0.00127112826138542	0.00197495170110658	0.00148946219443711
ctarjeta_debito_lag1	0.00126683453154386	0.00137627602265263	0.00198656942703743
mttarjeta_visa_debitos_automaticos_rank_lag1	0.00126675595785703	0.000792276877453179	0.0013413217597844
Visa_msaldototal_rank_lag1	0.00126441672966243	0.000765295401877498	0.000979338438289902
Visa_mpagospesos_rank_lag1	0.00126138837198661	0.00126708011526623	0.00139586719179042
matm_rank	0.00123927652060432	0.00122237571075911	0.001439875438068
Visa_mconsumospesos_rank_lag1	0.00123433387166205	0.000906201775130099	0.00125826394286614
ccajas_consultas_delta1	0.00123122214468311	0.00681141883861852	0.000864669064186337
ccaja_seguridad	0.00122818369750779	0.00407479608559704	0.00047355352332499
Master_cconsumos	0.00121872693752239	0.002484884305839	0.00158925554162994
cliente_antiguedad_lag2	0.00120546371967239	0.00187422238463012	0.00224566022906602
ctarjeta_visa_transacciones_delta1	0.00120071688326366	0.0018351746859601	0.00112004085948725
Master_Fvencimiento_lag2	0.00119600310682847	0.00168623498779591	0.00184896617811315
tcallcenter	0.00119197042111542	0.00287367014538634	0.000787809591814218
Master_msaldototal_rank	0.00117123677865682	0.0014745297549578	0.00120557801422396
mtransferencias_emitidas_rank_delta1	0.00116632068661545	0.00172502404264218	0.00151239606925782
mcuenta_debitos_automaticos_rank_delta1	0.00116125213960244	0.00146686954631811	0.00132830523623751
Visa_mconsumosdolares_rank	0.00115405376665674	0.00158452020263707	0.00159483405172147
tmobile_app	0.00112654823715046	0.00455854457456507	0.000491528722508792
mcuentas_saldo_rank_lag2	0.00111860672675955	0.00214199369440662	0.00165123898709133
mpasivos_margen_rank_lag2	0.0011022264208466	0.00143710351434345	0.00147086716079869
mtransferencias_emitidas_rank_lag1	0.00109438802584847	0.00102832724215333	0.00104814006275204
cdescubierto_preacordado_delta1	0.00109227988602686	0.00288302070231528	0.000181611495201861
cextraccion_autoservicio	0.00108440012444862	0.00185846235743592	0.00121735486886162
ccajas_transacciones	0.00106564321047216	0.00180627424614268	0.00077045422708503
Visa_mlimitecompra_rank_lag1	0.00106274800303576	0.00117145050876151	0.00123718957140927
ccomisiones_otras_delta1	0.00106236062121257	0.0014219833298644	0.00126632179077612
mcomisiones_rank_lag2	0.00105164433202592	0.00201260585279381	0.00138594984051659
Master_fechaalta_lag2	0.00104915794353473	0.00137037669725485	0.00169958607455121
Master_mfinanciacion_limite_rank_delta2	0.0010490478665466	0.00107409728365011	0.00126818129413996
ctransferencias_recibidas_delta1	0.00103291148467571	0.00181143363592115	0.00131094987150832
mrentabilidad_rank_lag2	0.00103216850855249	0.00330610899101919	0.0020522718792265
mcaja_ahorro_rank_lag2	0.00103077456357923	0.00137497862124823	0.00133760275305671
ctransferencias_recibidas_lag1	0.00102389125010549	0.000980568688293606	0.00117458629149327
cproductos_delta1	0.00101471304218451	0.00388921312708581	0.000641528660525347
ctarjeta_debito_transacciones_lag1	0.00100975848911363	0.000696713200687696	0.000932850854193862
Master_mpagospesos_rank	0.000985349549689472	0.00114899999929879	0.00112437970066955
internet_lag1	0.000978183504652331	0.00580089906395747	0.0010909086401204
ctarjeta_visa_debitos_automaticos_lag1	0.000975987881869831	0.00131572164831349	0.000794627770814971
ctarjeta_debito_transacciones_delta1	0.000950358030882953	0.00170035696876769	0.00103946238038745
mactivos_margen_rank_lag2	0.00094481495168166	0.00158789685790582	0.00169276789555046
mcomisiones_otras_rank_delta2	0.000921953915240218	0.00100273903160859	0.00093099135083002
Visa_msaldopesos_rank_lag1	0.000912847325738363	0.00101342157603464	0.000903098800372397
mplazo_fijo_dolares_rank	0.000910842334465221	0.0042621583482039	0.000970660755925308
mcuenta_debitos_automaticos_rank_lag1	0.000909064945348764	0.000979754505355699	0.00105743757957125
Visa_mfinanciacion_limite_rank_delta2	0.000900874935008718	0.00127186037380014	0.00127128046641303
mpagomiscuentas_rank_delta1	0.000893204753339251	0.00106599690119192	0.000950826053377664
mtransferencias_recibidas_rank_delta2	0.000891044585739012	0.00177195398702804	0.00132706556732828
Visa_fechaalta_lag2	0.000884891983534305	0.00140323531801669	0.00146714815407101
mtarjeta_visa_consumo_rank_lag1	0.000878564953468403	0.000672670697136868	0.000899999628099327
ctrx_quarter_lag2	0.00086059086081563	0.00155049923540351	0.00118140447049402
mpagomiscuentas_rank_lag1	0.000842019088764875	0.00146404020656811	0.000836156679274099
Visa_mpagospesos_rank_delta2	0.000826388072711149	0.0017082543458991	0.00115785076121869
cdescubierto_preacordado_lag1	0.000818705784189834	0.000760901840295909	0.000521280776330258
mextraccion_autoservicio_rank_delta1	0.000807008973022033	0.00125536449928835	0.000891321945734733
mprestamos_personales_rank_delta2	0.000806538655775332	0.00166389528540738	0.00039483454758903
mttarjeta_visa_debitos_automaticos_rank_delta2	0.000805441448222513	0.000988423819640581	0.000843594692729466
Master_fultimo_cierre_lag1	0.000779799281562661	0.000623747024278959	0.00114359456876258
mcaja_ahorro_dolares_rank_delta2	0.000772967521403422	0.0013725626228997	0.00104937973166127
Visa_mpagado_rank_delta1	0.000766562936998144	0.000998444012196041	0.000736363332081268
Visa_mpagominimo_rank_delta2	0.000765938729890125	0.00176872624932424	0.000937189695376159
Visa_mpagosdolares_rank	0.000759129760935482	0.00091856606831419	0.000589462566337782
cseguro_accidentes_personales	0.000754236619214072	0.000415248946660129	0.00111818135612341
Master_mpagospesos_rank_delta1	0.000729862352176747	0.00125794816499937	0.000704131940441347
Visa_mfinanciacion_limite_rank_lag2	0.000729817773271129	0.00164842637349082	0.000999792975292159
catm_trx	0.000723685106651465	0.00232461258717899	0.000873966581005545
Master_mfinanciacion_limite_rank_lag2	0.00072215583015292	0.00175341978866108	0.000976859100471446
mautoservicio_rank_lag1	0.000712199003140129	0.00063973914483171	0.000940288867649228
ccomisiones_mantenimiento_delta2	0.000708087328967469	0.0025579143913321	0.000362603155949109
mcomisiones_otras_rank_lag2	0.000707358507149602	0.0019742384099364	0.000938429364285387
cproductos_delta2	0.000702728202479124	0.00173494743173163	0.000284504014667763
cmobile_app_trx_lag1	0.000697033237951027	0.000687276037551064	0.000973759928198377
matm_other_rank	0.000690698149110084	0.000934643103363581	0.000899999628099327
Visa_msaldodolares_rank	0.000682930450661562	0.00203866351315673	0.000874586415460159
cseguro_vivienda	0.000681707103094526	0.00097798516355851	0.000955164894559961
ctarjeta_master_transacciones	0.000679859832782651	0.00112659502505866	0.000646487336162258
ccajas_otras	0.000677228544255362	0.00467337735717564	0.00074628068335509
cpagomiscuentas_lag1	0.000667672361407181	0.00066760980253547	0.000533677465422535
cprestamos_personales_lag1	0.000660843199018776	0.0015797351979138	0.000467975013233466
ctarjeta_visa	0.000653884923111998	0.000539961274848599	0.000508264252783367
mplazo_fijo_dolares_rank_delta1	0.000653396432115086	0.00200490189462653	0.000449999814049664
Master_mlimitecompra_rank_lag1	0.000650786395185895	0.000696245912500316	0.00109462764684808
Visa_mconsumototal_rank_delta1	0.000645735178640901	0.000347196626966797	0.000567768360426297
ctarjeta_visa_debitos_automaticos_delta1	0.000627177948014166	0.000913131681505098	0.000559090678061703
mtarjeta_visa_consumo_rank_delta2	0.000627054234292823	0.00103819494575384	0.000650206342889941
ccomisiones_mantenimiento_lag1	0.000626256070288898	0.00204473482917859	0.000553512167970179
ctransferencias_emitidas_lag1	0.000616903388295488	0.00075101317827509	0.000573346870517822
ctransferencias_emitidas_delta1	0.000613673559437705	0.00135922587780997	0.000703512105986733
mcuenta_debitos_automaticos_rank_delta2	0.000611960789249952	0.00210047421791519	0.000665082369800674
mextraccion_autoservicio_rank_lag1	0.000608279563020433	0.000794199648044797	0.000578925380609347
matm_rank_delta1	0.00060511511504032	0.000926883177755507	0.00068367740343909
ccomisiones_otras_lag2	0.000597711048030971	0.00205333403143858	0.000959503735742258
mcaja_ahorro_dolares_rank_lag2	0.000596795231816937	0.000827196848137342	0.000815702142271842
thomebanking_delta1	0.000595591979649665	0.0010290663789091	0.000828718665818733
mautoservicio_rank_delta2	0.000584351890755298	0.00129698646527462	0.000655165018526852
Visa_fultimo_cierre_lag1	0.000583739463830464	0.00055147393249167	0.00102024751229442
Visa_mconsumosdolares_rank_lag1	0.000575404135012242	0.00144516329573629	0.000570867532699367
Master_mconsumospesos_rank	0.000571441187205532	0.000756091647874687	0.000771074061539644
Master_mpagado_rank	0.000570944562236176	0.0010383217770911	0.00044132213168507
Visa_cconsumos_lag2	0.000567859918684596	0.00118123724519118	0.000764255882538892
thomebanking_lag1	0.000564764316578322	0.000280225216654613	0.000763016213629664
Visa_mpagominimo_rank_lag2	0.000553900619625396	0.000867833157473343	0.000665082369800674
Visa_mconsumospesos_rank_delta2	0.000550047380578689	0.00145598061314317	0.00080082611536111
matm_rank_lag1	0.000548916998625783	0.000598318774413001	0.00048471054350804
Visa_msaldototal_rank_delta2	0.000548875924977358	0.000886197197903208	0.000707231112714416
catm_trx_delta1	0.000548187079426132	0.00110337380023378	0.000433264283775089
tcallcenter_delta1	0.000543464310836151	0.000894169104305054	0.000355784976948357
ccajas_consultas_delta2	0.000535951311015508	0.00340985890457898	0.000409710574499763
ccallcenter_transacciones_lag1	0.000529240507023433	0.000813116502054342	0.000452479151868119
tmobile_app_delta1	0.000523616647699683	0.0029743246976325	0.000278305670121624
ccaja_ahorro_lag1	0.000518195761932949	0.00060296618663701	0.000525619617512555
ccomisiones_otras_delta2	0.000513349953140889	0.00082891412282757	0.000547933657878654
mtransferencias_recibidas_rank_lag2	0.000509220240394914	0.000836956470198129	0.000665702204255288
Master_mpagominimo_rank_delta1	0.000507528970798775	0.000838608050108997	0.000521900610784872
mcaja_ahorro_adicional_rank	0.000496503996321123	0.00269257665907521	0.000834297175910258
cextraccion_autoservicio_delta1	0.00049338556039111	0.000708864244294722	0.000440702297230456
Master_cconsumos_delta1	0.000490347602436196	0.001027142668478	0.000392975044225188
Visa_mpagospesos_rank_lag2	0.000489481793173131	0.000905601922584654	0.000606198096612357
cseguro_vida	0.000484272106230446	0.000444866390013658	0.000705991443805189
Visa_mconsumospesos_rank_lag2	0.00048232123118154	0.000420879008048087	0.000451239482958891
mttarjeta_master_debitos_automaticos_rank	0.00047736186934219	0.00101015398913706	0.000622313792432317
mtransferencias_emitidas_rank_delta2	0.000474824965022206	0.000828899602307668	0.00052809895533101
ctarjeta_debito_transacciones_delta2	0.000473053051995511	0.000909942712179675	0.000489049384690337
active_quarter_lag1	0.000470382870050505	0.000486434033278228	0.00124152841259157
mpagomiscuentas_rank_delta2	0.000468221284759715	0.00130298762227961	0.000405371733317466
Master_cconsumos_lag1	0.000464748694022575	0.000721573552550387	0.000525619617512555
Master_mpagominimo_rank_lag1	0.000461611219898675	0.000548463250714811	0.000371900672768317
Visa_cconsumos_delta2	0.000453620553071431	0.000746562051525607	0.000510743590601822
Visa_mpagado_rank_lag1	0.000443926912020835	0.000797673153771526	0.000569008029335525
ccajas_otras_delta1	0.000443633611548264	0.000783757373580743	0.000215702390205624
catm_trx_other	0.000442962458366253	0.0024595258860461	0.000719627801806693
mttarjeta_visa_debitos_automaticos_rank_lag2	0.000440735676965487	0.000706948052579435	0.000463016337596555
cproductos_lag2	0.000425251659120025	0.00142887705241958	0.000828718665818733
ccallcenter_transacciones_delta2	0.000423850063920109	0.000815293076296406	0.000308677558397703
Master_mlimitecompra_rank_delta2	0.000422777691229885	0.000662478466965358	0.000570247698244753
mpayroll_rank_delta1	0.000416491215467436	0.00107228461525309	0.000449999814049664
mtarjeta_master_consumo_rank_delta1	0.000404875278004174	0.000730632101354183	0.000432024614865862
Visa_msaldopesos_rank_delta2	0.000403823982796385	0.000887354563225713	0.000603098924339288
Visa_msaldopesos_rank_lag2	0.000402161510595898	0.000478014105398256	0.00033223126767303
Visa_mconsumototal_rank_lag1	0.000401087530161279	0.000321142913929677	0.000441941966139683
cseguro_accidentes_personales_lag1	0.000397635461057743	0.000220140339125618	0.000344627956765307
ctarjeta_visa_transacciones_delta2	0.000394813664891601	0.000990508524573884	0.00044132213168507
Visa_mlimitecompra_rank_delta2	0.000393935912468382	0.00153576377421389	0.000743801345536634
matm_other_rank_delta1	0.000392459217746884	0.00140542641277865	0.000488429550235723
Master_msaldopesos_rank_delta1	0.000386142485480122	0.0014816665669934	0.000538636141059446
cplazo_fijo	0.000383833861441782	0.00266819581331308	0.000370041169404475
Visa_mconsumosdolares_rank_delta1	0.000380221244831918	0.00126035711455183	0.000554132002424792
cpagomiscuentas_delta1	0.000377322573780727	0.000759951709577823	0.000380578355132911
Master_mpagado_rank_delta1	0.000376635097460268	0.000805430870756832	0.000238016430571723
Visa_Fvencimiento_delta1	0.000372736929711802	0.00100853624344732	0.000265289146574733
Master_delinquency	0.000371372349478089	0.000181284320716699	0.000220661065842535
cmobile_app_trx_delta1	0.000370152235647827	0.00104002114783932	0.000648346839526099
mextraccion_autoservicio_rank_delta2	0.000368962302263002	0.000723074429201307	0.000291942028123129
ccajas_extracciones	0.00035987742169807	0.000592738524517261	0.000401032892135169
Master_mpagospesos_rank_lag1	0.000358795196785786	0.000491823542752349	0.00038367752740598
Master_msaldototal_rank_delta1	0.000357221510728747	0.0008648549001584	0.000510743590601822
ctransferencias_emitidas_delta2	0.000356145074846245	0.00101103847206776	0.000337809777764555
Visa_status_lag1	0.000353503753891624	0.00587310411136671	0.000295661034850812
foto_mes	0.000352059281768444	0.000286525806516599	0.000389875871952119
ctarjeta_visa_debitos_automaticos_delta2	0.000350141381341499	0.000631551874213978	0.000257231298664753
Master_status_delta1	0.000348315655897307	0.000886280138736949	0.000163016461563446
ctarjeta_debito_transacciones_lag2	0.000346305237460809	0.000596716677050535	0.000373140341677545
mplazo_fijo_dolares_rank_lag1	0.000346068115693657	0.0018720643722177	0.000270867656666258
cextraccion_autoservicio_lag1	0.000344998266679677	0.00255818591095666	0.000399173388771327
ctransferencias_recibidas_delta2	0.000335884380304771	0.000962012544674883	0.000487809715781109
tcuentas	0.000333377757739027	0.00194135939465794	0.000653925349617624
ccuenta_debitos_automaticos_lag1	0.000330287036438104	0.000665652868778906	0.000444421303958139
cliente_edad_delta1	0.000330231087173913	0.00047016466008011	0.000542974982241743
ctarjeta_debito_lag2	0.000329622018997875	0.000728241525663474	0.000598140248702377
Master_mconsumospesos_rank_lag1	0.000329574820450193	0.000420657440891661	0.000281404842394693
mautoservicio_rank_lag2	0.000328635942861193	0.000691991165209306	0.000400413057680555
Visa_Finiciomora	0.000320740218381031	0.00479394832970586	0.000713429457260555
Visa_msaldototal_rank_lag2	0.000317060737886887	0.00077372153269801	0.000365082493767565
internet_delta1	0.000316331678978372	0.00102022455708843	0.000766115385902733
ctarjeta_visa_debitos_automaticos_lag2	0.000313912022998761	0.000650469104159313	0.000318594909671525
mprestamos_prendarios_rank	0.000312831951279489	0.00622990946916645	0.000747520352264317
Master_msaldopesos_rank_lag1	0.000302147847034949	0.000559416374925949	0.000293181697032357
mtarjeta_visa_consumo_rank_lag2	0.000299547929415392	0.000453063059026148	0.000349586632402218
ctransferencias_recibidas_lag2	0.000298656168592358	0.000312393243369611	0.000369421334949862
mttarjeta_master_debitos_automaticos_rank_delta1	0.000298117305505991	0.00111647948578838	0.000326652757581505
ctarjeta_master_debitos_automaticos	0.000295507531558333	0.000543345495825125	0.000354545308039129
mforex_sell_rank	0.000295434825375922	0.000938109184358451	0.000329132095399961
mtarjeta_master_consumo_rank_lag1	0.000293609426478808	0.000446340293271621	0.000217561893569465
ctarjeta_visa_transacciones_lag2	0.000292140337620997	0.000424047441880963	0.000374999845041386
matm_rank_delta2	0.000281372516602797	0.000747676560168015	0.000268388318847802
cprestamos_personales_delta1	0.000280356721314973	0.0017056787158156	0.000246074278481703
Master_mconsumospesos_rank_delta1	0.000279961341925776	0.000515625635365261	0.000315495737398456
Master_Finiciomora	0.000279475461105449	0.00107416969828172	0.000203305701113347
cmobile_app_trx_delta2	0.000278950114590581	0.000785278080844602	0.000379958520678297
cextraccion_autoservicio_delta2	0.000277721138738886	0.000935322607304602	0.000210123880114099
mplazo_fijo_dolares_rank_delta2	0.000275629569201581	0.00104329940191494	0.000136983414469663
ctarjeta_master_transacciones_delta1	0.000269917752510429	0.000747560349016829	0.000229958582661743
catm_trx_lag1	0.00026961291293766	0.00118552563873542	0.000270247822211644
ccajas_transacciones_delta1	0.000269312556540059	0.00024549810103089	0.000272107325575485
minversion1_pesos_rank	0.000265942542609846	0.00467720508840081	0.000433264283775089
cseguro_vivienda_lag1	0.000264557329561541	0.000284218735563317	0.000319214744126139
Master_mpagospesos_rank_delta2	0.000262658392270139	0.00117494638266777	0.000340908950037624
matm_other_rank_lag1	0.000257592772713543	0.000584381236938352	0.00027768583566701
mextraccion_autoservicio_rank_lag2	0.000256444520203572	0.000510162959387947	0.000190909012021069
catm_trx_delta2	0.000255566305775782	0.000661320631723115	0.000189669343111842
Visa_mlimitecompra_rank_lag2	0.000248251565979123	0.000961379844739757	0.000422727098046654
internet_delta2	0.000244144118509264	0.00133567152688289	0.000493388225872634
Master_msaldototal_rank_lag1	0.000244080904158996	0.000493516616576075	0.000301239544942337
Visa_delinquency	0.000243809398108372	0.000222058598487752	0.000459297330868872
ccajas_consultas_lag1	0.000243109539247609	0.00101311631617289	0.000306818055033862
thomebanking_delta2	0.000239390575902352	0.000536511594052582	0.000335950274400713
mttarjeta_master_debitos_automaticos_rank_lag1	0.000238778417876393	0.000419554069347042	0.000190909012021069
ctarjeta_master_transacciones_lag1	0.000238330817183622	0.000203195785248067	0.000180371826292634
mforex_sell_rank_delta1	0.00023477996987344	0.000623732691726953	0.000179132157383406
mprestamos_personales_rank_lag2	0.000232654062342763	0.000974580407089437	0.000295041200396198
cpagomiscuentas_delta2	0.000232634039535739	0.000369290937268187	0.000177892488474178
Visa_msaldodolares_rank_lag1	0.00022870458325974	0.000837398241743741	0.000237396596117109
mcomisiones_mantenimiento_rank_lag2	0.000224334947323301	0.00120931969572082	0.000405371733317466
Visa_mpagado_rank_delta2	0.000222956829168378	0.0010240373918579	0.000335950274400713
Visa_mpagosdolares_rank_delta1	0.000222325635737853	0.000624290063528091	0.000240495768390178
mpayroll_rank_delta2	0.000220844691804452	0.000708078303533063	0.000172933812837267
mtarjeta_master_descuentos_rank	0.000216805922924034	0.000474105641962115	0.000184090833020317
mcuenta_debitos_automaticos_rank_lag2	0.000210457644738425	0.00058760211381398	0.000314256068489228
mtransferencias_emitidas_rank_lag2	0.000210392168150797	0.00054439440367212	0.000290702359213901
tmobile_app_delta2	0.000209695840691575	0.000376032922739994	7.93388101905743e-05
mpayroll_rank_lag2	0.000207923018276708	0.00030397792070307	0.000110950367375881
minversion1_dolares_rank	0.000206457851898976	0.000792257986679715	0.000171074309473426
mpagomiscuentas_rank_lag2	0.000202459457031186	0.0008809218789254	0.000260950305392436
cseguro_auto	0.000200813016895146	0.000510741054649528	0.000286983352486218
Visa_mconsumosdolares_rank_delta2	0.000199893792763344	0.000673279760109177	0.000216322224660238
mcheques_emitidos_rank	0.000199477412657134	0.00142813500216144	0.000208264376750258
tcuentas_lag1	0.00019738141609925	0.0012488768343787	0.000224999907024832
Master_cconsumos_delta2	0.000195787702734878	0.000412485442665411	0.000128925566559683
Visa_mpagado_rank_lag2	0.00019537998956605	0.000435517148859989	0.000242975106208634
cpayroll_trx_lag2	0.000194060629140705	0.000487285856787143	0.000103512353920515
Master_mconsumototal_rank	0.000192587574101749	0.000242664625987198	0.000260950305392436
ccuenta_debitos_automaticos_delta1	0.000192471924018723	0.000327182369393305	0.000169834640564198
matm_other_rank_delta2	0.000192348377527539	0.000739401837487058	0.000185330501929545
Master_mconsumototal_rank_lag1	0.000190494001878554	0.000108411611343833	9.79338438289902e-05
Master_mpagado_rank_lag1	0.000189486534091636	0.000369431349285875	0.00014132225565196
ccajas_transacciones_lag1	0.000189130479989396	0.000249770846247861	0.000166735468291129
catm_trx_lag2	0.000187852405412378	0.000442741788894607	0.000130785069923525
Master_msaldopesos_rank_delta2	0.00018768963932419	0.000773329525652644	0.000204545370022574
tcallcenter_lag1	0.000187624880779987	0.000452258039523129	0.000204545370022574
Master_msaldototal_rank_delta2	0.000185844240042789	0.000607000776530807	0.00020702470784103
Visa_cadelantosefectivo	0.00018416149713259	0.000205249710438535	0.000349586632402218
ccuenta_debitos_automaticos_delta2	0.00018357221703802	0.000416595454677144	0.000125826394286614
Visa_mconsumototal_rank_lag2	0.000183025141179985	0.000134668564667601	0.000148140434652713
Visa_msaldodolares_rank_delta1	0.000182242438313133	0.000912064305812403	0.000253512291937069
Master_mlimitecompra_rank_lag2	0.00017846059228945	0.000460315001397538	0.000310537061761545
ccaja_seguridad_lag1	0.000177013508796234	0.00012733654797287	6.69421210982971e-05
ccajas_depositos	0.000175601005982425	0.000360801320291082	0.000294421365941584
ctarjeta_master_delta1	0.000174045871625603	0.00143029343750162	0.000177272654019564
Visa_status_delta1	0.000171398602124215	0.000417711608038634	0.000112809870739723
ctransferencias_emitidas_lag2	0.000171267379916855	0.000856911047964907	0.000199586694385663
cliente_edad_delta2	0.000170555820278696	0.000851108948960899	0.000363222990403723
Visa_mconsumototal_rank_delta2	0.000170227470737179	0.000481915191094512	0.000256611464210139
cinversion2	0.000167556440886357	0.00341356234203347	0.000303099048306178
Master_fultimo_cierre_delta1	0.000167291409220745	4.24874171675873e-05	0.000189049508657228
ccajas_extracciones_delta1	0.000166202714430847	0.000250979432821799	0.000161776792654218
cprestamos_personales_delta2	0.000166044317153003	0.000488474565756167	0.000143801593470416
mtarjeta_master_consumo_rank_delta2	0.000164529202698592	0.000565239667310137	0.000164875964927287
Master_mpagado_rank_lag2	0.000161967350166313	0.000671721224306416	9.04958303736238e-05
Master_mconsumototal_rank_delta1	0.000161044229202989	0.000160860293131746	0.000118388380831248
mforex_sell_rank_lag1	0.000160707130022833	0.000226821188039523	0.00010909086401204
Master_cconsumos_lag2	0.000158823530388969	0.000458697537659643	0.000159917289290376
ccajas_transacciones_delta2	0.00015818305540138	0.00034726904159841	0.000188429674202614
Master_fultimo_cierre_lag2	0.000158128692398841	0.00046423314518028	0.000239256099480951
cmobile_app_trx_lag2	0.000157210206279082	0.000185848040235386	0.000315495737398456
Master_mpagominimo_rank_delta2	0.000153168547382528	0.000722045163999357	0.000204545370022574
mtarjeta_visa_descuentos_rank	0.000152473678694188	0.00164640383893885	0.000294421365941584
cpagomiscuentas_lag2	0.000151114086773032	0.000450894708379497	0.000193388349839525
matm_rank_lag2	0.000148784777175443	0.00052034207879877	0.000148760269107327
mcheques_depositados_rechazados_rank_lag1	0.000146203389911989	7.14363527019619e-05	2.72727160030099e-05
ctarjeta_visa_descuentos	0.000145362582637321	0.000305915446774458	0.000161156958199604
tmobile_app_lag1	0.000145050221543846	0.000537248052265839	7.49999690082773e-05
catm_trx_other_lag1	0.00014385704489515	0.000435814326102245	0.000136983414469663
ccajeros_propios_descuentos	0.000143816431582721	0.000121262130480742	0.000146900765743485
cprestamos_personales_lag2	0.000143342360367612	0.00117561423259929	0.000149999938016555
thomebanking_lag2	0.000142872652691342	7.56183094255685e-05	0.000205785038931802
minversion1_pesos_rank_delta1	0.000142334096496772	0.000943625948097599	0.000138842917833505
minversion2_rank	0.000142138637743898	0.0012644830098507	0.000273346994484713
ctarjeta_master_debitos_automaticos_lag1	0.000138524800927087	0.000193231513141418	8.86363270097822e-05
ctarjeta_visa_descuentos_delta2	0.000138397045376507	0.000110534191808011	6.75619555529109e-05
mcaja_ahorro_adicional_rank_lag1	0.00013747452649674	0.00160188204524189	0.00024235527175402
mcheques_depositados_rank	0.00013637223370954	0.000620618768583675	0.000161776792654218
mcaja_ahorro_adicional_rank_delta1	0.000136194854589287	0.00148739131720855	0.000211363549023327
ccajas_otras_delta2	0.000135971613051443	0.00038739962331247	7.49999690082773e-05
Visa_Finiciomora_lag1	0.000132559505632055	0.00377565749233894	0.000238016430571723
ctarjeta_visa_descuentos_lag1	0.000131654122068405	0.000139396239182846	9.60743404651486e-05
catm_trx_other_delta1	0.000129972369105916	0.000300853283389767	0.000183470998565703
mtarjeta_visa_descuentos_rank_delta2	0.000127113472617516	0.000124319804231392	7.37603000990495e-05
ccallcenter_transacciones_lag2	0.000126904613630651	0.000481388223100417	0.000156198282562693
Master_status_lag1	0.000126695834508983	0.000654764405523704	7.6239637917505e-05
cseguro_vida_lag1	0.000126361101061399	9.47814013777798e-05	0.000142561924561188
ctarjeta_master_transacciones_delta2	0.000124431664906289	0.000674729556484585	0.000138842917833505
Visa_mpagosdolares_rank_lag1	0.00012439554639792	0.000269544316947648	0.000120247884195089
ccajas_otras_lag1	0.000123356606241065	0.000142502878570186	7.49999690082773e-05
Visa_fultimo_cierre_delta2	0.000120758989852672	0.000345612809482136	0.000119008215285861
Visa_fultimo_cierre_lag2	0.000117593938687884	0.000186314905495002	0.000208884211204871
Master_cadelantosefectivo	0.000117376249823488	3.5978417901837e-05	0.000115289208558178
matm_other_rank_lag2	0.000116697986733165	0.000202473753570764	8.42974858274852e-05
tcallcenter_delta2	0.00011563105298702	0.00015682372957505	0.000119628049740475
minversion2_rank_delta1	0.000115440651982384	0.000421220498721628	0.000127685897650456
Master_mconsumospesos_rank_lag2	0.000115149997004697	0.00051931901653736	0.000107231360648198
Master_status_delta2	0.000114474511005279	0.00118557093899816	0.000169834640564198
mtarjeta_visa_descuentos_rank_delta1	0.000112078395648474	0.000210387248949188	6.38429488252278e-05
cprestamos_prendarios	0.000111492818355171	0.00185073438637003	0.000283884180213149
mcheques_emitidos_rank_delta2	0.000111416011033002	0.00028531261472923	4.0289239549901e-05
Master_msaldototal_rank_lag2	0.000111255497416065	0.000676648050806588	0.00016859497165497
Master_mconsumospesos_rank_delta2	0.000110967476105627	0.000472490386846987	0.000129545401014297
mcajeros_propios_descuentos_rank	0.000109869874460519	0.000767770563121031	0.000208264376750258
mttarjeta_master_debitos_automaticos_rank_delta2	0.000109163928724833	0.000613550188894018	0.000128305732105069
active_quarter_delta2	0.000108388048578696	0.000650793160810578	0.000251032954118614
Master_msaldodolares_rank	0.000108012996405618	0.00117404216310808	0.000176032985110337
cpayroll_trx_delta1	0.000106174101044047	0.000415537947298945	0.000157437951471921
mprestamos_hipotecarios_rank	0.000104731393095199	0.00213517967023899	0.000161776792654218
ctarjeta_debito_delta1	0.000104405981242044	0.00061742655681206	0.00010599169173897
active_quarter_delta1	0.000104003529347035	0.00189581139023733	0.000477272530052674
mtarjeta_visa_descuentos_rank_lag2	0.00010379943807564	0.000129936237946951	4.89669219144951e-05
Visa_mconsumosdolares_rank_lag2	0.000102730404790803	0.0010274410205196	0.000201446197749505
cextraccion_autoservicio_lag2	0.000100685721645312	0.000298310641671869	0.000123966890922772
catm_trx_other_delta2	0.000100130818420425	0.000186347893860604	7.99586446451882e-05
active_quarter_lag2	9.99971700405245e-05	0.000193412573216436	0.000371280838313703
ccajas_depositos_delta1	9.94683234276663e-05	0.000958764882374194	0.000145041262379644
internet_lag2	9.89463077011152e-05	0.00061962874167984	0.000329751929854574
ccajas_extracciones_delta2	9.7121966132958e-05	0.000425689905348916	6.13636110067723e-05
Visa_delinquency_lag1	9.65820920895693e-05	4.77399920300804e-05	7.49999690082773e-05
ccheques_depositados	9.62392966914742e-05	0.000841367183850152	0.000167355302745743
ccajas_consultas_lag2	9.30286579845968e-05	0.000838559930327835	8.92561614643961e-05
cforex	9.20727865045441e-05	0.000206127285549087	9.54545060105347e-05
Visa_mpagosdolares_rank_delta2	9.07732955103303e-05	0.00122843838025779	0.000110330532921267
cinversion1	8.98826210642003e-05	0.000453226967030732	0.000120247884195089
mcheques_emitidos_rank_delta1	8.94275967005568e-05	0.000187938948109228	5.14462597329505e-05
cforex_sell	8.89774702409498e-05	0.000251292023431459	0.000138223083378891
mpagodeservicios_rank_delta1	8.86489136467759e-05	7.54072684712719e-05	3.71900672768317e-05
mforex_sell_rank_delta2	8.75563544634918e-05	0.000458029875696016	6.38429488252278e-05
Master_mpagominimo_rank_lag2	8.75154057944575e-05	0.000252534914146264	0.000105371857284357
mtarjeta_master_descuentos_rank_lag1	8.73226510454565e-05	0.000280328411029059	5.26859286421782e-05
ccajeros_propios_descuentos_lag1	8.58514226077429e-05	0.00013523697958258	5.02065908237228e-05
cplazo_fijo_delta1	8.45745379442382e-05	0.000231275557235198	7.6239637917505e-05
Master_mpagospesos_rank_lag2	8.42870683218954e-05	0.000475553605650545	0.000136983414469663
ccajeros_propios_descuentos_delta1	8.42383164279398e-05	0.000168880789234493	5.02065908237228e-05
mttarjeta_master_debitos_automaticos_rank_lag2	8.25795864634992e-05	0.000265550563079075	7.37603000990495e-05
Visa_msaldodolares_rank_lag2	8.17991434713252e-05	0.000468943103721406	7.43801345536634e-05
cplazo_fijo_delta2	8.14429088332638e-05	3.59187380951221e-05	1.42561924561188e-05
ctarjeta_master_descuentos_lag1	8.04663823257813e-05	0.000154350119066651	3.53305639129901e-05
ccajeros_propios_descuentos_delta2	7.99058250577097e-05	7.56308562825707e-05	3.53305639129901e-05
Master_msaldodolares_rank_delta1	7.85729223384888e-05	0.00132944316368462	7.74793068267327e-05
mplazo_fijo_dolares_rank_lag2	7.82269622002632e-05	7.53681711490775e-05	5.57851009152476e-05
ccuenta_debitos_automaticos_lag2	7.78820254142539e-05	0.000140305439891759	0.000124586725377386
ccajas_extracciones_lag1	7.76006518825751e-05	0.000132866469464679	8.24379824636436e-05
Master_mpagado_rank_delta2	7.7283047504512e-05	0.000453680157625975	7.43801345536634e-05
Master_mpagosdolares_rank	7.56074267930385e-05	0.000594226243415519	0.000119628049740475
Master_mconsumosdolares_rank	7.51651198147415e-05	0.000568615946643093	0.000104752022829743
ccaja_ahorro_lag2	7.45167075528405e-05	0.00175384219951349	0.000215702390205624
Master_delinquency_lag1	7.38389691184811e-05	0.000253602712766723	4.33884118229703e-05
cseguro_auto_delta2	7.35687658916225e-05	0.000289673046969296	2.72727160030099e-05
Master_msaldopesos_rank_lag2	7.33279419601088e-05	0.00104079632743898	0.000137603248924277
Visa_fultimo_cierre_delta1	7.28634160872763e-05	6.94143350616973e-05	0.000191528846475683
ccheques_emitidos	7.2857488883742e-05	0.000648267060267454	9.79338438289902e-05
mprestamos_prendarios_rank_lag1	7.27282058879751e-05	0.000467128649629377	8.0578479099802e-05
Visa_msaldodolares_rank_delta2	7.2471792607513e-05	0.00116189050860539	0.000114669374103564
Visa_madelantopesos_rank	7.14216251026077e-05	0.000233179859981115	3.28512260945347e-05
ccheques_depositados_delta1	7.0846500540497e-05	0.00206071961898343	0.000114049539648951
minversion2_rank_lag1	7.04252164650283e-05	0.000436213381943681	8.92561614643961e-05
ccomisiones_mantenimiento_lag2	6.94577192423738e-05	0.000272010690692082	0.000129545401014297
Visa_Finiciomora_delta1	6.90611713806231e-05	0.000255090337681033	2.78925504576238e-05
ctarjeta_master_delta2	6.89812774669751e-05	0.00145848100907663	0.000116528877467406
ctarjeta_master_debitos_automaticos_delta1	6.88387291681785e-05	0.000715247962958344	0.000107851195102812
Master_msaldodolares_rank_lag1	6.83190442008939e-05	0.000194580229781201	4.40082462775842e-05
ctarjeta_master_descuentos_delta2	6.79115173754427e-05	0.000117205125415446	3.47107294583763e-05
mcajeros_propios_descuentos_rank_lag2	6.7846374081039e-05	2.92213010144688e-05	3.22313916399208e-05
mpagodeservicios_rank_lag1	6.70855081896979e-05	2.454724434132e-05	1.42561924561188e-05
cseguro_accidentes_personales_lag2	6.6366284130602e-05	0.000162861634303543	0.000122107387558931
Master_mpagosdolares_rank_lag1	6.58786065668943e-05	0.000400656763998594	6.88016244621387e-05
cdescubierto_preacordado_lag2	6.58599562933831e-05	0.000577876231990374	0.000123966890922772
cdescubierto_preacordado_delta2	6.39217671887646e-05	0.000701301872944466	6.19834454613862e-05
ctarjeta_master_transacciones_lag2	6.19779075194682e-05	0.000493873191673203	6.69421210982971e-05
cforex_sell_delta1	6.14296932748958e-05	5.0965803062956e-05	5.33057630967921e-05
cforex_sell_lag1	6.09271113086204e-05	6.46700253877306e-05	3.47107294583763e-05
mtarjeta_master_descuentos_rank_delta1	6.0761507616876e-05	0.00033933303706454	3.65702328222178e-05
cforex_delta1	5.99895698284439e-05	5.2360054925343e-05	3.65702328222178e-05
ccheques_emitidos_delta1	5.99119124221268e-05	2.71607029637215e-05	3.03718882760792e-05
Master_Fvencimiento_delta1	5.97822756551969e-05	0.00016879944612786	0.000114049539648951
ctarjeta_visa_descuentos_delta1	5.93434769947872e-05	7.08544980824784e-05	5.20660941875644e-05
cseguro_auto_lag1	5.76069820975146e-05	0.000166066580900055	8.11983135544159e-05
mtarjeta_visa_descuentos_rank_lag1	5.74762481264892e-05	0.000273869646183291	6.69421210982971e-05
ccaja_ahorro_delta1	5.70574403030159e-05	0.00215678216254268	0.000102892519465901
mcajeros_propios_descuentos_rank_lag1	5.67393687104149e-05	0.000246617449846598	5.33057630967921e-05
mcheques_emitidos_rank_lag1	5.63894835145392e-05	0.000546582349971842	5.45454320060198e-05
cpayroll_trx_delta2	5.59559469846655e-05	0.00014172887376987	6.75619555529109e-05
cseguro_vida_lag2	5.57497896966902e-05	3.83970947928737e-05	4.33884118229703e-05
ctarjeta_debito_delta2	5.55940385431095e-05	0.000580369767095661	8.73966581005545e-05
ccajas_depositos_lag1	5.51041116722686e-05	0.000705042011130487	6.57024521890693e-05
minversion1_pesos_rank_lag1	5.50832300198001e-05	0.00121361767562771	0.00013636358001505
mcajeros_propios_descuentos_rank_delta2	5.48482879725015e-05	8.79900273415177e-05	3.28512260945347e-05
mprestamos_prendarios_rank_delta1	5.37864885088994e-05	0.000861373358804152	0.00010909086401204
cpagodeservicios_lag1	5.08342480468589e-05	5.23043224444266e-05	2.29338748207129e-05
Master_mconsumototal_rank_delta2	5.06933438689095e-05	0.000208890507591962	5.33057630967921e-05
Master_mpagosdolares_rank_delta1	4.87191293569642e-05	0.000237971537564664	4.4628080732198e-05
cprestamos_hipotecarios	4.75352076085104e-05	0.00107320814851401	0.000113429705194337
ctarjeta_visa_descuentos_lag2	4.69034142858678e-05	3.54058676931642e-05	4.40082462775842e-05
ccajas_depositos_delta2	4.57327209753208e-05	0.000452103952841068	7.68594723721189e-05
tcuentas_delta1	4.5169003851172e-05	0.00224804377109955	0.000181611495201861
tcuentas_lag2	4.48580130512511e-05	0.000718033647164691	9.29751681920793e-05
catm_trx_other_lag2	4.45307926716555e-05	0.000623607599092721	6.07437765521585e-05
ctarjeta_master_descuentos	4.44057015476775e-05	0.000404335577658818	7.31404656444357e-05
Visa_mpagosdolares_rank_lag2	4.40948858128986e-05	0.000328278551165934	5.70247698244753e-05
mtarjeta_master_consumo_rank_lag2	4.40279757292469e-05	0.000193932257454593	5.64049353698614e-05
mplazo_fijo_pesos_rank_delta1	4.39295401180923e-05	2.13815360429235e-05	2.60330470937822e-05
mpayroll2_rank_delta2	4.39145269589577e-05	4.0441245652794e-05	9.29751681920793e-06
cforex_lag1	4.30788833982352e-05	2.90526468205319e-05	2.78925504576238e-05
tmobile_app_lag2	4.18008271785625e-05	1.93089550388595e-05	1.7975199183802e-05
mpagodeservicios_rank_delta2	3.93289937513944e-05	5.82805267113315e-05	1.42561924561188e-05
ccajas_otras_lag2	3.9001960329584e-05	0.000113204839662517	3.28512260945347e-05
cplazo_fijo_lag1	3.89482299640883e-05	0.000933928496418137	8.987599591901e-05
mcaja_ahorro_adicional_rank_lag2	3.85992273116213e-05	0.000209277768447976	4.95867563691089e-05
mcheques_depositados_rank_delta1	3.82343732774506e-05	0.000556300149175955	7.06611278259802e-05
tcallcenter_lag2	3.77474164750579e-05	0.000224158575812536	5.95041076429307e-05
ctarjeta_master_descuentos_lag2	3.5828100956897e-05	1.89069387030751e-05	1.23966890922772e-05
Master_mconsumosdolares_rank_lag1	3.57885776779595e-05	9.28461309211339e-05	2.2314040366099e-05
mpagodeservicios_rank	3.56504658586845e-05	0.000244710468558175	4.95867563691089e-05
minversion2_rank_lag2	3.54690283673492e-05	0.000381235169198557	3.28512260945347e-05
ctarjeta_master_debitos_automaticos_lag2	3.54328152903921e-05	5.56618519798391e-05	3.47107294583763e-05
Visa_cadelantosefectivo_lag1	3.52064649575017e-05	1.02258294327709e-05	4.64875840960396e-05
ccajas_transacciones_lag2	3.51099633594047e-05	0.000110327145171487	6.63222866436832e-05
mpayroll2_rank	3.42972938972203e-05	1.70871275260344e-05	2.47933781845545e-05
Visa_delinquency_delta1	3.36861259279472e-05	0.000137979290197117	7.68594723721189e-05
Master_fechaalta_delta1	3.31822119465389e-05	7.83656951732751e-06	4.33884118229703e-05
Master_fultimo_cierre_delta2	3.30031453084531e-05	3.32733249305425e-05	7.25206311898218e-05
ctarjeta_visa_lag1	3.24630342870222e-05	0.000164822797337748	6.2603279916e-05
tcuentas_delta2	3.14169359106982e-05	0.000421923075721781	6.07437765521585e-05
cseguro_vivienda_delta1	3.08633458297672e-05	7.59172253708547e-05	4.71074185506535e-05
mtarjeta_master_descuentos_rank_lag2	3.02532411279367e-05	0.000116457577096375	1.67355302745743e-05
Master_delinquency_lag2	2.9919410246375e-05	0.000119507826115166	2.60330470937822e-05
ctarjeta_visa_delta1	2.92357755521222e-05	0.000214987058303746	4.89669219144951e-05
ctarjeta_master_debitos_automaticos_delta2	2.8965180978878e-05	0.00021142187123615	3.22313916399208e-05
cinversion2_lag1	2.88368957939217e-05	9.34082019196513e-05	3.28512260945347e-05
ctarjeta_visa_lag2	2.87714168912858e-05	0.000227745332196102	6.88016244621387e-05
mcajeros_propios_descuentos_rank_delta1	2.86871971781591e-05	0.000100090789536587	2.78925504576238e-05
Master_mconsumototal_rank_lag2	2.81289002655671e-05	0.000196660752428836	3.84297361860594e-05
minversion2_rank_delta2	2.80426724232312e-05	0.000246222247347014	4.09090740045149e-05
ccajeros_propios_descuentos_lag2	2.70433540494123e-05	3.25314156483259e-05	2.47933781845545e-05
ccheques_depositados_rechazados_delta1	2.59231985490818e-05	1.67919709386514e-05	9.29751681920793e-06
mcheques_depositados_rank_delta2	2.54368955117741e-05	4.71224705024893e-05	2.04545370022574e-05
minversion1_dolares_rank_delta1	2.51709735758018e-05	0.000333837137761756	2.66528815483961e-05
mpayroll2_rank_lag2	2.48823866370015e-05	3.82486471476671e-06	4.95867563691089e-06
cseguro_vivienda_lag2	2.47419489632434e-05	0.000309866437946881	8.55371547367129e-05
ctarjeta_master_descuentos_delta1	2.44945656351161e-05	4.51775196992424e-05	1.85950336384159e-05
ccajas_extracciones_lag2	2.40607406756374e-05	7.42212850367278e-05	2.16942059114852e-05
ccheques_depositados_rechazados_delta2	2.38957478751423e-05	1.68801748734576e-05	1.05371857284357e-05
mforex_buy_rank_delta1	2.37049259772422e-05	1.90006406988149e-05	1.23966890922772e-05
Master_Finiciomora_lag1	2.31025856998008e-05	0.00183420223405447	7.99586446451882e-05
Visa_Fvencimiento_delta2	2.25815305747276e-05	0.000101695095521821	2.91322193668515e-05
mforex_buy_rank	2.24904964213354e-05	0.000816125868055935	6.2603279916e-05
Master_delinquency_delta1	2.23390247891348e-05	9.39707898298804e-06	2.72727160030099e-05
mcheques_depositados_rank_lag1	2.22206841953937e-05	0.000221356068479572	3.22313916399208e-05
Visa_status_delta2	2.18230382223033e-05	0.000210250267345586	4.77272530052674e-05
mtarjeta_master_descuentos_rank_delta2	2.16943277955757e-05	0.000314104127151404	2.60330470937822e-05
cinversion1_delta1	2.12598168859505e-05	0.000278995953612207	3.28512260945347e-05
Visa_Finiciomora_lag2	2.05934615110175e-05	0.000561539566285787	5.70247698244753e-05
ccheques_emitidos_lag1	1.9119944994795e-05	0.000320660447334762	2.47933781845545e-05
ccheques_emitidos_rechazados_delta1	1.8981704165033e-05	1.06029870144196e-05	8.0578479099802e-06
ctarjeta_master_lag1	1.82008252251901e-05	2.8086115903593e-05	4.83470874598812e-05
cpagodeservicios	1.78431980275224e-05	0.000241830988372141	3.90495706406733e-05
mcaja_ahorro_adicional_rank_delta2	1.76013633599722e-05	0.000204363488804806	5.51652664606337e-05
mplazo_fijo_pesos_rank_lag1	1.74089074227933e-05	5.6978238141654e-06	1.05371857284357e-05
Master_Fvencimiento_delta2	1.73485710317336e-05	2.06913649238511e-05	1.30165235468911e-05
mforex_sell_rank_lag2	1.7252378323285e-05	1.79906422061191e-05	1.42561924561188e-05
Visa_fechaalta_delta1	1.70273376770577e-05	5.61836038648436e-06	2.72727160030099e-05
ctarjeta_master_lag2	1.69463766917033e-05	3.50178549655696e-05	3.40908950037624e-05
Visa_delinquency_lag2	1.6924722239839e-05	0.000124122907861207	3.09917227306931e-05
cseguro_accidentes_personales_delta1	1.67739947789773e-05	0.00065033569394572	4.77272530052674e-05
ccaja_seguridad_delta1	1.66894691584941e-05	0.000241206793984271	1.05371857284357e-05
mprestamos_hipotecarios_rank_lag1	1.60703395598997e-05	0.000181721956968617	1.85950336384159e-05
mcheques_emitidos_rechazados_rank_delta1	1.5823486371658e-05	6.51543716615972e-06	7.43801345536634e-06
ccheques_emitidos_delta2	1.57338000684537e-05	5.73123510753099e-06	8.0578479099802e-06
minversion1_dolares_rank_lag1	1.56633168838806e-05	0.000138017682639705	2.16942059114852e-05
ccaja_seguridad_lag2	1.54128180736772e-05	0.000205795287254252	2.41735437299406e-05
mforex_buy_rank_delta2	1.52895362837811e-05	2.9323461565491e-06	4.95867563691089e-06
mcheques_depositados_rechazados_rank	1.40889762748035e-05	0.000192654733655104	1.17768546376634e-05
cpayroll2_trx_delta2	1.40790375504612e-05	1.5692499727857e-06	3.09917227306931e-06
cprestamos_prendarios_lag2	1.39694464159603e-05	0.000187656479354769	2.16942059114852e-05
Visa_delinquency_delta2	1.37272493375731e-05	0.000132337856751501	3.09917227306931e-05
cliente_vip	1.37052948722036e-05	0.000210498431959178	5.33057630967921e-05
ccheques_depositados_lag1	1.35041947841993e-05	0.000536846223897949	3.53305639129901e-05
cinversion1_lag1	1.27929015116194e-05	0.000705292478350795	5.70247698244753e-05
mcheques_depositados_rank_lag2	1.27178417470923e-05	0.000546158153424428	3.28512260945347e-05
cseguro_vida_delta1	1.25163531172783e-05	0.000182924152634119	2.78925504576238e-05
ccheques_emitidos_rechazados_delta2	1.22689983623396e-05	6.29636058434481e-06	4.33884118229703e-06
cseguro_vida_delta2	1.13457829055717e-05	0.00164177912383818	6.38429488252278e-05
cforex_buy	1.12953119178351e-05	0.000179810793394526	2.60330470937822e-05
Master_Finiciomora_lag2	1.12116543987985e-05	0.00230895946672517	8.36776513728713e-05
ccheques_emitidos_rechazados_lag1	1.09808302690817e-05	5.74345302071672e-06	4.33884118229703e-06
Master_Finiciomora_delta1	1.02791305787197e-05	0.00010266547978061	8.0578479099802e-06
mcheques_emitidos_rechazados_rank_delta2	1.00438216281404e-05	5.97296182071329e-06	5.57851009152476e-06
mprestamos_hipotecarios_rank_delta1	9.83791850114167e-06	0.000241171221060111	3.03718882760792e-05
cplazo_fijo_lag2	9.74899021549439e-06	0.000140667325081926	1.7975199183802e-05
Master_delinquency_delta2	9.21966917999248e-06	4.91437362711733e-06	9.29751681920793e-06
cforex_sell_delta2	8.99788771957743e-06	7.94406365737504e-05	1.48760269107327e-05
cseguro_auto_lag2	8.93912114066798e-06	0.000268373088992874	2.29338748207129e-05
cpagodeservicios_delta1	8.81828828207537e-06	7.96933124168261e-05	1.3636358001505e-05
cprestamos_hipotecarios_lag1	8.58896334635364e-06	0.000119332217109108	1.30165235468911e-05
Visa_cadelantosefectivo_delta1	8.4859079305765e-06	9.82884123818224e-07	1.23966890922772e-05
ccheques_depositados_rechazados_lag1	8.29148486089354e-06	6.17220778958828e-06	6.81817900075248e-06
mcuenta_corriente_adicional_rank	7.8511385848766e-06	0.00285215853555996	9.29751681920793e-05
Master_mconsumosdolares_rank_delta2	7.82926583767944e-06	0.000323575077517192	1.42561924561188e-05
cprestamos_prendarios_delta1	7.77044948731299e-06	0.000258705336240848	1.61156958199604e-05
mcheques_emitidos_rechazados_rank_lag1	7.76411989138361e-06	5.37508293816695e-06	3.71900672768317e-06
Master_msaldodolares_rank_delta2	7.76121069645995e-06	8.919532447729e-05	1.67355302745743e-05
cprestamos_prendarios_lag1	7.69729145677806e-06	0.000226741489651973	3.28512260945347e-05
mcheques_emitidos_rechazados_rank_lag2	7.42928568092826e-06	0.000605470153960478	2.41735437299406e-05
Master_mpagosdolares_rank_delta2	7.28737545962813e-06	5.09317808739311e-06	4.33884118229703e-06
ctarjeta_visa_delta2	7.04545030678467e-06	0.000208895629717105	3.53305639129901e-05
mcheques_depositados_rechazados_rank_delta2	6.82412061408276e-06	4.57433970476369e-06	2.47933781845545e-06
Master_mconsumosdolares_rank_delta1	6.27745014741831e-06	0.000742615195646879	3.5950398367604e-05
cforex_delta2	6.23078330440744e-06	2.80739919743549e-05	5.57851009152476e-06
cprestamos_hipotecarios_delta1	6.17501441136708e-06	2.36369628170093e-08	6.19834454613862e-07
cseguro_accidentes_personales_delta2	6.12091027077784e-06	1.05531285302271e-05	1.54958613653465e-05
ccuenta_corriente	6.0846858196548e-06	2.08630266041106e-06	6.19834454613862e-06
ccaja_ahorro_delta2	5.83230138767162e-06	2.35617756589433e-06	5.57851009152476e-06
Master_msaldodolares_rank_lag2	5.71951632940982e-06	1.55667022140178e-05	1.73553647291881e-05
Master_mpagosdolares_rank_lag2	5.58806901120601e-06	1.35054932676113e-06	4.95867563691089e-06
cforex_buy_delta1	5.55125978194946e-06	2.21288024101522e-05	6.19834454613862e-06
cpagodeservicios_delta2	5.44985761426854e-06	2.9565470230516e-06	8.67768236459406e-06
Master_cadelantosefectivo_delta1	5.42351328240205e-06	9.02574840608941e-07	7.43801345536634e-06
Master_cadelantosefectivo_lag1	5.25917814353348e-06	4.28538605792116e-06	2.47933781845545e-05
mpagodeservicios_rank_lag2	5.17445050153831e-06	2.52064947416377e-07	1.85950336384159e-06
ccuenta_corriente_lag1	5.09213770310484e-06	1.40036081897987e-08	1.23966890922772e-06
Master_mconsumosdolares_rank_lag2	4.89780730972107e-06	0.000117285199738786	9.29751681920793e-06
mplazo_fijo_pesos_rank	4.80843075086981e-06	0.0013400720432766	5.02065908237228e-05
minversion1_pesos_rank_delta2	4.79296980178105e-06	0.000274393700675012	2.72727160030099e-05
mcheques_emitidos_rechazados_rank	4.72214366004182e-06	4.13941488973334e-05	3.71900672768317e-06
Visa_cadelantosefectivo_lag2	4.44786430528028e-06	3.67246974376162e-06	7.43801345536634e-06
ccajas_depositos_lag2	4.4266909098082e-06	0.000130806435317618	1.85950336384159e-05
minversion1_dolares_rank_lag2	4.38955949569011e-06	0.000124296496212392	1.05371857284357e-05
mcheques_depositados_rechazados_rank_delta1	4.38296501519967e-06	4.4073772218833e-07	6.19834454613862e-07
cforex_sell_lag2	4.3643983392428e-06	2.2777009696629e-06	4.95867563691089e-06
cinversion2_lag2	4.14006194997186e-06	6.3404672509453e-05	1.67355302745743e-05
cinversion1_delta2	4.02574787725106e-06	3.85580892950826e-05	5.57851009152476e-06
Visa_madelantopesos_rank_lag1	3.95732730425759e-06	9.69585395235294e-07	1.23966890922772e-06
ccheques_depositados_delta2	3.54329278686936e-06	5.33586343684075e-05	8.0578479099802e-06
cforex_lag2	3.52946013616606e-06	5.79552012767745e-07	5.57851009152476e-06
mprestamos_prendarios_rank_lag2	3.48958650893059e-06	6.90296117722682e-05	1.30165235468911e-05
ccheques_emitidos_lag2	3.34307536078445e-06	0.000133519986844195	5.57851009152476e-06
mcheques_depositados_rechazados_rank_lag2	3.1663402722239e-06	3.0932936667842e-06	3.09917227306931e-06
cliente_vip_lag1	3.12391806783159e-06	0.00218806622323869	7.74793068267327e-05
mforex_buy_rank_lag1	2.80991694721437e-06	8.0996634809927e-05	8.0578479099802e-06
Master_cadelantosefectivo_lag2	2.5598117009099e-06	2.36581092052154e-06	5.57851009152476e-06
ccheques_depositados_rechazados	2.47721507298994e-06	0.000377279055900991	1.30165235468911e-05
Visa_status_lag2	2.38988627293829e-06	3.5572266272359e-05	1.05371857284357e-05
mplazo_fijo_pesos_rank_lag2	2.278044594579e-06	3.87918743646942e-07	1.85950336384159e-06
cliente_vip_lag2	2.23460928435e-06	1.80750397910483e-05	1.23966890922772e-06
cseguro_auto_delta1	2.16968228442422e-06	4.96437308723124e-06	3.09917227306931e-06
minversion1_pesos_rank_lag2	2.07456942764265e-06	8.67487813457951e-05	8.67768236459406e-06
mprestamos_prendarios_rank_delta2	2.00227208785861e-06	1.21218615913011e-05	9.91735127382179e-06
Visa_cadelantosefectivo_delta2	1.93763560943459e-06	6.23818452079122e-06	3.71900672768317e-06
cseguro_vivienda_delta2	1.85993056723423e-06	0.000156108464741973	1.23966890922772e-05
ccheques_emitidos_rechazados	1.81287069095079e-06	0.000369489901285219	1.23966890922772e-05
cpagodeservicios_lag2	1.60065603054296e-06	1.65787683535604e-07	1.85950336384159e-06
minversion1_dolares_rank_delta2	1.46361473991598e-06	0.000230278199583452	9.91735127382179e-06
Visa_Finiciomora_delta2	1.39613678855347e-06	0.000627801021857932	1.92148680930297e-05
cprestamos_hipotecarios_lag2	1.37238135797147e-06	3.57681288191211e-05	1.85950336384159e-06
ccaja_seguridad_delta2	1.3028375653313e-06	1.57423112200758e-07	6.19834454613862e-07
ccheques_depositados_rechazados_lag2	1.22562523973244e-06	1.38880079342722e-06	1.85950336384159e-06
cpayroll2_trx	1.18438119490218e-06	3.63200965432733e-07	2.47933781845545e-06
mprestamos_hipotecarios_rank_delta2	1.1760203689113e-06	1.17087081577282e-05	3.09917227306931e-06
Visa_madelantopesos_rank_delta2	1.13977942921285e-06	3.59770551345971e-07	1.23966890922772e-06
Master_cadelantosefectivo_delta2	1.00324354956273e-06	2.34973966548492e-06	2.47933781845545e-06
cinversion2_delta1	9.62737561479688e-07	1.48024717442504e-07	1.85950336384159e-06
Master_Finiciomora_delta2	6.9735103849126e-07	0.000700197984488135	1.98347025476436e-05
mprestamos_hipotecarios_rank_lag2	5.86742802507594e-07	6.24982443269932e-05	3.71900672768317e-06
mcheques_emitidos_rank_lag2	4.74588249762541e-07	1.13891157439738e-05	2.47933781845545e-06
Master_status_lag2	4.65392743860642e-07	6.12482108321716e-05	8.0578479099802e-06
mplazo_fijo_pesos_rank_delta2	3.64737236778839e-07	1.58409943650374e-07	1.23966890922772e-06
cinversion1_lag2	2.32400446083168e-07	8.68296545326899e-05	1.17768546376634e-05
ccheques_depositados_lag2	2.19814555579353e-07	6.59936013215355e-05	4.95867563691089e-06
cforex_buy_lag1	1.80433902975222e-07	4.60685815062725e-05	3.09917227306931e-06
cforex_buy_delta2	1.36233303348363e-07	0.00019445118982117	5.57851009152476e-06
ccheques_emitidos_rechazados_lag2	1.28917090590653e-07	1.44077391644037e-07	1.23966890922772e-06
mcuenta_corriente_adicional_rank_lag1	1.16875572207951e-07	1.43941114920042e-06	1.23966890922772e-06
cforex_buy_lag2	1.02159508450248e-07	1.81069003492787e-05	6.19834454613862e-07
mcuenta_corriente_adicional_rank_lag2	9.81585236859222e-08	5.21610909083108e-09	6.19834454613862e-07
cprestamos_prendarios_delta2	9.2033674669942e-08	7.83356203100487e-08	6.19834454613862e-07
cpayroll2_trx_lag2	2.56167442963297e-08	2.94404715802313e-07	1.85950336384159e-06
Master_madelantopesos_rank	2.29704694994112e-08	3.80165067971382e-08	6.19834454613862e-07
