Feature	Gain	Cover	Frequency
ctrx_quarter	0.134299126339388	0.0131017587174584	0.015019047754643
mingresos_rank	0.0280563205736919	0.00506318514169349	0.00460532604915195
mpasivos_margen	0.0270484766122954	0.0100621863826974	0.0170417911601333
cliente_edad	0.0237281513640255	0.0199985313637363	0.0420016718904769
mcaja_ahorro	0.0216374686581898	0.007081780059505	0.0138383513776825
numero_de_cliente	0.0211672177666853	0.015766321064467	0.0407396183126923
mcuentas_saldo	0.0205611439073105	0.0104622566839937	0.0187213088746469
mrentabilidad_annual	0.0202280576696894	0.017141382356186	0.0314216764058016
cpayroll_trx_rank	0.017168477115013	0.00781251451449251	0.00106883022582725
mpayroll_rank	0.0159091998307872	0.00776438613514231	0.00114256018907413
cliente_antiguedad	0.015896911328485	0.0132998879331275	0.0301250460176667
mcuenta_corriente	0.0157232436915689	0.019485500991304	0.0277600938862098
Visa_Fvencimiento	0.0156022070544538	0.00877558018750689	0.0250178477359308
Master_fechaalta	0.0151038612561745	0.0103973807885191	0.0211121936138665
mprestamos_personales	0.0148685959111136	0.0137168028734682	0.00339615465190305
Visa_fechaalta	0.0145017625306672	0.00829861270605967	0.0200942116385544
diff_comisiones_consumo_rank	0.0141408634748807	0.00416348685308103	0.00443498440992639
mactivos_margen	0.0130299908325117	0.0144499307318926	0.0190869077958504
Master_mfinanciacion_limite	0.0126475577683865	0.00895291594941176	0.0207104924347973
Visa_mfinanciacion_limite	0.012038424130125	0.00641672424476023	0.0201730264268528
Master_Fvencimiento_rank	0.0118909328773274	0.00916518856388771	0.0170733170754527
mtarjetas_consumo_rank	0.0109118782036678	0.00397592390807238	0.00303564055575104
mrentabilidad	0.0107125845003422	0.00955314532095687	0.0191469087314582
chomebanking_transacciones	0.0104235300087282	0.00646700473704089	0.0142827650871844
mcomisiones	0.00964629503012549	0.004080227953146	0.0141703904535461
Visa_mpagominimo	0.00940250732174953	0.00439167847750431	0.00704756752139186
cdescubierto_preacordado	0.00712710522697098	0.0115915568776825	0.00289682483184484
mcaja_ahorro_dolares	0.00675354433844644	0.00586534635364995	0.0100654111894626
cproductos	0.00672674567311614	0.0110453452325182	0.0122106988786944
cprestamos_personales	0.00661098641983875	0.00846401400164461	0.00241783431199266
Visa_msaldopesos	0.00640832627658958	0.00282380705103871	0.00448329024791573
Visa_msaldototal	0.00578888758226643	0.00282370294605469	0.00505024824115902
mcomisiones_otras	0.00563036730263353	0.00342416970778075	0.00861572756727732
Master_mlimitecompra	0.00562992507372871	0.0044447894022852	0.009234550776046
Visa_mpagospesos	0.00546742586272239	0.00527701764560387	0.00802334544877649
ccomisiones_otras	0.00538346062603267	0.00447468645649959	0.0095920139771671
mrentabilidad_annual_delta_pct1	0.00533483065849963	0.0065571825254789	0.00778740956638646
mactivos_margen_delta_pct1	0.00527626293472703	0.0088092231432114	0.00821961969576475
Visa_mconsumospesos	0.00522709017289858	0.00343189317083413	0.00757791477426428
ctarjeta_visa_transacciones	0.00500654741293543	0.00231690004516623	0.00378056742579715
Visa_status	0.00497311402617673	0.015913158158989	0.00128849466805245
mrentabilidad_annual_lag1	0.0048430495387715	0.00637586804635879	0.00585059970426658
mtarjeta_visa_consumo	0.00482886586624819	0.00275224262702567	0.00258410809117702
Visa_cconsumos	0.00465374267747002	0.00270802001435845	0.00568127503005132
mttarjeta_visa_debitos_automaticos	0.00461547797516162	0.00270295599546199	0.00483058379893381
diff_visa_compra_rank	0.00460890859983092	0.00212380460883305	0.00544076280511493
mtransferencias_recibidas	0.00457477989741561	0.00366924954895908	0.00592382118500831
mpasivos_margen_delta_pct1	0.00452193661049119	0.00471269568169823	0.00743960753286322
cliente_edad_lag1	0.00421844430677256	0.00967003894257593	0.00751079508358435
mcuenta_debitos_automaticos	0.00420674253987999	0.00401534560528101	0.00395701085508452
Visa_mlimitecompra	0.00415642531038788	0.00315562016357518	0.00832843495186705
ctarjeta_debito	0.00388023099342835	0.00903062767161146	0.00760435586453213
mcaja_ahorro_delta_pct1	0.00377725433673601	0.00327679985768839	0.00471871764780061
diff_comisiones_beneficios_rank	0.0037381929793368	0.00557596213742564	0.00503499376600449
mprestamos_personales_delta_pct1	0.00371849944743801	0.00646160639765228	0.00106527084829119
Master_status	0.00370258804995617	0.00178477464218716	0.000799842980602409
mcuentas_saldo_delta_pct1	0.00366335550332378	0.00355937482789287	0.00577585277600939
mrentabilidad_annual_delta1	0.0035717346192205	0.00809412904158357	0.00678722447875459
ctrx_quarter_delta_pct1	0.00355434758462334	0.00313030709930921	0.00640281170486048
mcuenta_corriente_delta_pct1	0.00348306080004987	0.00442067840870425	0.00563398615707228
mcomisiones_mantenimiento_rank	0.00345235841786991	0.00497109123409313	0.00520177602769399
chomebanking_transacciones_delta_pct1	0.00335957964140608	0.00357504797287795	0.00358276773129344
mactivos_margen_lag1	0.00318974037468837	0.00417673187691714	0.00318869378980147
ccomisiones_mantenimiento	0.00313008454087331	0.00785765538897527	0.00214579617173692
mrentabilidad_delta_pct1	0.00304514027927719	0.00469677662359873	0.0045188840232763
mautoservicio	0.00302434516418719	0.00202068048444784	0.00317140538462634
ctransferencias_recibidas	0.00295165681778508	0.00149031653587226	0.00349734267042808
mcaja_ahorro_dolares_delta_pct1	0.00290819029084025	0.00702004450387429	0.00322072818762598
mtransferencias_emitidas	0.00287728253859033	0.00197084833698966	0.00304682717086436
ctarjeta_debito_transacciones	0.00286768054510872	0.00266688015154404	0.00299496195533897
ccallcenter_transacciones	0.0028094259700691	0.00449310803084532	0.00234257890123032
thomebanking	0.00275562710689843	0.00701564113270249	0.00288563821673152
cmobile_app_trx	0.00260753007587908	0.0020439896481519	0.00422599810030936
chomebanking_transacciones_lag1	0.0025968756176817	0.00296427000251753	0.00240969859191025
mactivos_margen_delta1	0.00259297884890922	0.00541749696881931	0.00361124275158189
mcuenta_corriente_lag1	0.00258955982019574	0.00782305006407068	0.00459769881157469
chomebanking_transacciones_delta1	0.00255477508138232	0.00252670365730384	0.002546988868301
mcuenta_corriente_delta1	0.00254940454264663	0.00693641449519189	0.00414718331201097
ctrx_quarter_delta1	0.00251274006604096	0.00549946423503959	0.00346022344755206
ctarjeta_visa_debitos_automaticos	0.00246742755657552	0.00120376077790936	0.00225511991034437
mcomisiones_delta_pct1	0.00242861907463259	0.00175443545477978	0.0030951330088537
Master_mpagominimo	0.00238840581291674	0.00217397170276155	0.00169172129463714
cliente_antiguedad_lag1	0.00238263535782922	0.00480627094254943	0.00467295422233703
mpagomiscuentas	0.00236668031515418	0.00230766908223559	0.0022744422455401
Visa_Fvencimiento_lag1	0.00234885091750126	0.00317976173378187	0.00352886858574744
Visa_mpagado	0.00234554703098096	0.00210706836031553	0.00268021128465054
mcuentas_saldo_delta1	0.0023250332435145	0.00294362803546921	0.00309665845636915
mcuentas_saldo_lag1	0.00230733243614456	0.00470922848494792	0.00322886390770839
Master_msaldototal	0.00230324384296863	0.00213714815200186	0.00229173065071523
Master_fechaalta_lag1	0.00229512588807136	0.00241791115618018	0.00298123292769989
mrentabilidad_delta1	0.00221310872583796	0.00330448971289381	0.00354463154340712
mrentabilidad_lag1	0.00219637396877634	0.00331863508593953	0.00354819092094317
ccaja_ahorro	0.00216029570151655	0.00470727601089985	0.00237003695650847
cliente_antiguedad_delta_pct1	0.00214516619229843	0.00577325013474559	0.00485753337170681
internet	0.00213470151376942	0.00637205429846603	0.00334581488389311
Master_msaldopesos	0.00212345549510142	0.00325001107397507	0.00202020099296464
Master_Fvencimiento_rank_delta_pct1	0.0021110293748381	0.00509945494253819	0.00347090158016023
Visa_Fvencimiento_delta_pct1	0.00210677612075596	0.00298713077324695	0.00317750717468815
active_quarter	0.00205658424338268	0.0028376745860836	0.0063850148171802
mpasivos_margen_lag1	0.00202303361563414	0.00309249854783118	0.00274885642284592
ccajas_consultas	0.0020039449918519	0.00887227787559611	0.00157527880095757
mcomisiones_otras_delta_pct1	0.00197015273514336	0.00156070609517436	0.00200494651781011
ccuenta_debitos_automaticos	0.00196605123800701	0.00215745969888352	0.0021366434866442
Visa_fultimo_cierre_rank	0.00195267018664525	0.00141098487848648	0.00369615932994209
mcomisiones_otras_lag1	0.00194733779794503	0.00153680711558259	0.00140798805676292
diff_comisiones_consumo_rank_delta_pct1	0.00190169688467648	0.00188957200620678	0.00255207369335251
Visa_fechaalta_lag1	0.00187112157233759	0.00170291571834155	0.00262173579655818
ctransferencias_emitidas	0.0018624963852135	0.00213044878922604	0.00212698231904633
mcomisiones_lag1	0.00184576449710053	0.0021457088849267	0.00236139275392091
Visa_mconsumosdolares	0.00183450399399637	0.00197157163068296	0.00244885174480687
Master_mfinanciacion_limite_lag1	0.00181667430667921	0.00222782450797203	0.00240766466188964
Master_fultimo_cierre_rank	0.0018050836650511	0.00192179009115178	0.0035334449282938
mcaja_ahorro_lag1	0.00177272410177038	0.00202811522711077	0.00221393282742714
ctrx_quarter_lag1	0.00177139695736921	0.00221033910804779	0.0023542739988488
Master_mpagospesos	0.00174925605184207	0.00275196820782867	0.00207511710352094
cpagomiscuentas	0.0017185366952359	0.00142121576930708	0.00164850028169931
minversiones_rank	0.00166463240543242	0.00458347727229742	0.00110696641371357
tcallcenter	0.00166030125092129	0.00124406467096082	0.000886793488983218
mcaja_ahorro_delta1	0.00164970625419466	0.00161899405198654	0.00182850308852274
Visa_mconsumototal	0.00164043585671199	0.00132823855836406	0.00290699448194785
mcomisiones_delta1	0.00162389791380063	0.00143744199007681	0.00176189188034796
mextraccion_autoservicio	0.00159284020032592	0.00154978137978636	0.00180104503324459
mttarjeta_visa_debitos_automaticos_delta_pct1	0.00158946302414693	0.00141935324350607	0.00124730758513523
ccomisiones_otras_delta_pct1	0.00153055260513481	0.0022587160007294	0.00212545687153088
mingresos_rank_delta_pct1	0.00152410059570554	0.00114964886589084	0.00153002385799914
Visa_mpagospesos_delta_pct1	0.00152217156157847	0.00194852378878661	0.00177968876802825
Visa_mpagominimo_delta_pct1	0.00151786307268907	0.0020279410125723	0.00147561622994799
mtransferencias_recibidas_delta_pct1	0.00151691311979572	0.00150098590032119	0.00162205919143146
ccomisiones_mantenimiento_delta1	0.00151687238725473	0.00177556005099313	0.000332547558368707
ctransferencias_recibidas_delta_pct1	0.00151625643298265	0.000874262291865363	0.00126256206028975
Master_mconsumospesos	0.00149000902088291	0.00131956413817407	0.00152900689298884
Master_fechaalta_delta_pct1	0.00146943666067125	0.00178858578986292	0.00225105205030316
Master_Fvencimiento_rank_lag1	0.0014667709834135	0.00179187617185776	0.00217376270952022
mpasivos_margen_delta1	0.00146569001848171	0.00218665007190206	0.00224495026024135
Visa_mfinanciacion_limite_lag1	0.0014628293379904	0.00284202821606738	0.00256071789594007
diff_visa_compra_rank_delta1	0.00145889648061961	0.00221843483550054	0.00138256393150537
ccomisiones_otras_lag1	0.00142027205324542	0.00192643571587334	0.00150154883771069
Master_Fvencimiento_rank_delta1	0.00137118814327629	0.00300844017747541	0.00232376504853974
diff_comisiones_consumo_rank_delta1	0.00135642239794742	0.00147281124910324	0.00177053608293553
Visa_mconsumospesos_delta_pct1	0.00133186570283733	0.00157058961626568	0.00110239007116721
mcomisiones_mantenimiento_rank_delta1	0.00131113356472969	0.00146214852965329	0.00104594851309546
Visa_fechaalta_delta_pct1	0.00130699246375699	0.00142538420605842	0.00196121702236713
mtarjeta_master_consumo	0.00129012283451666	0.00143439309119706	0.000657976361665301
diff_visa_compra_rank_delta_pct1	0.00127459729925561	0.00105153083334577	0.00149036222259737
cproductos_delta_pct1	0.00124007199882254	0.0039799144707206	0.000740859010004902
mtransferencias_emitidas_delta_pct1	0.00120181257111444	0.00139434835310582	0.000861369363725672
cproductos_lag1	0.00118423079145313	0.0035776229581348	0.00201867554544918
Visa_mpagospesos_delta1	0.0011842152950455	0.00248795079368818	0.00139629295914445
ccaja_seguridad	0.00118190084608587	0.00383016108838548	0.000507465540140626
Visa_msaldopesos_delta_pct1	0.00117771738569436	0.000942416338684585	0.00110086462365176
tmobile_app	0.00116977597851064	0.00326770858419283	0.000537466007944531
diff_visa_compra_rank_lag1	0.00111155265793458	0.00088754964145585	0.000944252012065273
mingresos_rank_delta1	0.001108684326334	0.00164445451003423	0.00145019210469045
mingresos_rank_lag1	0.00109422972420556	0.00119255504647756	0.00076170679271609
matm	0.0010926761914473	0.00126324488269008	0.00141917467187624
diff_master_compra_rank	0.00108571677727818	0.00138884436786387	0.00112679723141446
Visa_mpagominimo_lag1	0.0010739227427766	0.00176211375110096	0.00120052719466134
Visa_cconsumos_lag1	0.00107301606072886	0.00151631191633782	0.000906624306684104
Visa_mpagosdolares	0.0010614467695496	0.000970824576062325	0.000864420258756577
Visa_msaldodolares	0.00105565194750864	0.00203143060008003	0.00109069497354874
mautoservicio_delta_pct1	0.00102998227945354	0.00138632615401135	0.00095340469715799
mttarjeta_visa_debitos_automaticos_delta1	0.00102657960671855	0.00131832826466815	0.000721028192304016
cextraccion_autoservicio	0.00102541461168225	0.00109529522999638	0.00120764594973345
diff_comisiones_beneficios_rank_delta1	0.00101908071212863	0.00184233699400204	0.00119696781712528
ctarjeta_visa_transacciones_delta_pct1	0.00101558687465287	0.000916657818726132	0.000935099326972556
ccajas_otras	0.001014123491033	0.00664102262206383	0.000816114420767239
mttarjeta_visa_debitos_automaticos_lag1	0.00101003352193739	0.000562719122738676	0.000694078619531017
mtransferencias_recibidas_delta1	0.000990561098530186	0.00177415155197024	0.00112578026640415
ccajas_transacciones	0.000972025586044597	0.00118862645566765	0.000793741190540598
mcaja_ahorro_dolares_delta1	0.000959920065780712	0.0011195710965955	0.00117256065687804
Visa_mpagospesos_lag1	0.00095688084436698	0.00130367271941815	0.00125239241018674
mtarjetas_consumo_rank_delta_pct1	0.000953277501429739	0.00131994661083274	0.00111764454632174
mcuenta_debitos_automaticos_delta_pct1	0.000947832129360176	0.00106018820766881	0.000753062590128524
Visa_mconsumospesos_lag1	0.000945466640244405	0.000973175461136187	0.00111561061630114
diff_comisiones_beneficios_rank_delta_pct1	0.000935547417587771	0.00434118563416929	0.00137798758895901
Visa_msaldototal_delta_pct1	0.000930355650758359	0.00138916294259757	0.00119747629963044
mcomisiones_otras_delta1	0.000918499350355028	0.00130093281299097	0.00104747396061091
cseguro_accidentes_personales	0.000912576977477561	0.000622752932652387	0.00118883209704287
tcallcenter_delta1	0.00089559288870955	0.0021684242842654	0.000373734641285932
ccallcenter_transacciones_delta1	0.000888834225998257	0.00125528003282593	0.000596958461047189
mtransferencias_recibidas_lag1	0.000874099342820139	0.000725906863228667	0.000867979636292634
ctransferencias_recibidas_delta1	0.000872650276504298	0.000997569493151949	0.000677298696861036
cseguro_vivienda	0.000871222774306154	0.000940348973567195	0.000956455592188895
Visa_mpagominimo_delta1	0.000853128174749085	0.00124819930489126	0.00106272843576544
mcaja_ahorro_dolares_lag1	0.000843498807555556	0.00124446958252909	0.00116188252426987
Master_cconsumos	0.000829303823646607	0.00125018437795607	0.000745943835056411
catm_trx	0.000811239477582808	0.000960511922862972	0.000852216678632955
mtransferencias_emitidas_delta1	0.000802086318516287	0.0016482508268427	0.000746452317561562
mautoservicio_delta1	0.000792509521533035	0.0015473331310318	0.000775944302860316
ctarjeta_debito_lag1	0.000786674272338023	0.00166065468048187	0.00137951303647447
ctarjeta_debito_transacciones_delta_pct1	0.000767481631191724	0.00184296894303545	0.000926963606890141
mpagomiscuentas_delta_pct1	0.000767086502439661	0.00118945265054081	0.000598992391067793
Visa_msaldopesos_lag1	0.000766807516344786	0.00124889231087183	0.000728146947376129
ctarjeta_visa_debitos_automaticos_delta_pct1	0.00075908965927555	0.000954611500834055	0.000714926402242204
ctarjeta_visa_transacciones_lag1	0.000756853489407954	0.000588356491846163	0.00055373744810936
Visa_msaldototal_delta1	0.000741059292672687	0.0010923891985947	0.000754588037643977
thomebanking_delta1	0.000738067299895537	0.00256351309947874	0.000721536674809167
Visa_cconsumos_delta_pct1	0.000736421280516214	0.000978269575136719	0.000855776056169012
ctransferencias_emitidas_delta_pct1	0.000732745291429985	0.000891434799011553	0.000681366556902243
Master_mpagado	0.000722108519058376	0.000781330006893712	0.000577636125851454
mcomisiones_mantenimiento_rank_delta_pct1	0.000716734813329395	0.00448958878160301	0.00136120766628903
Visa_msaldototal_lag1	0.00071590988763038	0.001152559086531	0.000774418855344863
matm_other	0.00071528546085844	0.00180745883892194	0.00100272750015763
ctarjeta_visa_transacciones_delta1	0.000714223639581469	0.0016132850829717	0.000574585230820548
Visa_msaldopesos_delta1	0.000709939789531156	0.000639168006219211	0.000697129514561922
Visa_mpagado_delta1	0.000707237064118173	0.000701472431545194	0.000538482972954833
mprestamos_personales_lag1	0.000687560642637768	0.000896999696744156	0.000423057444285572
cpayroll_trx_rank_delta_pct1	0.000681390467778356	0.00103192697885546	0.000189155491916145
mtarjetas_consumo_rank_delta1	0.000668838687731977	0.00134514271348623	0.000730689359901883
Master_mconsumototal	0.000661732234428067	0.000533730122080532	0.000574585230820548
Visa_mpagado_delta_pct1	0.000654848143620928	0.000586294953140923	0.000454074877099779
internet_delta_pct1	0.000640680383149073	0.00516594330961314	0.000977303374900083
Visa_mlimitecompra_lag1	0.000637635866961523	0.00140830569194128	0.00104696547810576
mprestamos_personales_delta1	0.00062938807885639	0.00156751519673768	0.000620348656284132
Visa_cconsumos_delta1	0.000621181702751792	0.000785493628428403	0.00056441558071753
Master_mlimitecompra_lag1	0.000614386020774867	0.00108749727554139	0.000970693102333121
cliente_edad_delta_pct1	0.000609764869532895	0.00436584031386243	0.00106120298824999
mtarjetas_consumo_rank_lag1	0.000603777873445356	0.000603059659588851	0.000441362814471005
mtarjeta_visa_consumo_delta_pct1	0.000602452014852575	0.00112675718147051	0.000792215743025146
diff_comisiones_consumo_rank_lag1	0.000597765368626188	0.000594879810301189	0.000571025853284492
cpayroll_trx_rank_lag1	0.000594895680885568	0.000488686996495803	0.000109323738607449
ctarjeta_debito_transacciones_delta1	0.000589629132549654	0.00113260608068125	0.000542042350490889
ccajas_consultas_delta1	0.000583915947243504	0.00198071601601819	0.000414921724203157
ctarjeta_visa	0.000568639967356532	0.000413505429885919	0.000545601728026946
ctarjeta_master_transacciones	0.000566746445424201	0.000975173776046786	0.00051509277771789
cseguro_vida	0.000551830995037528	0.000583281109038407	0.000737299632468845
mcuenta_debitos_automaticos_lag1	0.000548608448212496	0.000581329260968501	0.000507974022645777
Visa_mconsumospesos_delta1	0.000546410695425602	0.000557136745769626	0.000675773249345583
cprestamos_personales_delta_pct1	0.000538362763445974	0.00131709778420489	0.000326954250812047
mextraccion_autoservicio_delta1	0.000530569083272566	0.00155596291416343	0.000442888261986458
internet_lag1	0.000523357721148796	0.00579193880915901	0.000709841577190695
mplazo_fijo_dolares	0.00052191409878669	0.00189749592672938	0.00052068608527455
mtarjeta_visa_consumo_delta1	0.000521176264294383	0.00135455015410717	0.000541025385480587
Master_msaldototal_delta_pct1	0.000519436096899752	0.000718424883290386	0.000397124836522875
cpagomiscuentas_delta_pct1	0.000514735717979054	0.00104916323947012	0.000506957057635475
mttarjeta_master_debitos_automaticos	0.000502548450682515	0.000730341581460868	0.00054255083299604
mcaja_ahorro_adicional	0.00049464668941319	0.00418132073023438	0.000857809986189615
catm_trx_other	0.00047400960074812	0.0012353441209953	0.000633569201418056
ctarjeta_visa_debitos_automaticos_lag1	0.000471500374490914	0.000466753299428403	0.000342717208471725
minversiones_rank_delta_pct1	0.00045774942139376	0.0022069889692143	0.000425091374306176
matm_delta1	0.000448612500888694	0.000878160787571192	0.000363564991182913
mtransferencias_emitidas_lag1	0.000437525344226088	0.000781999755377845	0.000487126239934589
ctransferencias_recibidas_lag1	0.00043127677273319	0.000453997597908468	0.000435769506914345
cextraccion_autoservicio_delta_pct1	0.000430823769253465	0.00094400536017976	0.000405260556605289
ctarjeta_debito_transacciones_lag1	0.000418433836978195	0.000643799714964647	0.000429159234347383
Visa_mfinanciacion_limite_delta_pct1	0.000414531471350413	0.000513729445585929	0.000339157830935669
ccajas_extracciones	0.000407708215400478	0.00073382004581814	0.000352378376069593
diff_master_compra_rank_delta1	0.000405928707064541	0.00163270807792456	0.000398650284038327
cextraccion_autoservicio_delta1	0.000405294860365953	0.000592353651341193	0.000280173860338161
ccuenta_debitos_automaticos_delta_pct1	0.000405025796950355	0.000386113925504258	0.000305597985595708
mpagomiscuentas_lag1	0.000401093331927009	0.0016042177411029	0.000414413241698006
ctarjeta_master_transacciones_delta1	0.000400540572034852	0.000299004826486426	0.000148985374009222
ccajas_consultas_delta_pct1	0.000397398734423921	0.00182646185067841	0.000319835495739934
Visa_mconsumototal_lag1	0.000394188896741275	0.000357846003539759	0.000398650284038327
Master_mfinanciacion_limite_delta_pct1	0.000390507990553581	0.000891591438009244	0.000407294486625893
thomebanking_delta_pct1	0.000389064910165879	0.00050822387132248	0.000464753009707948
ccaja_ahorro_lag1	0.000383515422291508	0.000361282960729489	0.000289326545430878
diff_master_compra_rank_delta_pct1	0.000378443423383927	0.000842727678771949	0.000344242655987178
Master_mpagospesos_lag1	0.000377165539747443	0.000688541022769626	0.000349835963543838
ccomisiones_otras_delta1	0.000368705209690538	0.000665686078452357	0.00059746694355234
mautoservicio_lag1	0.000368499546756804	0.000574419136159816	0.000444922192007062
mforex_sell	0.000367954241123542	0.000337667549246363	0.000276614482802105
Visa_mpagado_lag1	0.000366185670095998	0.000440868428185	0.000364073473688064
ctransferencias_emitidas_delta1	0.000363829214362653	0.000628709355650968	0.000351361411059291
Master_mpagominimo_delta_pct1	0.000359572263591655	0.000846768319673347	0.000292377440461784
diff_comisiones_beneficios_rank_lag1	0.00035802402243185	0.000644173086863846	0.000385429738904403
mextraccion_autoservicio_delta_pct1	0.000350442565116309	0.00124387731088089	0.000429667716852534
Master_msaldopesos_delta_pct1	0.000346108716304277	0.000456374918521749	0.000317293083214179
mtarjeta_visa_consumo_lag1	0.000346040865741209	0.000392264931407748	0.000349835963543838
cdescubierto_preacordado_lag1	0.000340541711723997	0.000818976478179235	0.000555262895624813
mpayroll_rank_delta_pct1	0.000339739025581844	0.00111971704581222	0.000255258217585766
Visa_mconsumosdolares_delta_pct1	0.000339481004933522	0.000947216483708509	0.000363564991182913
ctarjeta_master	0.000334202080473584	0.000112131902024019	0.000342717208471725
catm_trx_delta_pct1	0.000333704433425484	0.000598612518097688	0.00029034351044118
mtarjeta_master_descuentos	0.000333027969767931	0.000808980329170421	0.000264919385183633
Visa_Finiciomora	0.000329684248124408	0.00159926471295028	0.000478482037347023
ccomisiones_mantenimiento_delta_pct1	0.000327329724938212	0.00195759902761072	0.000276614482802105
mbeneficios_rank	0.000323267658389548	0.000837667512048814	0.000347802033523235
cproductos_delta1	0.000322595912829881	0.000570446582421878	0.000190172456926447
mplazo_fijo_dolares_delta_pct1	0.000321211828875126	0.00358802748566787	0.000312716740667821
Master_fultimo_cierre_rank_delta1	0.000320924787732678	0.000345285173837732	0.000445430674512213
minversiones_rank_delta1	0.000320256532785917	0.00192186776059638	0.00029034351044118
mpayroll_rank_lag1	0.00032002645441955	0.00047940157346483	0.000139324206411354
Visa_msaldodolares_delta_pct1	0.000317817110046744	0.000805554013609491	0.000221189889740654
Visa_mconsumototal_delta_pct1	0.000317323361827361	0.000593421136720784	0.00040576903911044
Master_mpagospesos_delta_pct1	0.000315897006453914	0.0020166783171275	0.000327971215822348
thomebanking_lag1	0.000311097584477985	0.000298345045500763	0.000473397212295514
mpagomiscuentas_delta1	0.000308166690376774	0.000996809170442591	0.000421023514264968
mcuenta_debitos_automaticos_delta1	0.000306352482718875	0.00076090116133441	0.000321869425760537
mprestamos_prendarios	0.0003059501529606	0.0059185380296141	0.000800859945612711
cmobile_app_trx_delta_pct1	0.000302901253000216	0.000837874566364852	0.000639162508974716
ccomisiones_mantenimiento_lag1	0.000302588503318406	0.000329434684423361	0.000161188954132844
mextraccion_autoservicio_lag1	0.000300173228372357	0.00108255835597355	0.000282207790358765
tcuentas	0.000297610289878667	0.00202060498185074	0.000854250608653559
matm_other_delta1	0.000294112801114199	0.00132982661681591	0.000309157363131764
Master_mpagospesos_delta1	0.000292917508202838	0.00056956891288271	0.000275089035286652
Master_mconsumospesos_lag1	0.000292482811166914	0.000331323934676791	0.000217122029699446
Master_fultimo_cierre_rank_delta_pct1	0.000291519358145755	0.000417173469322782	0.00041085386416195
catm_trx_delta1	0.000286533197207941	0.000503284181319979	0.000216613547194295
active_quarter_delta_pct1	0.000285752176668211	0.00131770252726422	0.00078357154043758
cmobile_app_trx_lag1	0.000282094468704298	0.000278997119775511	0.000467295422233703
Visa_mconsumosdolares_delta1	0.000281903941180815	0.000649896308919968	0.000268987245224841
mplazo_fijo_dolares_delta1	0.000274265269905525	0.000773519195810263	0.000170850121730712
ccajas_otras_delta1	0.000272178386630866	0.00121216419770618	0.000184579149369787
mtarjeta_visa_descuentos	0.000270928278291309	0.00143216836479949	0.000393056976481667
matm_delta_pct1	0.000270139374613999	0.00050290941300795	0.00028475020288452
diff_master_compra_rank_lag1	0.000267653645039909	0.000442315111875941	0.000211528722142786
ccajas_extracciones_delta1	0.000262440569942281	0.000285731778089395	0.000117459458689864
Master_msaldototal_lag1	0.000262407788990901	0.000409622776242875	0.000263902420173332
cprestamos_personales_lag1	0.000262004111188541	0.0013218374019555	0.000280682342843312
Visa_msaldodolares_delta1	0.000261608708795451	0.00045397708508553	0.000166273779184353
cmobile_app_trx_delta1	0.000260582905641714	0.00148960450978592	0.00043271861188344
Visa_mconsumosdolares_lag1	0.000259203847020412	0.00125618129692669	0.000348818998533536
ctransferencias_emitidas_lag1	0.000257277292980763	0.000229672303543783	0.000210511757132484
active_quarter_lag1	0.000255356119885638	0.000630058434900371	0.000823741658344503
Master_msaldototal_delta1	0.000252627261149364	0.000134426403275157	0.000162714401648297
minversion1_dolares	0.000251431718962222	0.000668735844071097	0.000120001871215619
Master_mpagado_delta_pct1	0.000250878133542217	0.000756810779244997	0.000180002806823428
mcomisiones_mantenimiento_rank_lag1	0.00024368916269236	0.000689165700825896	0.00036153106116231
Master_msaldopesos_lag1	0.000243050520593174	0.000392379003890235	0.000249156427523955
cpayroll_trx_rank_delta1	0.000242589909913782	0.000558096659209211	0.000160680471627693
internet_delta1	0.000241488027417117	0.00273985885283994	0.000683908969427998
cpagomiscuentas_delta1	0.000237963608108206	0.000389045092336858	0.000225766232287012
cpagomiscuentas_lag1	0.00023710313921991	0.000393807486062231	0.00021356265216339
Master_mpagominimo_lag1	0.000235496142072117	0.000478808242468965	0.000239495259926087
cseguro_auto	0.000232992966095124	0.000311624883353273	0.000215088099678842
mttarjeta_master_debitos_automaticos_delta1	0.000232932284613523	0.000312760022526826	0.000121527318731072
catm_trx_other_delta1	0.000231277466305355	0.0010597858000132	0.000155087164071033
Master_cconsumos_delta_pct1	0.000231025834070619	0.000302750390911386	0.00015915502411224
Master_cconsumos_delta1	0.000230818720585309	0.000260360401549767	0.000121527318731072
ctarjeta_visa_debitos_automaticos_delta1	0.000229948841141822	0.000420928567876713	0.000217630512204597
Visa_mlimitecompra_delta_pct1	0.000228599316737804	0.000778067071633787	0.000374243123791083
ctarjeta_master_debitos_automaticos	0.000223100611627146	0.000419317011167606	0.000277631447812407
Visa_fultimo_cierre_rank_delta1	0.000222265397499573	0.00113459428363688	0.000475939624821268
ccallcenter_transacciones_delta_pct1	0.00021854879410328	0.000999168145080428	0.000250173392534256
Master_mlimitecompra_delta_pct1	0.000217620939498727	0.00164300127764864	0.000420006549254666
tmobile_app_delta1	0.000213838685476237	0.000347854284530265	0.000106272843576544
Master_mpagado_delta1	0.000210883282489774	9.2466557217065e-05	0.000128646073803185
ctarjeta_master_transacciones_delta_pct1	0.000210692548907605	0.000574199803041315	0.000207969344606729
ccuenta_debitos_automaticos_lag1	0.000210204084486903	0.000448578553088256	0.000244071602472445
Visa_fultimo_cierre_rank_lag1	0.000207939751278194	0.000410803997039789	0.000305089503090557
Master_mpagominimo_delta1	0.000206730310624714	0.000835563021611037	0.000225257749781861
Master_mpagosdolares	0.000201765265661959	0.000273213659359072	0.000159663506617391
Visa_msaldodolares_lag1	0.000201688720601202	0.000355423082824782	0.000158138059101939
Visa_madelantopesos	0.000199448877782055	0.000613282220084644	0.000129154556308336
ccallcenter_transacciones_lag1	0.000199207414667887	0.000510302311438169	0.000213054169658239
Visa_fultimo_cierre_rank_delta_pct1	0.000198352503143368	0.000298279654858628	0.000311191293152368
Master_mfinanciacion_limite_delta1	0.000197097017279563	0.000375059825244823	0.000272038140255746
Master_mpagado_lag1	0.00019674136279505	0.000302708642983013	0.000104747396061091
mttarjeta_master_debitos_automaticos_delta_pct1	0.000189993634523819	0.000439297656360936	0.000163731366658599
Visa_mpagosdolares_delta1	0.00018999184956078	0.000577808904226357	0.000144409031462863
Visa_mconsumototal_delta1	0.000187814940698769	0.000207142771567859	0.000259834560132124
Visa_status_lag1	0.000187518456074919	0.00383887080411353	0.000260343042637275
Master_mconsumospesos_delta_pct1	0.00018738335414557	0.000532341124685083	0.000172884051751315
matm_lag1	0.000185202272973607	0.000357189545053585	0.000182036736844032
active_quarter_delta1	0.00018465024567008	0.00325965185999496	0.000488651687450042
ccajas_transacciones_delta_pct1	0.00018355927040948	0.000413565716398403	9.81371234941291e-05
Visa_Fvencimiento_delta1	0.000179620970492265	0.00056080960042314	0.000115934011174412
ctarjeta_master_delta1	0.000179329067912258	0.000886012479844018	9.81371234941291e-05
Master_msaldopesos_delta1	0.000178852795270787	0.000270317017629868	0.000171358604235863
minversion1_pesos	0.00017845481281344	0.00263730330923701	0.000277631447812407
mpayroll_rank_delta1	0.00017814931095523	0.000635899389003636	0.000193223351957353
Master_fultimo_cierre_rank_lag1	0.000176556135685291	0.00045050165431475	0.000347802033523235
cprestamos_prendarios	0.000172361387313802	0.00275407645413544	0.000411870829172251
Visa_delinquency	0.000165587976235971	0.000285494436060616	0.00039458242399712
mcaja_ahorro_adicional_delta_pct1	0.00016237113234819	0.00090095250809382	0.000174409499266768
mtarjeta_visa_descuentos_lag1	0.000161643779145878	0.000119923211480028	9.864560599928e-05
ccajas_consultas_lag1	0.00016103311940734	0.000490374633628011	0.000129663038813487
mcajeros_propios_descuentos	0.000159969347400668	0.000110628302472251	0.0001367817938856
mtarjeta_master_consumo_delta_pct1	0.000157582493998854	0.00112885661593081	0.000203901484565522
ctarjeta_visa_lag1	0.000156519228777057	0.000159694974939264	6.20348656284132e-05
ccajas_otras_delta_pct1	0.00015648807092917	0.000246715088753367	7.0679068215979e-05
Master_cconsumos_lag1	0.000154733939568387	0.000135542907560267	0.000138307241401052
ccajeros_propios_descuentos	0.000152158768645272	7.94728395380196e-05	0.000117967941195015
mtarjeta_master_consumo_delta1	0.000152105336551944	0.000324354197485954	9.30522984426198e-05
matm_other_delta_pct1	0.000151574053666015	0.000459755104307152	0.000174409499266768
mcheques_emitidos	0.000150446446044789	0.00159217907349463	0.000220172924730352
catm_trx_other_delta_pct1	0.000149402618547004	0.000307290899453432	0.000125086696267128
ccajas_transacciones_lag1	0.000146909708215207	0.000205380643034043	8.23741658344503e-05
Master_status_delta1	0.00014533594254477	0.000571003269619021	0.000103730431050789
cseguro_accidentes_personales_lag1	0.000145063071734652	0.000186561861466685	0.000159663506617391
cextraccion_autoservicio_lag1	0.000141601128189901	0.000716968135796643	0.00016983315672041
foto_mes	0.000140596207327508	7.2324939331057e-05	0.000213054169658239
Visa_mpagosdolares_delta_pct1	0.000138077202993363	0.00102341565005347	0.000135256346370147
ccajas_depositos	0.00013740224940191	0.000237704999810559	0.000285767167894821
Master_mconsumosdolares	0.000136705010032501	0.000563834375067456	0.000143392066452562
Visa_status_delta1	0.000134480622581109	0.000480111769768841	8.64420258756577e-05
mcheques_depositados	0.000134370523148873	0.0006721049548582	0.000165765296679202
mtarjeta_master_descuentos_lag1	0.000133338738593092	0.000143714667283954	5.89839705975076e-05
matm_other_lag1	0.000131930637593071	0.000428080464713497	0.000146951443988618
ccajas_transacciones_delta1	0.000130275490441432	0.000249340200415562	0.000133222416349543
ctarjeta_master_debitos_automaticos_delta_pct1	0.00012734208546947	0.000490380267431494	0.000117459458689864
Master_Finiciomora	0.000127216552492902	0.0014854288502096	0.000159663506617391
Master_delinquency	0.000126256112697028	0.000332231362254869	0.000187630044400692
ctarjeta_visa_descuentos	0.000126144834866787	0.000136677276299156	0.000123561248751675
Master_msaldodolares	0.00012578906398957	0.000402810881853893	0.000167290744194655
cplazo_fijo	0.000125363726503959	0.000746884306421138	0.0001916979044419
Visa_mfinanciacion_limite_delta1	0.000123447742367505	0.000281524049170172	0.000217630512204597
ccajeros_propios_descuentos_lag1	0.000121221393676676	0.000190819138965258	6.91536207005262e-05
minversiones_rank_lag1	0.000118243237565279	0.000384382469900516	0.00013169696883409
Visa_mpagosdolares_lag1	0.000116996528760612	0.000335420769156518	0.000131188486328939
cseguro_accidentes_personales_delta_pct1	0.00011242306996695	0.000301581882286434	0.00014796840899892
ctarjeta_master_transacciones_lag1	0.000111976543128708	6.52692023708146e-05	6.50857606593188e-05
mttarjeta_master_debitos_automaticos_lag1	0.00010908308631044	9.19260973000394e-05	6.40687956490169e-05
Visa_mlimitecompra_delta1	0.000104335552240535	0.000261062219376803	0.000152036269040127
cforex_sell	0.000102965177930126	0.000166369009675499	0.00013169696883409
mforex_sell_delta1	0.000101493577925308	9.48601051104639e-05	7.37299632468845e-05
ccajas_extracciones_delta_pct1	9.91103245483235e-05	0.000347338430370331	8.4408095855054e-05
Master_mconsumospesos_delta1	9.882203145328e-05	0.000152615065591428	9.50862284632235e-05
ccheques_emitidos	9.72902009154473e-05	0.000493512951080982	0.000102713466040487
ctarjeta_master_descuentos_lag1	9.66165250076221e-05	0.000263272740885257	4.98312855047909e-05
cliente_edad_delta1	9.58573833637382e-05	0.000384394363485646	0.000228308644812767
cplazo_fijo_delta_pct1	9.39693560340601e-05	0.00044290271276399	7.47469282571864e-05
cpagodeservicios_delta_pct1	9.16896126900917e-05	2.39963914246366e-05	2.69495727729992e-05
minversion1_pesos_delta_pct1	9.14344471815889e-05	0.00060790347862781	8.94929209065633e-05
ctarjeta_debito_delta_pct1	9.05729955379986e-05	0.000327732601641196	6.71196906799225e-05
ccuenta_debitos_automaticos_delta1	9.03119565016543e-05	0.000126866946500944	9.00014034117142e-05
ctarjeta_visa_descuentos_lag1	8.99281915621563e-05	5.07868604637892e-05	7.98317533086957e-05
cinversion1	8.94901818591189e-05	0.000349393516685257	8.18656833292994e-05
catm_trx_lag1	8.82057305638881e-05	0.000320973530178886	0.000112883116143506
mprestamos_hipotecarios	8.76176438245024e-05	0.00114144407378092	0.000123561248751675
ccheques_depositados	8.76089357618961e-05	0.00108149997135343	0.00018101977183373
Master_mlimitecompra_delta1	8.67862446306594e-05	0.000345125886470882	0.000170850121730712
mplazo_fijo_dolares_lag1	8.65960002352713e-05	0.00010519486015425	7.27129982365827e-05
Master_mconsumototal_delta_pct1	8.62462851001875e-05	0.000234729099615261	6.76281731850734e-05
Master_mconsumototal_delta1	8.60420904188229e-05	4.30945518621464e-05	3.76277053811687e-05
Master_status_lag1	8.5210783767102e-05	0.000437066381268711	8.74589908859596e-05
Master_msaldodolares_lag1	8.42209531332313e-05	0.000116587133079158	4.37294954429798e-05
mpagodeservicios_delta1	8.22265680238271e-05	3.86728828670725e-05	3.20343978245085e-05
mcajeros_propios_descuentos_lag1	8.16274518329331e-05	8.6445225098015e-05	5.89839705975076e-05
cseguro_vivienda_lag1	8.06413197015404e-05	0.000263878735900917	0.000149493856514373
cforex	7.96351489417047e-05	0.000104956218016974	8.79674733911105e-05
minversion2	7.79737302599018e-05	0.00094735665466525	0.000208986309617031
mforex_sell_lag1	7.79432598040649e-05	6.6210529074123e-05	4.42379779481307e-05
mbeneficios_rank_lag1	7.79233514265146e-05	0.000128493141468673	6.66112081747715e-05
tmobile_app_delta_pct1	7.74001929259035e-05	0.000234227835561783	3.96616354017724e-05
mtarjeta_master_consumo_lag1	7.6649516874541e-05	0.000241711308217227	7.88147882983938e-05
cinversion2	7.66470151623456e-05	0.00190640585916583	0.000237969812410634
cdescubierto_preacordado_delta_pct1	7.65243733952296e-05	0.000408266329711994	0.000286784132905123
Visa_delinquency_delta1	7.50584065834064e-05	0.000192755915407043	5.79670055872058e-05
cprestamos_hipotecarios	7.44358984026166e-05	0.00167873143716315	0.000162714401648297
tmobile_app_lag1	7.21148218001376e-05	0.000447485258147409	5.38991455459984e-05
mtarjeta_visa_descuentos_delta1	7.20689874054484e-05	0.000107776057040579	5.44076280511493e-05
minversion2_delta_pct1	7.10049186851188e-05	0.000457277723491841	8.69505083808087e-05
Master_mconsumototal_lag1	7.09577329460878e-05	0.000162460064949535	0.000102204983535336
mforex_sell_delta_pct1	7.07692025280335e-05	6.83800730888686e-05	4.42379779481307e-05
mcaja_ahorro_adicional_lag1	7.04171447333218e-05	0.000900819897027223	0.000139832688916505
cseguro_vivienda_delta_pct1	6.7709701799096e-05	0.000509199000846686	0.000169324674215259
mbeneficios_rank_delta1	6.71063096808831e-05	0.000156035073218544	4.27125304326779e-05
mcajeros_propios_descuentos_delta1	6.47715330525721e-05	6.84277437337239e-05	3.30513628348103e-05
mcheques_emitidos_delta_pct1	6.25232376941163e-05	4.49926621142162e-05	3.40683278451122e-05
cinversion1_delta_pct1	6.10661449275571e-05	5.49333398271987e-05	2.89835027936029e-05
ctarjeta_debito_delta1	5.86205585889738e-05	0.000802448295173255	6.55942431644697e-05
cseguro_vida_delta_pct1	5.75773080029233e-05	6.99282615468343e-05	6.3560313143866e-05
ccajas_depositos_delta_pct1	5.69465393599084e-05	6.23390467337118e-05	5.03397680099419e-05
Visa_cadelantosefectivo	5.53409398003019e-05	0.000187142191377589	3.35598453399612e-05
tcuentas_lag1	5.31651839195914e-05	0.0019641917333377	0.000198816659514013
mtarjeta_master_descuentos_delta1	5.17953289382962e-05	4.46350359734688e-05	2.74580552781501e-05
ctarjeta_master_descuentos	5.17406678248907e-05	7.8533438921372e-05	5.18652155253946e-05
mplazo_fijo_pesos_delta_pct1	5.11734795594774e-05	0.000136026066399133	2.49156427523955e-05
mcheques_emitidos_delta1	4.9865959016793e-05	2.82638290303455e-05	3.10174328142066e-05
minversion1_dolares_delta_pct1	4.95515431513618e-05	0.000607615336063351	4.67803904738854e-05
mprestamos_prendarios_delta1	4.82197860286806e-05	0.00049258828502729	7.77978232880919e-05
ccajas_extracciones_lag1	4.76575682209482e-05	9.57345484544753e-05	2.94919852987538e-05
Master_madelantopesos	4.6193512316202e-05	6.84463786221673e-06	2.28817127317918e-05
catm_trx_other_lag1	4.60960461282496e-05	0.000125536116922652	7.42384457520355e-05
ctarjeta_master_debitos_automaticos_delta1	4.60793951261081e-05	8.96361247168261e-05	3.76277053811687e-05
cforex_sell_lag1	4.52728871835943e-05	3.71802138571049e-05	2.03393002060371e-05
ctarjeta_master_debitos_automaticos_lag1	4.51127314025542e-05	3.93251521147586e-05	4.72888729790363e-05
Visa_Finiciomora_lag1	4.47728548582532e-05	0.000325977936693191	5.84754880923567e-05
cprestamos_personales_delta1	4.44915919478292e-05	0.000533519167439006	0.000103221948545638
ctarjeta_master_descuentos_delta1	4.33582392196561e-05	0.000103709943643092	2.18647477214899e-05
tcuentas_delta1	4.29136911126513e-05	0.00231273671254453	0.000176443429287372
mcheques_depositados_delta1	4.22303205466137e-05	0.000239179515453748	4.52549429584326e-05
mcaja_ahorro_adicional_delta1	4.20342414539987e-05	0.000619831733318257	8.49165783602049e-05
ccheques_emitidos_delta_pct1	4.17272788575568e-05	2.61199982725218e-05	3.25428803296594e-05
ctarjeta_visa_descuentos_delta1	4.15409165612451e-05	2.80941407955274e-05	3.25428803296594e-05
cseguro_vida_lag1	4.1384247455112e-05	5.17430661865524e-05	6.71196906799225e-05
mpagodeservicios_delta_pct1	4.09642195566873e-05	9.40002518729081e-06	1.06781326081695e-05
minversion2_delta1	4.08165403610216e-05	3.0974410788115e-05	5.08482505150928e-05
ccajas_depositos_lag1	4.08028588362244e-05	0.000205902371758292	3.81361878863196e-05
mplazo_fijo_pesos_delta1	4.04576767133834e-05	8.24330902791976e-05	2.69495727729992e-05
Master_mpagosdolares_lag1	3.97814972125651e-05	0.000344395755169933	4.72888729790363e-05
mprestamos_prendarios_delta_pct1	3.89696849016855e-05	0.000391515105870691	6.76281731850734e-05
cforex_sell_delta_pct1	3.8505208782187e-05	3.07509847354601e-05	2.1356265216339e-05
minversion1_pesos_delta1	3.77374646430852e-05	0.00030392275170966	4.67803904738854e-05
cseguro_auto_delta_pct1	3.76049809372125e-05	0.000116734334252211	2.44071602472445e-05
ccajas_depositos_delta1	3.7594036057388e-05	7.59783886614636e-05	4.88143204944891e-05
ccheques_emitidos_rechazados_delta_pct1	3.74574686030596e-05	3.8794226326704e-05	2.03393002060371e-05
Master_mconsumosdolares_delta1	3.65842335545569e-05	2.05294835873303e-05	1.93223351957353e-05
ccajas_otras_lag1	3.57626683316681e-05	0.000102388503737271	4.37294954429798e-05
mcheques_depositados_delta_pct1	3.49128942370147e-05	0.000843078322848551	7.57638932674882e-05
mpagodeservicios	3.4583224015866e-05	0.000125263768268812	4.62719079687344e-05
tcallcenter_delta_pct1	3.4397796122921e-05	0.000104675153820994	5.84754880923567e-05
cpagodeservicios	3.41106927308926e-05	3.79132342880458e-05	3.76277053811687e-05
Visa_delinquency_lag1	3.31188200983718e-05	7.48890903504378e-05	5.18652155253946e-05
Master_mpagosdolares_delta1	3.26747197644997e-05	9.27709270616408e-06	2.8475020288452e-05
ccaja_seguridad_lag1	3.26577936885788e-05	6.94791462896981e-05	2.28817127317918e-05
tcallcenter_lag1	3.11294796398745e-05	7.46618121244612e-05	4.67803904738854e-05
ccaja_seguridad_delta_pct1	3.07871840235249e-05	0.000107649079777464	2.18647477214899e-05
cpagodeservicios_delta1	3.05289207367822e-05	4.83823338764237e-06	1.4237510144226e-05
tcuentas_delta_pct1	2.92866788096358e-05	0.000740685678024959	5.89839705975076e-05
Master_mconsumosdolares_lag1	2.88948159541207e-05	2.43818495176329e-05	1.52544751545278e-05
ccajeros_propios_descuentos_delta1	2.84639071469375e-05	6.17136945471106e-05	1.83053701854334e-05
mplazo_fijo_pesos_lag1	2.78351100759014e-05	2.10954160004452e-05	1.62714401648297e-05
cseguro_auto_lag1	2.70486102102284e-05	0.000126082547708326	3.76277053811687e-05
mcheques_emitidos_lag1	2.37353926807735e-05	0.000337128582046499	3.15259153193575e-05
Master_madelantopesos_lag1	2.25397864042033e-05	1.00734332360794e-07	1.52544751545278e-06
Master_msaldodolares_delta_pct1	2.23010810041699e-05	0.000106200421847696	3.40683278451122e-05
ccheques_depositados_rechazados_lag1	2.08117317173579e-05	1.85027588984843e-05	1.72884051751315e-05
Visa_delinquency_delta_pct1	2.06033184508107e-05	3.3307190647365e-05	1.16950976184713e-05
cplazo_fijo_delta1	1.96035700102119e-05	7.8256901029045e-06	1.37290276390751e-05
Master_msaldodolares_delta1	1.85004680309371e-05	2.20758422629682e-05	2.18647477214899e-05
mpagodeservicios_lag1	1.80402905000425e-05	8.96554818877673e-06	9.1526850927167e-06
mcheques_depositados_lag1	1.79438302055272e-05	5.26550200682833e-05	1.57629576596788e-05
ctarjeta_visa_delta1	1.77755879382355e-05	0.000189275573115278	3.76277053811687e-05
cprestamos_prendarios_delta_pct1	1.76306495503831e-05	0.000142121071332959	3.45768103502631e-05
cforex_lag1	1.75818484862428e-05	1.82850148014788e-05	1.11866151133204e-05
cprestamos_prendarios_delta1	1.75141417579764e-05	7.52059797583089e-06	1.37290276390751e-05
mforex_buy	1.74408202064924e-05	0.000175351892644223	3.05089503090557e-05
mcheques_emitidos_rechazados_delta1	1.71721143454336e-05	1.24978466682178e-05	7.62723757726392e-06
ctarjeta_master_lag1	1.71034558948737e-05	2.19884460807336e-05	3.81361878863196e-05
mpayroll2	1.69657627788468e-05	1.13110402199881e-05	1.72884051751315e-05
Master_mpagosdolares_delta_pct1	1.67053799801196e-05	4.68877869319618e-05	2.54241252575464e-05
mforex_buy_delta1	1.66865026283456e-05	1.2931505079901e-05	1.06781326081695e-05
Master_mconsumosdolares_delta_pct1	1.6642050946208e-05	1.60990508979497e-05	1.32205451339241e-05
cpagodeservicios_lag1	1.6355325079004e-05	2.31655257913262e-06	1.4237510144226e-05
cforex_delta1	1.59786952214614e-05	2.53593866501646e-05	2.28817127317918e-05
ctarjeta_master_delta_pct1	1.55199048018006e-05	0.00026933278734619	3.05089503090557e-05
ccheques_depositados_delta1	1.46426965702884e-05	0.000246545352366382	3.40683278451122e-05
cforex_delta_pct1	1.45833949566799e-05	5.61261652962435e-06	1.37290276390751e-05
cliente_vip	1.43851190195354e-05	0.000361527958952745	6.55942431644697e-05
cseguro_vivienda_delta1	1.43051839229437e-05	9.27242676122825e-05	3.25428803296594e-05
cdescubierto_preacordado_delta1	1.41454554880242e-05	0.000727908500638756	6.3051830638715e-05
ccheques_emitidos_delta1	1.37412849358656e-05	1.13411353240634e-05	1.22035801236223e-05
cprestamos_prendarios_lag1	1.33065830502519e-05	2.89750846820192e-05	1.83053701854334e-05
Visa_madelantodolares	1.2941591811949e-05	6.50776530523962e-07	1.57629576596788e-05
mprestamos_hipotecarios_delta_pct1	1.22550988914163e-05	6.08253352269747e-06	1.4237510144226e-05
ccheques_depositados_lag1	1.20344562285659e-05	2.81007376423407e-05	7.62723757726392e-06
mprestamos_prendarios_lag1	1.15722061710563e-05	0.000193693341784864	2.89835027936029e-05
minversion1_pesos_lag1	1.10846795449255e-05	0.000158658162489745	2.54241252575464e-05
cinversion2_lag1	1.0969923116918e-05	5.17862105277548e-06	1.37290276390751e-05
Visa_madelantopesos_lag1	1.0650007026698e-05	5.84610156986538e-05	1.06781326081695e-05
Master_delinquency_lag1	1.043610722035e-05	0.000310775045766353	2.8475020288452e-05
cforex_sell_delta1	1.03299386423965e-05	2.74395120916818e-06	1.37290276390751e-05
cseguro_vida_delta1	1.02898128653263e-05	1.34687388017698e-05	1.57629576596788e-05
minversion2_lag1	1.01776952349484e-05	2.57721951737445e-05	2.74580552781501e-05
mcheques_emitidos_rechazados_delta_pct1	9.33738199838397e-06	1.04849898033297e-05	5.08482505150928e-06
mcheques_depositados_rechazados	9.00458089864799e-06	5.07856085074597e-06	3.5593775360565e-06
mcajeros_propios_descuentos_delta_pct1	8.59573266192503e-06	8.66320073519479e-06	4.06786004120742e-06
ccheques_emitidos_rechazados_lag1	8.52485410297777e-06	4.11099121668393e-06	8.64420258756577e-06
mcheques_depositados_rechazados_delta1	8.15308971923486e-06	1.24324078739165e-05	3.5593775360565e-06
cplazo_fijo_lag1	8.10028792406863e-06	3.83309543326107e-05	1.93223351957353e-05
mcheques_depositados_rechazados_lag1	7.53562742180189e-06	4.69045438859109e-06	5.59330755666021e-06
Master_madelantodolares	7.45090175949206e-06	3.2251358092071e-06	5.59330755666021e-06
mprestamos_hipotecarios_delta1	7.44898165034621e-06	2.8346217387262e-06	1.4237510144226e-05
ccheques_depositados_rechazados_delta1	7.30803239533374e-06	1.02359467980859e-05	8.13572008241484e-06
Master_Finiciomora_lag1	7.2828899352443e-06	0.00118873041619517	5.08482505150928e-05
ccheques_depositados_delta_pct1	6.65918122746666e-06	0.000217182353830874	2.18647477214899e-05
minversion1_dolares_delta1	6.38152716506985e-06	3.91260429061965e-06	7.62723757726392e-06
mbeneficios_rank_delta_pct1	5.95852275494336e-06	7.57722492365895e-07	2.54241252575464e-06
cprestamos_hipotecarios_lag1	5.76975208673005e-06	7.8216934730833e-06	1.32205451339241e-05
cliente_vip_lag1	5.4535369068489e-06	0.000126053415647581	1.01696501030186e-05
minversion1_dolares_lag1	5.35312542515268e-06	3.38480839338893e-05	1.11866151133204e-05
mprestamos_hipotecarios_lag1	5.14965321251534e-06	2.5829785164903e-06	8.64420258756577e-06
cforex_buy_delta1	5.07205050135566e-06	1.88116068945465e-06	3.05089503090557e-06
cinversion1_delta1	5.05954283648135e-06	3.68999682479558e-06	9.66116759786763e-06
ctarjeta_visa_delta_pct1	4.59308835392933e-06	0.000104585205573934	1.67799226699806e-05
cpayroll2_trx	4.29909000266331e-06	1.99922980176281e-06	5.08482505150928e-06
mtarjeta_visa_descuentos_delta_pct1	4.22703657624363e-06	1.32919240463067e-06	2.54241252575464e-06
Master_delinquency_delta1	4.12205227200077e-06	5.84470997225294e-07	7.11875507211299e-06
cseguro_accidentes_personales_delta1	3.92247766810858e-06	0.000591213022820656	3.25428803296594e-05
cinversion1_lag1	3.81917305775822e-06	4.9103171809235e-06	1.06781326081695e-05
ccaja_ahorro_delta1	3.49245164740136e-06	1.78863148626894e-05	1.4237510144226e-05
mcheques_depositados_rechazados_delta_pct1	3.15532336824125e-06	2.84107412903994e-06	1.01696501030186e-06
ccheques_depositados_rechazados_delta_pct1	3.1382359183519e-06	3.59865216490628e-06	1.01696501030186e-06
mcheques_emitidos_rechazados_lag1	2.86187529648283e-06	2.06409077006586e-06	3.05089503090557e-06
cinversion2_delta_pct1	2.75132881867971e-06	2.68433882701586e-06	7.11875507211299e-06
Visa_Finiciomora_delta1	2.49920506464931e-06	3.08204201595826e-05	6.61027256696206e-06
ccuenta_corriente	2.40185300168214e-06	2.150331300304e-06	5.59330755666021e-06
ccheques_emitidos_lag1	2.02633913998685e-06	1.39749143762328e-05	4.06786004120742e-06
ccuenta_corriente_lag1	1.91949983708703e-06	4.13708969093801e-06	1.52544751545278e-06
ccheques_emitidos_rechazados	1.44213848721196e-06	5.82641214897517e-08	1.01696501030186e-06
mcheques_emitidos_rechazados	1.41195362519421e-06	1.30540523436956e-07	1.01696501030186e-06
Visa_madelantopesos_delta_pct1	1.3087092628477e-06	6.39412619225135e-07	5.08482505150928e-07
cforex_buy	1.14742048755598e-06	0.000109281245613842	1.62714401648297e-05
Visa_Finiciomora_delta_pct1	1.0517063071198e-06	1.81612637335212e-05	3.5593775360565e-06
cinversion2_delta1	1.03108806462742e-06	6.8226804742834e-07	3.05089503090557e-06
Master_Finiciomora_delta_pct1	9.11310958799807e-07	5.59046653302494e-08	5.08482505150928e-07
cseguro_auto_delta1	6.70372545567869e-07	1.22576155094473e-06	3.5593775360565e-06
mcuenta_corriente_adicional	5.84056205761726e-07	0.000467095276115031	1.83053701854334e-05
ccaja_ahorro_delta_pct1	5.31855569133421e-07	1.87503573387325e-05	6.10179006181113e-06
mcuenta_corriente_adicional_lag1	4.48807962798852e-07	3.14433647378577e-07	1.01696501030186e-06
mforex_buy_delta_pct1	3.32035942234625e-07	2.95846911101681e-07	1.01696501030186e-06
cprestamos_hipotecarios_delta_pct1	2.77976369452825e-07	7.79535423799661e-07	3.05089503090557e-06
Visa_madelantopesos_delta1	2.61122988682357e-07	6.42316194866318e-06	3.05089503090557e-06
Master_delinquency_delta_pct1	2.29674441749724e-07	2.34982572619825e-08	5.08482505150928e-07
ccheques_depositados_rechazados	2.28485666276104e-07	9.51968332109414e-08	5.08482505150928e-07
Master_cadelantosefectivo	2.20313156100608e-07	1.17857242775468e-06	3.5593775360565e-06
ccajeros_propios_descuentos_delta_pct1	1.23484267474212e-07	8.05874658886351e-07	5.08482505150928e-07
cprestamos_hipotecarios_delta1	7.3911758346298e-08	1.45275086392216e-07	1.01696501030186e-06
ctarjeta_visa_descuentos_delta_pct1	7.16818148372164e-08	4.70827069020366e-06	1.01696501030186e-06
ccheques_emitidos_rechazados_delta1	3.61759023193685e-08	1.14746612818247e-07	5.08482505150928e-07
mtarjeta_master_descuentos_delta_pct1	1.42721651744783e-08	2.07887348518764e-06	5.08482505150928e-07
mplazo_fijo_pesos	5.57329790612294e-09	1.83941276108142e-08	5.08482505150928e-07
ccaja_seguridad_delta1	4.77937651590496e-09	2.22029639825822e-07	5.08482505150928e-07
cliente_vip_delta_pct1	2.25184961949471e-09	4.29449912329338e-05	1.52544751545278e-06
Visa_madelantodolares_lag1	1.74047444818943e-09	6.8857598124252e-09	5.08482505150928e-07
Master_Finiciomora_delta1	1.49546025825228e-09	1.4404961375427e-05	5.08482505150928e-07
