Feature	Gain	Cover	Frequency
ctrx_quarter	0.112835302771775	0.0138925374955532	0.00972843927185915
active_quarter	0.0973113766316001	0.01191845607701	0.0140853476574157
mpayroll	0.0949833958886221	0.0186013090847421	0.0111608475082065
mpasivos_margen	0.0871680629100508	0.015077036963606	0.0140256639809012
mprestamos_personales	0.0532858766435369	0.0112687587356497	0.00877350044762757
mcuentas_saldo	0.0481611424237354	0.0195483478792005	0.0140256639809012
mcaja_ahorro	0.0481329436496715	0.0118614095849455	0.00877350044762757
Master_status	0.0323110972658906	0.00996874979090944	0.0157564905998209
Visa_msaldototal	0.0308219752381092	0.0114011992704944	0.0143240823634736
mtarjeta_visa_consumo	0.0289243675332058	0.00838933671226122	0.00662488809310654
Visa_mpagominimo	0.0155043814220654	0.0131184892113886	0.0177260519247986
cdescubierto_preacordado	0.0149541265193875	0.0112032415052174	0.0158161742763354
mrentabilidad_annual	0.0134311577255522	0.0207453470367199	0.017785735601313
Visa_status	0.0132828490401695	0.0104701603737464	0.0141450313339302
Master_fechaalta	0.0117700235173283	0.0285658888396365	0.0297224709042077
mautoservicio	0.0113476303118139	0.00687780848599264	0.00722172485825127
mcomisiones_mantenimiento	0.00980520452755957	0.0126266328990758	0.00877350044762757
mcuenta_corriente	0.00965640773657916	0.0180827790411213	0.019039092808117
tcallcenter	0.00959102481211842	0.0115705476194135	0.0139062966278723
mextraccion_autoservicio	0.00905235934138427	0.00419094610193418	0.00376007162041182
ccajas_transacciones	0.00795911218048731	0.0114369024364383	0.0147418680990749
thomebanking	0.007941240099325	0.0136070276405802	0.0168307967770815
mactivos_margen	0.00742909280191519	0.0198951710682109	0.0157564905998209
Master_Fvencimiento	0.00718804993971464	0.0231717922778371	0.025723664577738
Visa_fechaalta	0.00649585682846171	0.0196487473784181	0.0229782154580722
ctarjeta_visa_transacciones	0.0064240297578309	0.00864070445162462	0.00608773500447628
cliente_edad	0.00625632101988838	0.02046840516018	0.0158161742763354
mcuenta_debitos_automaticos	0.0061113320124426	0.00850470640635483	0.007818561623396
mrentabilidad	0.00582905869404271	0.0111011906613192	0.0106236944195762
Visa_Fvencimiento	0.00582183529870338	0.0181961353449341	0.0222023276633841
cmobile_app_trx	0.00576900598919854	0.0139511224643653	0.0188003581020591
Visa_mpagospesos	0.00558145789260635	0.0180212660176641	0.022321695016413
Visa_msaldopesos	0.00550495789603035	0.0135091021196313	0.0162339600119367
internet	0.00542153191941079	0.0116681011102911	0.0115786332438078
Master_mfinanciacion_limite	0.00532918714398359	0.0181906113278311	0.0211280214861235
Master_msaldototal	0.0052839194675799	0.0110708313578931	0.0137272455983289
mtransferencias_recibidas	0.00486949698726031	0.00938173799718676	0.00793792897642495
foto_mes	0.00458794543840585	0.00765497322742894	0.00531184720978812
Master_msaldopesos	0.00458582765257636	0.0107725769768603	0.0139659803043868
ccaja_seguridad	0.00454952887316685	0.00583077651687516	0.00190987764846315
Visa_mconsumospesos	0.00452604334129236	0.0152290982862716	0.0199343479558341
Master_mpagominimo	0.00441302257253717	0.0118042992790882	0.0151596538346762
Visa_mlimitecompra	0.00440755733681622	0.0148117395848869	0.0165323783945091
chomebanking_transacciones	0.00438740196978791	0.0134472821822179	0.0109817964786631
tmobile_app	0.0043375486971136	0.00607930606183233	0.00710235750522232
Visa_cconsumos	0.00433048895221892	0.0131432832575055	0.016651745747538
Visa_mconsumototal	0.00432633562614404	0.0143055447040153	0.0171292151596538
cliente_antiguedad	0.00426089933513787	0.0156324166509048	0.013369143539242
Visa_mfinanciacion_limite	0.00424147926441879	0.0158978572850773	0.0179647866308565
Master_mlimitecompra	0.00421066480478724	0.014815317064254	0.017905102954342
ccomisiones_mantenimiento	0.00406983659718074	0.0057934484868043	0.00202924500149209
Visa_mconsumosdolares	0.00377487397125094	0.0157990848205238	0.017785735601313
mcomisiones	0.00348521448869638	0.0113132569182149	0.0115189495672933
mcomisiones_otras	0.00344595956295603	0.00883141262274686	0.00954938824231573
Master_mpagospesos	0.0028573598328931	0.0112157833031052	0.0170098478066249
Master_mconsumospesos	0.00278693916050975	0.0108264770582402	0.0136078782452999
numero_de_cliente	0.00271171558673779	0.0119674351165132	0.0103849597135184
mpagomiscuentas	0.00269451965805936	0.00792619183155347	0.00847508206505521
mtransferencias_emitidas	0.00266615607462465	0.010775975169857	0.0100268576544315
Master_mconsumototal	0.00246732226455045	0.00971881764483167	0.0140853476574157
ctarjeta_debito_transacciones	0.00237628810482266	0.00536090166861161	0.00399880632646971
Master_fultimo_cierre	0.00230886900003094	0.00947967089796204	0.011101163831692
mcaja_ahorro_dolares	0.0021666860314292	0.00957534253311144	0.00811698000596837
Visa_fultimo_cierre	0.002140016181688	0.00736201191834408	0.00799761265293942
cpayroll_trx	0.00202823411758608	0.00435881674914648	0.00137272455983289
mtarjeta_master_consumo	0.00196882685794195	0.0034555155810281	0.0033422858848105
ccaja_ahorro	0.00191589084373842	0.0040338187455089	0.0017905102954342
Visa_mpagado	0.00186260876079316	0.00844189800631329	0.00889286780065652
Master_mconsumosdolares	0.00185835416417493	0.00368936144201603	0.00411817367949866
cproductos	0.00181979551023795	0.00594331713281866	0.00238734706057893
mttarjeta_visa_debitos_automaticos	0.0017591747570269	0.0072476263458043	0.00775887794688153
ctarjeta_visa	0.00175583803012031	0.00199117353055861	0.00113398985377499
cseguro_accidentes_personales	0.00164558423973989	0.00714784458146582	0.00943002088928678
mplazo_fijo_dolares	0.00157554211105729	0.00462774673887675	0.00370038794389734
ccomisiones_otras	0.00150591747076777	0.00426365953130687	0.00238734706057893
Visa_delinquency	0.00144477950693972	0.00586973201571766	0.00841539838854073
Visa_msaldodolares	0.00144358789090344	0.00602055482987287	0.00638615338704864
cseguro_vida	0.00136001807526146	0.00683452189727694	0.00728140853476574
cprestamos_personales	0.0012843836239493	0.00486697119097714	0.00244703073709341
Master_madelantopesos	0.001264011769918	0.000865914533543876	0.00101462250074605
ccajas_consultas	0.0011174862883572	0.00346840509897088	0.00143240823634736
Visa_mpagosdolares	0.00108410957679309	0.00476417541872148	0.00650552074007759
Visa_madelantopesos	0.000865735824907509	0.00157990796112346	0.00143240823634736
Master_cconsumos	0.000852676978935689	0.00402620450110918	0.00471501044464339
matm	0.000832700377394601	0.00439501262702837	0.00417785735601313
Master_mpagosdolares	0.000817484461456846	0.00326549850894146	0.00405849000298418
Master_msaldodolares	0.000781199301348564	0.00292759492538602	0.00274544911966577
Visa_madelantodolares	0.000773813630060865	0.00122556299259682	0.00137272455983289
Master_madelantodolares	0.000734295517357729	0.000624424040635821	0.00119367353028947
mprestamos_prendarios	0.000650164163146667	0.00362184210809617	0.00137272455983289
Master_mpagado	0.000618766530746771	0.00372047826291521	0.00471501044464339
ctarjeta_debito	0.000613145282914973	0.00347549667801956	0.00190987764846315
minversion2	0.000601986577369298	0.00294027780819002	0.00155177558937631
Visa_Finiciomora	0.000578610448921426	0.00302868856239131	0.00280513279618025
ctransferencias_recibidas	0.000477648630303227	0.00333172333449188	0.00137272455983289
ccajas_otras	0.000428339733239035	0.00318892673269165	0.00101462250074605
Master_delinquency	0.000384864004813309	0.00246329228015068	0.00316323485526709
mtarjeta_visa_descuentos	0.000383585849456225	0.00260804800880244	0.00190987764846315
minversion1_pesos	0.000382986002074165	0.00250534470143032	0.00125335720680394
cplazo_fijo	0.000354425079312954	0.00253807509966324	0.000835571471202626
ctransferencias_emitidas	0.000329861124236503	0.00304828938127022	0.00131304088331841
mcheques_depositados	0.000325675248121089	0.00210689051059976	0.000895255147717099
mttarjeta_master_debitos_automaticos	0.000318387111072906	0.00193426638698057	0.00190987764846315
matm_other	0.00031683920227607	0.00230289175366987	0.0017905102954342
mcheques_emitidos	0.000298342240254121	0.001989357225053	0.000895255147717099
cextraccion_autoservicio	0.000281083050991475	0.00212902868743284	0.00131304088331841
mprestamos_hipotecarios	0.000268795773897803	0.00253549519918049	0.000835571471202626
ctarjeta_master_debitos_automaticos	0.000213616760313309	0.00167660495803295	0.00053715308863026
Visa_cadelantosefectivo	0.000213044764594159	0.000506936336369677	0.000835571471202626
cseguro_vivienda	0.000205883707724595	0.00168192971982354	0.000835571471202626
ctarjeta_master_transacciones	0.00020527371718879	0.00194934467460769	0.000895255147717099
ctarjeta_visa_debitos_automaticos	0.000201356310976929	0.00166014490644207	0.000775887794688153
mforex_sell	0.000195648317507925	0.00204757320254582	0.00167114294240525
mcaja_ahorro_adicional	0.000194720276776156	0.00148842502860878	0.000895255147717099
ccajas_depositos	0.000191056144455028	0.00175635266427297	0.00053715308863026
cpagomiscuentas	0.000184077288314412	0.000472113540302853	0.000417785735601313
ccajas_extracciones	0.000161129030223021	0.00214690740211941	0.000656520441659206
cseguro_auto	0.000153905940467517	0.00175654453975899	0.00053715308863026
catm_trx	0.000152830955451657	0.00119973056149682	0.000596836765144733
cprestamos_hipotecarios	0.000152156040024954	0.00117128523774905	0.00035810205908684
ccallcenter_transacciones	0.000131598078187245	0.00137836360022325	0.000656520441659206
mtarjeta_master_descuentos	0.000107490193617728	0.00137222098002621	0.00113398985377499
cprestamos_prendarios	0.000106065132989492	0.00116246504289652	0.00035810205908684
ctarjeta_master	9.6489646735782e-05	0.00103934870163569	0.000596836765144733
Master_Finiciomora	8.73400682038158e-05	0.00095254327672688	0.00053715308863026
ccuenta_debitos_automaticos	8.63418858887621e-05	0.000661659605823148	0.000238734706057893
cinversion2	8.54652674700164e-05	0.000390272568014061	0.000119367353028947
ccajeros_propios_descuentos	5.02514302088544e-05	0.000585544944701782	0.00017905102954342
Master_cadelantosefectivo	4.60944860256726e-05	0.000124879685659438	0.00035810205908684
cinversion1	4.45806617081919e-05	0.000549026524996117	0.00017905102954342
catm_trx_other	2.78984792767712e-05	0.000390744442795275	0.000119367353028947
cforex	2.22285995560486e-05	0.000182289525646539	0.000119367353028947
ccheques_emitidos	1.8007735459475e-05	0.000291517901865419	0.000119367353028947
ccheques_depositados	1.61242789007844e-05	0.000390698427407227	0.000119367353028947
ctarjeta_visa_descuentos	9.10728724456105e-06	7.2612716447904e-05	5.96836765144733e-05
ctarjeta_master_descuentos	6.92198389882297e-06	0.000194867354451408	5.96836765144733e-05
cforex_sell	5.04757182222407e-06	0.00013056128376112	5.96836765144733e-05
