Feature	Gain	Cover	Frequency
ctrx_quarter	0.116603275143199	0.0185259649247928	0.0245194667656142
mpasivos_margen	0.0385942016561678	0.0132174044470659	0.0273461707437427
cpayroll_trx	0.0327890786878569	0.00814788558764656	0.000726001682623243
mrentabilidad_annual	0.0247891046877094	0.0190623479552502	0.0295786098130691
cliente_edad	0.0237354270748484	0.0206909592599656	0.0376177739641753
mcaja_ahorro	0.0230189647717991	0.00802674174285197	0.0213497318238683
numero_de_cliente	0.0220832850649283	0.018258771273995	0.0355695731213177
mcuentas_saldo	0.0204805452702886	0.0121331051199651	0.0231492754799535
mpayroll	0.0184285684266571	0.0147357998500437	0.00150063968027582
cliente_antiguedad	0.0176024418636321	0.0166017826451818	0.0285401761729726
mactivos_margen	0.0175549862264812	0.0178623871295258	0.0206314604164815
mcuenta_corriente	0.0166053323873191	0.019846464676656	0.0283195412339323
Master_Fvencimiento	0.0163398691418912	0.0136847493230207	0.0215342921451385
Visa_Fvencimiento	0.0163392295525225	0.00952525855615316	0.0253069885553275
Master_fechaalta	0.0158461689905334	0.0114119452397702	0.0200159372507791
Visa_fechaalta	0.0146201044065311	0.00875137691510477	0.0184953276928092
mprestamos_personales	0.0142537761576207	0.0136229103881269	0.00494383310851116
Master_mfinanciacion_limite	0.0135966885646693	0.00957885045455924	0.0198288001710968
Visa_mfinanciacion_limite	0.0132475337066285	0.00720738320825574	0.0198590770824395
Visa_msaldopesos	0.0132001857146057	0.00506239908991574	0.00863020811189316
mtarjeta_visa_consumo	0.012888044984284	0.00632088141861236	0.00725808425742332
ctarjeta_visa_transacciones	0.0119702408956719	0.00489725421672824	0.00741172347774776
mrentabilidad	0.0116445902041	0.0115297277384032	0.0203541367923738
chomebanking_transacciones	0.0113243606633945	0.00757743325420638	0.0140613706551022
mcomisiones	0.0112557249708133	0.00489139403474765	0.0162570909170554
active_quarter	0.0111154997536726	0.00360183342506652	0.00687640191762361
Visa_msaldototal	0.00897880737862236	0.00445756167543813	0.0103778945049338
Visa_mpagominimo	0.00843373747343764	0.00564539939739516	0.00913847370868973
cprestamos_personales	0.00709434268855281	0.00794030661548715	0.00245790543038952
Visa_mpagospesos	0.00700926995067735	0.00647701254735115	0.0102374611714717
Visa_mlimitecompra	0.00695277202804795	0.00421255476988345	0.00902026491653235
mcaja_ahorro_dolares	0.00683897754638045	0.00525158469822037	0.00910207699611811
Visa_mconsumospesos	0.00674121810399892	0.00392178142570647	0.0100490357125832
cproductos	0.00641910437261543	0.00928363356711453	0.0134538998594378
mcomisiones_otras	0.0064082894745016	0.00475732524683267	0.0106774426703463
mrentabilidad_annual_delta1	0.00630594196516984	0.010995055340939	0.00927246514612153
ccomisiones_otras	0.00623384780925419	0.0066588123583089	0.0112968309736668
mtransferencias_recibidas	0.0061706887441244	0.0075961961332779	0.00771256002236626
cdescubierto_preacordado	0.00602379917668858	0.00929210768644845	0.00302769113427617
Master_mlimitecompra	0.00587394682966817	0.00490661933287874	0.00899063219479263
cliente_edad_lag1	0.00587128691039867	0.011770119950718	0.00881637890717099
mrentabilidad_annual_lag1	0.00548398152100652	0.0070511573749915	0.00782336063408871
mttarjeta_visa_debitos_automaticos	0.00528517777061705	0.00386834519172476	0.00508426644197333
mcomisiones_mantenimiento	0.00523803980809537	0.0109926820651772	0.0060615020697812
Visa_status	0.00511667439683439	0.0115957438420301	0.00171901995570552
Visa_cconsumos	0.00452815393538931	0.00334318721882702	0.00664320528132404
mactivos_margen_delta1	0.00443517204139908	0.00814405892388684	0.00549397102950517
cliente_antiguedad_lag1	0.00435115772269511	0.00775543552347936	0.00693244641308787
mrentabilidad_delta1	0.00430228498180813	0.00517884780907298	0.00566274870550099
mcuenta_corriente_lag1	0.00423397635986265	0.00916482272410115	0.00658780497546282
ctrx_quarter_delta1	0.00415979479686216	0.00892425647271947	0.00551587347600845
mcuenta_debitos_automaticos	0.00414647190970939	0.00485297970662762	0.00367381330612276
mcuentas_saldo_delta1	0.00409260096479252	0.00517417776077793	0.00482336965274315
Master_Fvencimiento_lag1	0.00404516978318733	0.00569447985880721	0.0047914822673928
chomebanking_transacciones_delta1	0.00404149469764294	0.00359126141848101	0.00370505650187008
ctransferencias_recibidas	0.00389736740665984	0.00261924658494875	0.00466973043241871
ctarjeta_debito	0.00387632324575786	0.00735753021284977	0.00650921384389225
mcuenta_corriente_delta1	0.00386510160559996	0.00909124453056664	0.00579545176372671
ctarjeta_debito_transacciones	0.0038488275568951	0.00352658729935903	0.00357042087483525
Master_status	0.00379312871410249	0.00153025357675793	0.00146134411449053
mactivos_margen_lag1	0.00363262715508423	0.00582147186694829	0.00510552469887357
ctrx_quarter_lag1	0.00354112126474447	0.00435516458856644	0.00667251590826225
mautoservicio	0.00350527451396307	0.00290552808019399	0.00362227813787977
Visa_Fvencimiento_lag1	0.00349455994917475	0.00491261813362476	0.00496863440822811
mcomisiones_delta1	0.00345301765298489	0.00298597630988311	0.0035713871592398
chomebanking_transacciones_lag1	0.00341912665700476	0.00435205586484862	0.00372116124194602
mpasivos_margen_lag1	0.00341145794520834	0.00477172761521916	0.00608888012791029
mtransferencias_emitidas	0.00335985169606268	0.00307958211260076	0.00339198035479387
mrentabilidad_lag1	0.00330767692114707	0.00490750258692143	0.00524499174793119
mcomisiones_lag1	0.0033013935215324	0.0038153986593008	0.00491806552438966
Master_fechaalta_lag1	0.00329435935649932	0.00410398663443757	0.00419786154819376
mcaja_ahorro_lag1	0.0032299952274919	0.00346291633171128	0.00473414939272246
cmobile_app_trx	0.00313602724582259	0.00252746605450339	0.00377978249582243
Master_msaldototal	0.0030573644581476	0.00271288913695144	0.00243729136309232
ccallcenter_transacciones	0.00288007896826725	0.0035595395627531	0.00233647569021695
Master_msaldopesos	0.00284581563880019	0.00374764285838773	0.00215932354938164
Visa_mconsumototal	0.0028211929394967	0.00147824189760864	0.00353337997266059
mcomisiones_otras_lag1	0.00277686287337906	0.00303647618353895	0.00304315168474907
mcaja_ahorro_delta1	0.00269464256895161	0.00325124241445498	0.00301126429939871
mpasivos_margen_delta1	0.00264185824674543	0.00412196402643227	0.00405130841350273
mcuentas_saldo_lag1	0.00263633484259468	0.00679484099252899	0.00507782454594296
Master_mpagominimo	0.00262090457212848	0.00342473295782444	0.00190196980296817
mpagomiscuentas	0.00261116041631136	0.00309667457487783	0.00229331498681344
Visa_mpagado	0.00259773883580488	0.00174504303599563	0.00248753815212924
ccomisiones_mantenimiento	0.00255908847633088	0.0073354553911367	0.00243117156186346
Visa_fechaalta_lag1	0.00246670700340108	0.00293860370793329	0.0037414532144417
thomebanking	0.00243087627430171	0.0111840914097001	0.00206076254011691
Master_mfinanciacion_limite_lag1	0.00242014497055654	0.00255450618999352	0.00286116812189098
ccaja_ahorro	0.0023817096022381	0.00449214379273657	0.00208169870221563
Visa_mfinanciacion_limite_lag1	0.00234481226316545	0.00314035427815421	0.00310402760223611
mextraccion_autoservicio	0.00231465695028788	0.00208410806093984	0.00195189449720357
Master_fultimo_cierre	0.00230246478285701	0.00198891065593213	0.00409962263373054
ctransferencias_emitidas	0.00229441978081552	0.00250902611844146	0.00244502163832877
mtransferencias_recibidas_delta1	0.00226698047469808	0.00401701211308554	0.00238350153123869
ctarjeta_visa_debitos_automaticos	0.00225820206596825	0.00191817868296773	0.00246821246403812
ccuenta_debitos_automaticos	0.00223785944254694	0.00316766708640552	0.00209683715788701
ccomisiones_mantenimiento_delta1	0.00220703054549613	0.00351414651073449	0.000843888379979103
Visa_fultimo_cierre	0.00219135506888635	0.00176555826658832	0.00402650711378579
cpagomiscuentas	0.00204865449282139	0.00116078724350774	0.00159501345712081
Visa_mconsumosdolares	0.00196189654663401	0.00292845859398597	0.00269561139391035
Master_mpagospesos	0.00195679270000401	0.00280188845145825	0.00207525680618525
Visa_mpagospesos_delta1	0.00194410272922151	0.00503318525732815	0.00235580137830807
ccajas_consultas	0.00187445481909375	0.00498753692489867	0.00141850550588854
mprestamos_personales_delta1	0.00181906708085604	0.00394755319082561	0.00116147385427658
mcaja_ahorro_dolares_delta1	0.00181287020422014	0.00392201110873798	0.00203950428321667
ccomisiones_otras_lag1	0.00178280444174734	0.00305536652947022	0.00311046949826649
mtransferencias_recibidas_lag1	0.00176519978299948	0.00179919056510135	0.00185236720353428
mcaja_ahorro_dolares_lag1	0.0017309610816987	0.00193513275760694	0.00192870367149422
internet	0.00171824628987294	0.00745111729423353	0.0024508193447561
Master_mconsumospesos	0.00171533005387194	0.00202402286433272	0.00159114831950258
tcallcenter	0.00170344861637685	0.00114569033674672	0.000948891285274212
Visa_mconsumospesos_lag1	0.00170331650194658	0.00153921664648497	0.00192065130145626
mcomisiones_otras_delta1	0.00169324136331334	0.00216229696076352	0.00214225252490115
Visa_mconsumospesos_delta1	0.00166761431759787	0.00125454749722999	0.00172707232574349
mtarjeta_master_consumo	0.00160682049568106	0.00210956612815254	0.000824240597086459
Visa_mpagominimo_delta1	0.00157865374186876	0.00260019115614426	0.00173190374776627
mttarjeta_visa_debitos_automaticos_delta1	0.0015576470965411	0.00237172992279691	0.00131768983301317
Visa_mpagospesos_lag1	0.00151131200090417	0.00231328243843183	0.00225562989503575
mprestamos_personales_lag1	0.00149122156177331	0.00265751512934841	0.00114182607138394
cproductos_lag1	0.00148508286894127	0.004829551748504	0.00290593929930209
ctarjeta_visa_transacciones_delta1	0.00147648929464005	0.00298831012061084	0.00106323493981337
Visa_mpagominimo_lag1	0.00144877687687841	0.00187663904772608	0.00200858318227087
matm	0.00141544714251257	0.00216313040681296	0.00133089571987544
cpayroll_trx_lag1	0.00139152539546367	0.00208562454676676	0.000484430581484187
mcomisiones_mantenimiento_delta1	0.00136525746067978	0.00302980312586345	0.00101846376240226
ccallcenter_transacciones_delta1	0.00136525220199097	0.00172665146337959	0.00102844870124934
mtransferencias_emitidas_delta1	0.00135813434568401	0.00270077654948891	0.00112378876249889
mautoservicio_delta1	0.00134402436702	0.0022863670540524	0.00122943585739704
Visa_msaldopesos_delta1	0.00129901143052068	0.00169020905798065	0.00127130818159447
Visa_cconsumos_delta1	0.00129710071418127	0.0018495689234326	0.00110446307440776
Visa_msaldototal_delta1	0.00127863436768216	0.0022928103709145	0.00147100695853609
ctransferencias_recibidas_delta1	0.00126653553484922	0.00197583045286062	0.00126937561278536
Visa_cconsumos_lag1	0.00123963917891658	0.00169401584476858	0.00147841513897102
ctarjeta_debito_transacciones_delta1	0.00119327936483828	0.00134161608750662	0.000989153135464055
cextraccion_autoservicio	0.00118055351066265	0.000888023880314087	0.00136149472601972
tmobile_app	0.0011716401884479	0.00352587398186871	0.000519216820048211
tcallcenter_delta1	0.00113479230594248	0.00159775455951529	0.000480565443865962
mtarjeta_visa_consumo_delta1	0.00113248839834554	0.00298447432731176	0.00128483616325826
ctransferencias_recibidas_lag1	0.00113159309801525	0.00104477541325649	0.00101266605597492
Visa_mpagosdolares	0.00112539550011121	0.00119767555178823	0.000993340367883798
ctarjeta_visa_transacciones_lag1	0.00111308845497693	0.00176989312211209	0.00147036276893305
ccaja_seguridad	0.0011047489245399	0.00311362396918357	0.000334978593579491
cseguro_accidentes_personales	0.00109124073062088	0.000567585195824176	0.00110285260040017
Visa_mpagado_delta1	0.00108823647653049	0.00154519961499184	0.000779147324873836
mttarjeta_visa_debitos_automaticos_lag1	0.00108361339303322	0.000871365648975842	0.00104262087251617
ctarjeta_debito_lag1	0.00106235048561011	0.00171468049934101	0.00142784625513258
ccajas_otras	0.00106007435329747	0.00541026031047504	0.000747904129126518
Visa_msaldototal_lag1	0.00104655917573845	0.00126581571786498	0.00187813478765578
Visa_msaldodolares	0.0010344352679981	0.00315478131940974	0.00102200680521897
mextraccion_autoservicio_delta1	0.00103293118352266	0.00406432912885264	0.000706998089333637
cproductos_delta1	0.00100503635136971	0.00203798262340566	0.000618744113717502
mplazo_fijo_dolares	0.00100448737664729	0.00425429207698693	0.0006908933492577
ccajas_transacciones	0.00100103324308425	0.00131347751819787	0.000799761392171035
Visa_msaldopesos_lag1	0.000991547074976771	0.0016697831581972	0.00152801773840491
mcomisiones_mantenimiento_lag1	0.000989313998201038	0.00229938918631972	0.00146037783008597
ccomisiones_otras_delta1	0.000980394573136573	0.00190374950378209	0.00117661230994796
catm_trx	0.000935864058782538	0.00140328970839959	0.000971760016182043
Master_mlimitecompra_lag1	0.000924868167399224	0.00114712066976862	0.0012030240836725
mtransferencias_emitidas_lag1	0.000906968602167353	0.00167470692679196	0.000888981652191726
ctarjeta_visa	0.000905247301308173	0.00101623832221985	0.00176830046033789
ctarjeta_debito_transacciones_lag1	0.000896242806330139	0.00225483414512022	0.000977235627807861
cseguro_vivienda	0.000891598591607029	0.000655411306740588	0.000803948624590779
ctarjeta_master_transacciones	0.000856716612640746	0.000956033228181186	0.000603283563244603
matm_other	0.000856415111601643	0.00166531777337325	0.000839056957956321
Master_mpagado	0.000829417770638073	0.00115978721225583	0.00061423478649624
mpagomiscuentas_delta1	0.000826778696561228	0.00189034237075025	0.000693792202471369
ctarjeta_visa_debitos_automaticos_lag1	0.000825465890063438	0.000912339310558705	0.000665125765136201
Master_cconsumos	0.000824495538666461	0.00100936793937388	0.000862247783665671
thomebanking_delta1	0.000824176403886887	0.00127130303327894	0.000764008869202455
mautoservicio_lag1	0.000816153601134668	0.00139022042610618	0.000927633028373975
Visa_mconsumototal_lag1	0.000803714700321547	0.000537124718858002	0.000842277905971509
internet_lag1	0.000794192958930409	0.0101305317616807	0.000833903441132022
ccajas_consultas_delta1	0.000793779379571899	0.00245650382068853	0.000558834480635016
Visa_mlimitecompra_lag1	0.000789529329566911	0.0018211638062435	0.00145554640806319
mcuenta_debitos_automaticos_lag1	0.000785686842587253	0.000826509795232441	0.000813289373834822
Visa_mpagado_lag1	0.000719003316330307	0.000606360603004319	0.000572362462298804
mcaja_ahorro_adicional	0.000700251602636513	0.00341737980724808	0.000611013838481053
Master_mpagospesos_lag1	0.000698181780121402	0.00163215425937209	0.000536609939330223
cprestamos_personales_lag1	0.000696343525162553	0.00176420692141651	0.00051953891484973
matm_delta1	0.000694411291978775	0.00129500221961637	0.00055786819623046
mtarjeta_visa_consumo_lag1	0.000693156951824265	0.000752327780898109	0.00135344235598175
Master_mconsumototal	0.000681834357538246	0.000816038502489424	0.000634848853793439
ctarjeta_master	0.000676062184035797	0.000229751445274553	0.000899610780641845
mpayroll_lag1	0.000665746330061751	0.00212304808873804	0.000496992278743418
ctransferencias_emitidas_delta1	0.000662702013708698	0.0014346963638918	0.00056302171305476
Master_mpagospesos_delta1	0.000660393657268702	0.00124554669592569	0.000484108486682668
cseguro_vida	0.000647947547135087	0.00092646421028675	0.000679297936403026
mcuenta_debitos_automaticos_delta1	0.000632143853814837	0.00244577146934517	0.000606182416458271
ccomisiones_mantenimiento_lag1	0.000630504557083225	0.000838991320092759	0.000621320872129652
catm_trx_other	0.000615011380046216	0.000984737828930615	0.000640968655022295
mpagomiscuentas_lag1	0.00059761292062875	0.00266858059331483	0.000635815138197996
catm_trx_delta1	0.000589361901460363	0.00144382965908068	0.000403262691501464
cextraccion_autoservicio_delta1	0.000584681837345331	0.00128017752336137	0.000511164450010243
ctarjeta_visa_debitos_automaticos_delta1	0.000579280981107688	0.00101584731213828	0.00049892484755253
ctransferencias_emitidas_lag1	0.000552282235582804	0.000656811997650491	0.000469292125812806
mttarjeta_master_debitos_automaticos	0.000542055350747421	0.00135881278832176	0.000518894725246692
Master_msaldototal_lag1	0.000541313095062003	0.000488941321361476	0.000439659404073082
mplazo_fijo_dolares_delta1	0.000532734539445384	0.00223581280763362	0.000331113455961266
ccajas_otras_delta1	0.00051246534213948	0.00165295279459459	0.000236095489513237
cmobile_app_trx_lag1	0.000512147342045526	0.000582465593825682	0.000814899847842416
Master_mpagado_delta1	0.000500901704853186	0.000313604588673822	0.000248979281573987
active_quarter_lag1	0.000477525105590575	0.000923480295461524	0.00183851712706898
Visa_mconsumototal_delta1	0.000475243123694843	0.000552921075454606	0.000608114985267384
cpagomiscuentas_delta1	0.000474555271537434	0.000562442376066535	0.000422910474394107
thomebanking_lag1	0.000471307814460603	0.000631071376972609	0.000697657340089594
ccallcenter_transacciones_lag1	0.000466839345632499	0.000957242140982514	0.000333046024770379
Visa_madelantopesos	0.000464931738755647	0.00209469867329545	0.000293750458985092
Master_fultimo_cierre_lag1	0.000463430285709381	0.000814008913437391	0.000721492355401981
Master_mfinanciacion_limite_delta1	0.000452851080332896	0.000624122410749817	0.000551748395001604
Visa_status_delta1	0.000448740799680148	0.000833451018681341	0.000214515137811482
Master_mpagominimo_lag1	0.000442614806039154	0.000931487248176636	0.000376528822975409
ccaja_ahorro_lag1	0.000437431933219025	0.000438129136564673	0.00040422897590602
matm_other_delta1	0.000432746070137028	0.00334133172662377	0.000478954969858369
Visa_fultimo_cierre_lag1	0.000427661341859512	0.000819797792559894	0.000577838073924622
Visa_mconsumosdolares_lag1	0.00042182423573783	0.00253203845139636	0.000595875382809672
ctarjeta_master_transacciones_delta1	0.000414526723255369	0.000693231810328592	0.000225466361063119
tmobile_app_delta1	0.000411512378108368	0.000927763898444682	0.000198088302934026
Visa_mconsumosdolares_delta1	0.000407921079498779	0.00131188591590781	0.000476700306247737
mprestamos_prendarios	0.000407364153962433	0.00382157889519624	0.000500857416361643
Master_mconsumospesos_lag1	0.000405139689142323	0.00088377321301092	0.000344319342823535
mforex_sell	0.000399716578256377	0.000535932793933722	0.000275391055298524
ccajas_consultas_lag1	0.000398912648212668	0.00169587428384845	0.00031210986267166
cpagomiscuentas_lag1	0.000397211482191215	0.000839643215428988	0.000421622095188032
cmobile_app_trx_delta1	0.000378262017818923	0.00162421837838748	0.000550782110597048
mextraccion_autoservicio_lag1	0.00036958018671001	0.00176745097033176	0.000473157263431031
Master_mpagominimo_delta1	0.000367264371562149	0.000856018084355527	0.000349150764846316
Master_msaldototal_delta1	0.000362870807282973	0.000361268006899764	0.000374918348967815
ccajas_extracciones_delta1	0.000359745480856533	0.000531572052121113	0.000183271942064164
matm_lag1	0.000355120354885058	0.000383050163316076	0.00028924113176383
internet_delta1	0.000354952033443108	0.00215957271777316	0.000753379740752336
ccajas_extracciones	0.000352150335591822	0.000925675660769508	0.00029954816541243
Visa_msaldodolares_lag1	0.000350382361441366	0.000262271095622857	0.000219346559834263
mttarjeta_master_debitos_automaticos_delta1	0.000341900815993078	0.000466560660079656	0.000215803517017557
Visa_mfinanciacion_limite_delta1	0.000341753723015679	0.000548002796139846	0.000472835168629512
catm_trx_other_delta1	0.000339094962088752	0.000995025086338949	0.000262185168436256
cextraccion_autoservicio_lag1	0.000336102068680519	0.00038315769542215	0.000302124923824579
mtarjeta_visa_descuentos	0.000335884901814399	0.00175658358270044	0.000261540978833218
cliente_edad_delta1	0.00033484031704054	0.000965836966694505	0.00047347935823255
Visa_msaldodolares_delta1	0.000333149549025476	0.00080659451405263	0.000237383868719312
Visa_Finiciomora	0.000332820132043001	0.0013173849032645	0.000398431269478683
Master_cconsumos_delta1	0.000325214407963533	0.000927331574308388	0.000239316437528425
cdescubierto_preacordado_lag1	0.000324922830782242	0.00213307058950477	0.000810390520621153
cseguro_auto	0.000323907676530079	0.000308274844486762	0.000240282721932981
mpayroll_delta1	0.000313117291816837	0.00299793300179369	0.000407127829119689
Master_mconsumospesos_delta1	0.000309725836068155	0.000364443122014617	0.000243825764749687
Visa_mpagosdolares_delta1	0.000308727416561199	0.000870495800332731	0.00022772102467375
mtarjeta_master_descuentos	0.000308353017131314	0.000248625496711513	0.00018939174329302
minversion1_pesos	0.000297292659519742	0.00384604738967997	0.000239960627131462
ccajas_depositos	0.000296147960396841	0.000282847575023946	0.000269271254069668
Master_mpagado_lag1	0.000291462149707727	0.00076538215546268	0.00018939174329302
Master_msaldopesos_delta1	0.000289741919097493	0.000417256871644514	0.000261218884031699
ctarjeta_master_debitos_automaticos	0.00028648216606655	0.000483562635909589	0.000262185168436256
matm_other_lag1	0.000276636678408671	0.00118518998219528	0.000261218884031699
ctarjeta_master_transacciones_lag1	0.000267312430248277	0.000311753661240262	0.000187781269285426
Master_msaldopesos_lag1	0.000265121322931913	0.000585666537447475	0.000344319342823535
catm_trx_lag1	0.000261340249329309	0.000331702629264694	0.000219668654635782
cplazo_fijo	0.000258796682146031	0.00194834857478536	0.000274424770893968
ccajas_transacciones_lag1	0.0002579036892387	0.000470080444196513	0.000127227446599903
tcuentas	0.000257478104246338	0.00172067589095524	0.000695402676478963
ccuenta_debitos_automaticos_lag1	0.000255494256272359	0.000717049622895883	0.000417434862768289
Visa_mpagosdolares_lag1	0.000253698759926936	0.000276415467849422	0.000189713838094539
cseguro_accidentes_personales_lag1	0.000247777173829092	0.000160517756840236	0.000238672247925387
Master_mlimitecompra_delta1	0.000226657639409711	0.00059230862402741	0.000281832951328899
ccajas_transacciones_delta1	0.000225058499609504	0.000414649463645283	0.000219346559834263
mtarjeta_master_consumo_delta1	0.000224621772389905	0.0010266359430471	0.000233518731101088
minversion1_dolares	0.00022453226988338	0.000692908867319003	0.000112411085730041
Visa_mlimitecompra_delta1	0.000222133519533627	0.000394136197637017	0.000288596942160792
Master_cconsumos_lag1	0.000220759791078913	0.000304813593429257	0.000211938379399332
mplazo_fijo_dolares_lag1	0.000219812425336486	0.000174664266996906	0.000168455581194302
mcajeros_propios_descuentos	0.000219784064675781	5.51975416965622e-05	0.000105325000096628
active_quarter_delta1	0.000219634270783355	0.00469396797709136	0.000403584786302983
Visa_delinquency	0.000218234264871068	0.000384949165286042	0.000900254970244882
Visa_Fvencimiento_delta1	0.000216227184377254	0.000956367554224035	0.000183916131667201
cprestamos_personales_delta1	0.000214242437431767	0.000358482457319112	0.00022772102467375
ctarjeta_visa_descuentos_lag1	0.000206676910047462	0.000173479795937045	0.000138822859454578
mtarjeta_visa_descuentos_lag1	0.000203508552332175	0.000307137407889203	0.000162335779965446
mcheques_depositados	0.000197969151947126	0.00054525416918992	0.000139144954256096
cpayroll_trx_delta1	0.000196800464856972	0.000509942266561177	0.000226110550666156
Master_Finiciomora	0.000196030204824547	0.000593301143633012	0.000151384556713808
mcaja_ahorro_adicional_delta1	0.000180989123861998	0.000477049345172984	0.000127549541401422
mcaja_ahorro_adicional_lag1	0.0001800308888701	0.00126255404547183	0.000190680122499095
ccuenta_debitos_automaticos_delta1	0.000180007545326222	0.000230231208346412	0.000184560321270239
ccajeros_propios_descuentos	0.000179108093060173	0.000201629228242005	0.000134957721836353
ctarjeta_master_debitos_automaticos_delta1	0.000176966029866109	0.000195875422729597	8.53551224024665e-05
cplazo_fijo_delta1	0.000175714036186439	0.0013859578557327	0.000142365902271284
Master_msaldodolares	0.000169989924758232	0.000414152192659324	0.000205174388567438
cprestamos_prendarios	0.000169908363360886	0.00112383202379317	0.000213870948208444
mtarjeta_master_consumo_lag1	0.000162334651463064	0.000581897308891113	0.000180373088850495
ctarjeta_debito_delta1	0.000160430457025238	0.000449346451350418	7.6014373158423e-05
Master_mpagosdolares	0.000160136142204382	0.000269937192941017	0.00017908470964442
mcheques_emitidos	0.000155305529632709	0.0015381209284154	0.00013302515302724
Visa_status_lag1	0.000154816970139561	0.00314035450928179	0.000214837232613001
cforex	0.000153879937405001	9.17557997944113e-05	0.000101137767676885
mtarjeta_visa_descuentos_delta1	0.000153729591996545	0.000309548415228281	9.14749236313226e-05
Master_mconsumosdolares	0.000153245409962545	0.000324031909394957	0.00018166146805657
minversion2	0.000153002400901504	0.00141842584906712	0.000182627752461126
Master_delinquency	0.000152223400011818	0.000570254892705915	0.000418401147172845
mforex_sell_delta1	0.000151167599981822	0.0001036981617951	0.000108223853310297
cseguro_vivienda_lag1	0.000145863692211473	0.00054106810204505	0.000202597630155288
tcuentas_lag1	0.000145759587168445	0.00377563310157273	0.000249623471177025
mtarjeta_master_descuentos_lag1	0.000145754478629975	0.000230012214965424	8.31004587918353e-05
mforex_sell_lag1	0.000144691898609146	0.000109437752961407	7.76248471660167e-05
cinversion2	0.000143616401833898	0.0017569155974675	0.000166845107186708
cforex_sell	0.000143525924592761	0.000312861224598251	0.000122396024577122
ccheques_emitidos	0.000138754240926889	0.000382249537382839	9.43737768449912e-05
Master_status_delta1	0.000137693608447178	0.00058454874669412	0.00017135443440797
mpagodeservicios_delta1	0.000137238395533117	0.000159639818731863	5.25014526475549e-05
Master_status_lag1	0.000134369965714864	0.000742264601677498	0.000122073929775603
mttarjeta_master_debitos_automaticos_lag1	0.000134282558701206	0.000323792287877554	0.000127227446599903
ctarjeta_visa_descuentos	0.00013268785511416	0.000331140989248018	0.00012787163620294
ccheques_depositados	0.0001326751458929	0.00111576717361955	0.00014075542826369
tmobile_app_lag1	0.000131106388846224	0.000637011182404121	0.000106935474104222
foto_mes	0.000127215134846889	9.36108875243905e-05	0.000362678746510103
Master_mconsumototal_lag1	0.000127085953653119	0.000380607491498691	0.00014590894508799
tcallcenter_lag1	0.000125223625483513	9.3079583002442e-05	9.92051988677724e-05
ctarjeta_master_descuentos_lag1	0.000123836326492485	0.000722364574917894	0.000102104052081441
ctarjeta_master_delta1	0.000117321521771651	0.000992726638130785	0.000121107645371047
catm_trx_other_lag1	0.000116924529255494	0.000165538714581913	0.000142043807469765
Master_msaldodolares_lag1	0.000116105067713298	0.000244885621357668	9.14749236313226e-05
ccajeros_propios_descuentos_lag1	0.00011524272722757	0.000304405017651693	9.53400612495474e-05
Master_madelantopesos	0.000114871021762592	1.94387538940562e-05	3.80071865792115e-05
ctarjeta_visa_lag1	0.000112651238644507	0.000275011310025836	0.000234485015505644
ccajas_otras_lag1	0.00011096071195313	0.000164622640423025	9.30853976389163e-05
Visa_delinquency_delta1	0.000109239937694706	0.000455311449688027	0.000101459862478404
Visa_Finiciomora_lag1	0.000108044332133966	0.000671619879374124	0.000100815672875366
Master_mconsumototal_delta1	0.000107944732960504	0.000138139002360942	0.000114665749340672
cseguro_vida_lag1	0.000107266748703001	0.000114981925759772	0.000105325000096628
cinversion1	0.00010623990722551	0.000700013324620486	0.000103070336485997
ctarjeta_master_debitos_automaticos_lag1	0.000103561390772937	6.073697637956e-05	9.11528288298038e-05
Master_mpagosdolares_lag1	0.000102085962456425	0.000336329514484382	7.79469419675354e-05
ctarjeta_visa_descuentos_delta1	9.95799081681178e-05	5.48407962785622e-05	5.82991590748922e-05
minversion1_pesos_delta1	9.85055020443037e-05	0.000349193671051536	6.98945719295669e-05
ccajas_depositos_delta1	9.44519381995714e-05	0.000210880687405593	8.85760704176539e-05
mtarjeta_master_descuentos_delta1	9.31497200570664e-05	0.000144784844764034	4.63816514186988e-05
Master_mconsumosdolares_lag1	9.06746883631774e-05	2.48133946133131e-05	3.70409021746553e-05
Visa_delinquency_lag1	9.01886337092701e-05	4.24712527302104e-05	0.000141399617866727
minversion2_delta1	8.8915054090425e-05	7.80398225352988e-05	7.92353211736104e-05
ctarjeta_master_lag1	8.39904420783231e-05	0.000140087350068999	0.000155571789133552
cforex_sell_lag1	8.10776401279029e-05	0.000380041691185595	7.02166667310856e-05
Visa_cadelantosefectivo	8.08149665918263e-05	0.000554628125970313	4.05839449913614e-05
mprestamos_prendarios_delta1	8.06975600293586e-05	0.00019842788014695	6.6029434311342e-05
mprestamos_hipotecarios	7.82507668473284e-05	0.000616708358056425	6.76399083189357e-05
mcajeros_propios_descuentos_lag1	7.80784860391458e-05	0.000180927882166427	9.17970184328413e-05
mcheques_depositados_delta1	7.47696530481755e-05	0.00032230001266452	6.66736239143795e-05
mplazo_fijo_pesos_delta1	7.20055251020217e-05	0.000174655484148908	3.41420489609866e-05
Master_mconsumosdolares_delta1	7.19611758907171e-05	6.97882212779431e-05	4.92805046323674e-05
mcajeros_propios_descuentos_delta1	7.09129848960358e-05	7.23840151163354e-05	4.09060397928802e-05
ccajas_depositos_lag1	7.07441270557132e-05	0.000250486131503385	7.18271407386793e-05
minversion2_lag1	6.73987637909214e-05	4.56810369818953e-05	5.44340214566673e-05
mplazo_fijo_pesos_lag1	6.49347268016318e-05	6.62959991248678e-05	2.89885321366867e-05
ctarjeta_master_descuentos	6.46756042440332e-05	0.000116992793477915	5.76549694718547e-05
cforex_sell_delta1	6.39228455101548e-05	2.33388584419586e-05	4.7347935823255e-05
minversion1_pesos_lag1	6.24084013554811e-05	0.000561274430628564	5.86212538764109e-05
mcheques_emitidos_delta1	6.17172811268658e-05	2.26566853928966e-05	3.89734709837677e-05
ctarjeta_visa_delta1	6.12624931306478e-05	0.000356976314451345	0.000104358715692072
cseguro_auto_lag1	5.93414633083495e-05	2.6745678954638e-05	6.02317278840047e-05
cpagodeservicios_delta1	5.87345681293103e-05	3.41626207427662e-05	3.70409021746553e-05
cinversion1_delta1	5.7385370300174e-05	3.34449118284516e-05	3.15652905488367e-05
ctarjeta_master_descuentos_delta1	5.6472188923556e-05	0.000279060318516431	3.67188073731365e-05
Master_mpagosdolares_delta1	5.62956108891582e-05	2.62417052688919e-05	6.34526758991921e-05
mpagodeservicios	5.19870347899839e-05	5.27432557183387e-05	2.9954816541243e-05
ccajas_extracciones_lag1	5.16107060975156e-05	0.000137924804877215	6.37747707007108e-05
cprestamos_hipotecarios	4.89583208969208e-05	0.00109444415213868	8.4710932799429e-05
ccaja_seguridad_lag1	4.88849955408673e-05	0.000292515757212252	4.44490826095863e-05
mcheques_emitidos_rechazados_delta1	4.71686309265776e-05	6.05494741311942e-05	2.02919724956807e-05
minversion1_dolares_delta1	4.68361644161878e-05	0.000163733319281393	2.7378058129093e-05
mpayroll2	4.56757816448585e-05	3.25593465099759e-05	1.48163608698621e-05
ccheques_depositados_rechazados_lag1	4.54868944412702e-05	8.48257860330868e-05	4.09060397928802e-05
mpagodeservicios_lag1	4.34431303682202e-05	2.08294485361724e-05	2.41571101139056e-05
cseguro_vivienda_delta1	4.32540737406288e-05	2.96762610910368e-05	4.38048930065488e-05
Master_msaldodolares_delta1	3.97249689012651e-05	2.81737007007431e-05	4.63816514186988e-05
mprestamos_prendarios_lag1	3.92432599317826e-05	0.000199286808011959	5.92654434794484e-05
mcheques_depositados_rechazados_lag1	3.87872482784319e-05	5.318840743526e-05	1.83594036865683e-05
cliente_vip	3.86531523965355e-05	0.000124696102336275	3.54304281670616e-05
ccajeros_propios_descuentos_delta1	3.82924962871862e-05	0.000140398794481538	3.89734709837677e-05
tcuentas_delta1	3.66486105127995e-05	0.00213241089361275	0.000117242507752822
cforex_lag1	3.51536633961545e-05	9.04086149190192e-05	5.37898318536298e-05
ccheques_depositados_lag1	3.51447848475897e-05	0.000151662623692532	2.41571101139056e-05
cplazo_fijo_lag1	3.51174856387512e-05	5.29416787448065e-05	6.31305810976733e-05
ccheques_emitidos_rechazados_delta1	3.12086183425565e-05	3.75560936377654e-05	1.61047400759371e-05
ccheques_emitidos_delta1	3.08831290052943e-05	1.35209055825385e-05	2.57675841214993e-05
mforex_buy_delta1	3.07433270560086e-05	2.71232258547371e-05	1.32058868622684e-05
mcheques_emitidos_lag1	2.99390427155035e-05	0.000125675100978512	2.80222477321305e-05
cpagodeservicios_lag1	2.96517600579677e-05	1.29813960315397e-05	2.70559633275743e-05
mforex_buy	2.88528645018316e-05	3.06827061332663e-05	2.38350153123869e-05
cpagodeservicios	2.7197328536483e-05	3.00525945713468e-05	2.41571101139056e-05
Visa_madelantodolares	2.67038881393438e-05	1.3720830938269e-05	7.15050459371606e-05
cprestamos_prendarios_delta1	2.65388706343136e-05	4.64476871610376e-05	2.25466361063119e-05
minversion1_dolares_lag1	2.54464495178279e-05	0.000115431931155849	2.70559633275743e-05
cdescubierto_preacordado_delta1	2.54152917372222e-05	0.000385457010358735	9.56621560510662e-05
Master_madelantodolares	2.2371452741402e-05	1.05872032238248e-05	1.25616972592309e-05
mcheques_depositados_lag1	2.1587726970384e-05	0.000184175686904837	3.18873853503554e-05
cliente_vip_lag1	2.07654448674865e-05	4.13256111036009e-06	3.76850917776927e-05
Visa_madelantopesos_lag1	2.06606040844204e-05	0.000127409020075264	3.7362996976174e-05
mcheques_depositados_rechazados_delta1	1.90698703978488e-05	2.36160959728242e-05	6.76399083189357e-06
ccheques_depositados_delta1	1.89216810342413e-05	0.000167245938443304	2.15803517017557e-05
Master_delinquency_lag1	1.80106542711155e-05	0.000359531603181539	6.24863914946358e-05
ccheques_depositados_rechazados_delta1	1.75696085010128e-05	2.50764177980777e-05	1.35279816637871e-05
cforex_delta1	1.72354183909918e-05	1.21067514911661e-05	4.09060397928802e-05
mcheques_emitidos_rechazados_lag1	1.61033372467545e-05	2.44705746319406e-05	1.64268348774558e-05
ccheques_emitidos_lag1	1.60516849293418e-05	7.95194435133887e-06	1.44942660683434e-05
cinversion2_lag1	1.53658477642046e-05	1.86905361393295e-05	3.41420489609866e-05
cinversion1_lag1	1.4241775296375e-05	2.09986339239119e-05	3.6074617770099e-05
Master_Fvencimiento_delta1	1.37686488689807e-05	4.2233364669649e-05	2.28687309078306e-05
ccheques_emitidos_rechazados_lag1	1.30323309562146e-05	1.59870946310743e-05	1.44942660683434e-05
mprestamos_hipotecarios_delta1	1.24289644186649e-05	1.61409100348184e-05	2.22245413047932e-05
Master_madelantopesos_lag1	1.18492622361231e-05	1.23895938658195e-06	3.8651376182249e-06
cprestamos_prendarios_lag1	1.15211590221941e-05	6.2514983061983e-05	3.76850917776927e-05
Visa_cadelantosefectivo_lag1	1.11738744264304e-05	2.31246609582323e-05	6.76399083189357e-06
cforex_buy_delta1	1.04501754201135e-05	1.30400446546803e-05	1.1273318053156e-05
cseguro_vida_delta1	9.40768297224608e-06	6.61859823973213e-05	2.28687309078306e-05
ccaja_ahorro_delta1	8.5731254403293e-06	7.81708140906286e-06	2.12582569002369e-05
mcheques_emitidos_rechazados	8.44670364176077e-06	4.38876603154769e-06	2.89885321366867e-06
Master_delinquency_delta1	8.43959152056155e-06	1.28637520938902e-05	1.41721712668246e-05
cprestamos_hipotecarios_lag1	7.70002260465974e-06	4.17040825140156e-06	1.57826452744183e-05
cseguro_accidentes_personales_delta1	7.49407011127205e-06	1.3427587822566e-05	1.93256880911245e-05
mprestamos_hipotecarios_lag1	7.47306446356268e-06	6.12233843693113e-06	1.67489296789746e-05
ccuenta_corriente	7.39034142317118e-06	5.80979616839173e-06	7.40818043493105e-06
cforex_buy	6.76097599307702e-06	7.29583093679554e-06	1.96477828926432e-05
ccaja_seguridad_delta1	6.38254140260339e-06	5.5362566787882e-06	2.89885321366867e-06
Visa_Finiciomora_delta1	5.95500293972011e-06	2.88716482070636e-05	1.1273318053156e-05
Master_Finiciomora_lag1	5.86844151205148e-06	0.000573677892149116	2.38350153123869e-05
Master_madelantodolares_lag1	5.6175579324121e-06	6.63451715172743e-07	2.57675841214993e-06
cpayroll2_trx	2.92740531565223e-06	1.78089577715896e-06	4.50932722126238e-06
cinversion2_delta1	2.87011153069634e-06	1.4145007827407e-06	5.79770642733735e-06
mcheques_depositados_rechazados	2.15724967542795e-06	2.19854331219367e-06	2.89885321366867e-06
Master_cadelantosefectivo	1.97881205550685e-06	2.172079204412e-06	6.76399083189357e-06
cseguro_auto_delta1	1.78391319933936e-06	3.26178795693271e-07	1.93256880911245e-06
ccheques_emitidos_rechazados	1.65640679698008e-06	1.22254932848153e-06	6.44189603037483e-07
Master_fultimo_cierre_delta1	1.50830587945981e-06	2.01427684993223e-07	2.89885321366867e-06
mcuenta_corriente_adicional_lag1	1.01472386881144e-06	2.71343777604181e-07	2.89885321366867e-06
Visa_madelantodolares_lag1	9.34914419241513e-07	5.34193616684551e-07	9.01865444252476e-06
mcuenta_corriente_adicional	4.79463376927012e-07	0.000120595783523168	7.40818043493105e-06
Visa_madelantopesos_delta1	3.18650582747081e-07	5.79823978944777e-06	5.4756116258186e-06
Visa_madelantodolares_delta1	1.62480312746821e-07	7.43652985043826e-07	1.61047400759371e-06
Master_Finiciomora_delta1	1.09018182027758e-07	1.37983164590882e-07	9.66284404556224e-07
mforex_buy_lag1	9.07017373117986e-08	1.26137876173323e-06	1.93256880911245e-06
ccheques_depositados_rechazados	5.2056969885491e-08	6.4137903138978e-09	3.22094801518741e-07
cforex_buy_lag1	3.30640569481975e-08	5.99776067191524e-08	1.28837920607497e-06
ccuenta_corriente_lag1	3.21031200019721e-08	6.08847824662532e-07	1.28837920607497e-06
Master_cadelantosefectivo_delta1	1.38896101635476e-08	2.38639225192774e-08	3.22094801518741e-07
cprestamos_hipotecarios_delta1	8.85573643132802e-09	1.39196584379998e-07	1.28837920607497e-06
Master_cadelantosefectivo_lag1	3.08110348321297e-09	1.00540496812452e-08	3.22094801518741e-07
Visa_fultimo_cierre_delta1	2.56002684642945e-09	1.62656033636237e-07	1.61047400759371e-06
cliente_vip_delta1	1.49342210818736e-09	6.53513229280938e-08	3.22094801518741e-07
Visa_cadelantosefectivo_delta1	4.1585772697559e-10	1.34163781349904e-06	2.25466361063119e-06
cpayroll2_trx_delta1	1.91721822931355e-12	1.55664424375141e-07	3.22094801518741e-07
mcuenta_corriente_adicional_delta1	3.34363309031475e-14	1.33476176802738e-08	3.22094801518741e-07
