Feature	Gain	Cover	Frequency
ctrx_quarter	0.0981824250209413	0.0145901886475643	0.0143058556583069
mpasivos_margen	0.0402904877831887	0.0116097868326861	0.0169789758899514
mcaja_ahorro	0.0337004400479244	0.0085068414413584	0.0137934752359985
cpayroll_trx	0.0245857437557694	0.00794628980052762	0.000923256097448443
numero_de_cliente	0.0228487906983472	0.0157434368867815	0.040524191883797
mrentabilidad_annual	0.0211966977743084	0.0184384889465741	0.031155643688226
cliente_edad	0.021064813417692	0.0201829059589789	0.0448563562126976
mcuentas_saldo	0.0192145392805427	0.0119625056336364	0.0196200419909112
mtarjeta_visa_consumo	0.0188975097268638	0.0053499650270739	0.00397082685572776
Visa_Fvencimiento	0.0186946488585623	0.00847154165518592	0.0254786628765086
mpayroll	0.0179566281791768	0.00924168115481595	0.00139775436531121
mprestamos_personales	0.0173428950953313	0.0177442371058185	0.00359054830533211
cliente_antiguedad	0.0172952452041209	0.0133473027732663	0.0320706434186799
mactivos_margen	0.0161339623808291	0.0140408061964547	0.0195253366047973
Master_fechaalta	0.0158545216854752	0.0103740402882368	0.0217351289474541
Visa_msaldototal	0.0158447641601167	0.00385344680249823	0.00611845361160204
mcuenta_corriente	0.0158225486368115	0.0198152066910225	0.0279720857088601
Master_Fvencimiento	0.0157421454352291	0.0131544420395829	0.0238341888386546
Master_mfinanciacion_limite	0.0145643999657572	0.00792439614603343	0.0212955988221564
mrentabilidad	0.0141639346526858	0.0104616865988992	0.0213393090003628
Visa_fechaalta	0.0131355987300603	0.00814141275885402	0.0201290227326923
Visa_mfinanciacion_limite	0.0129685820065778	0.00707391437853359	0.0217254155745193
mcomisiones	0.0121430502178484	0.00505832544038544	0.0167706240405009
chomebanking_transacciones	0.010453054964164	0.00712563689629677	0.0141922091949702
active_quarter	0.00927778543593884	0.00269011933267784	0.00617381983733014
ctarjeta_visa_transacciones	0.00813759363306478	0.00368986482089062	0.00472749860734516
mcomisiones_otras	0.0079203901941402	0.00444065325312691	0.0115317163481409
Visa_mpagominimo	0.00789860336896771	0.00595129789057282	0.00769736238214643
Visa_msaldopesos	0.00780926794251218	0.00348221506770774	0.00562647127245671
mcaja_ahorro_dolares	0.00776123095555312	0.00668890403051424	0.0109435716169415
Master_mlimitecompra	0.00744791796509424	0.00516096047873347	0.0117395825289446
cdescubierto_preacordado	0.00729779681532174	0.0124779937155208	0.00215394044828187
cproductos	0.00708154769622064	0.0102858690489377	0.0123991205512145
mrentabilidad_annual_lag1	0.00676223392316297	0.00611653200809024	0.00847103253639965
Visa_mlimitecompra	0.00667787429822928	0.00425834916725996	0.0109032611192623
mtransferencias_recibidas	0.00665475799604248	0.00654641356638426	0.00749532422510353
Visa_mpagospesos	0.0064143480355049	0.00518440814227738	0.00873863596075215
Visa_mconsumospesos	0.00627578185518782	0.00403776859689357	0.00867695604261645
mrentabilidad_annual_delta1	0.00610433842195758	0.00947574380504775	0.010388938022367
cliente_edad_lag1	0.00591241740458745	0.00878339051877616	0.0102757772276771
mautoservicio	0.00563386917720524	0.00277315242929748	0.00370905145513612
ccomisiones_otras	0.00547392631447072	0.00459985802580331	0.00955553062456502
cprestamos_personales	0.00539323538157878	0.00870806093138615	0.00257550083365023
mcomisiones_mantenimiento	0.00536208171658729	0.00929633406103587	0.00632923380428622
Visa_status	0.00516232688045533	0.0172545224943212	0.00101844715220904
mttarjeta_visa_debitos_automaticos	0.00491163297737914	0.00362806687744331	0.00534915447516946
ctrx_quarter_lag1	0.00482405515101792	0.00382095279368311	0.00376636035545117
Visa_cconsumos	0.00480656097051526	0.00354822650843701	0.00634137552045466
mcuenta_debitos_automaticos	0.00470569593030747	0.00483808846422357	0.00439190157244938
ctrx_quarter_delta1	0.00469774773391739	0.00865662172989914	0.00608591381227061
cliente_antiguedad_lag1	0.00464759241587685	0.006407952711803	0.00790425722565671
mcuentas_saldo_delta1	0.00462037539765404	0.00446642231781826	0.00541374840518558
Master_fechaalta_lag1	0.00416943075139	0.00378027370305303	0.00491788071686635
mcuenta_corriente_lag1	0.00415619238528011	0.00890935902303142	0.007150013817273
chomebanking_transacciones_delta1	0.00412131512148963	0.0033025917976457	0.00400628066693961
ctransferencias_recibidas	0.00396728610776043	0.00228234350305117	0.00456819929121518
mrentabilidad_delta1	0.0038867937356431	0.00541481031017447	0.00610971157596076
ctarjeta_debito	0.0038813569239179	0.00861706534071686	0.0075540901313588
mactivos_margen_lag1	0.00375834859962009	0.00559237807284109	0.00537246657021287
Visa_Fvencimiento_lag1	0.00363570182659788	0.00464377640424055	0.00593681353772213
Master_Fvencimiento_lag1	0.00359063476732875	0.00423406677456381	0.00568912252788588
mtransferencias_emitidas	0.00354326938852818	0.0028739129442293	0.00358569161886473
Visa_mconsumototal	0.00348335013641944	0.00199033649134932	0.00435596209259078
mcuenta_corriente_delta1	0.00346446153008234	0.00943659208903392	0.0065220442570411
mrentabilidad_lag1	0.00344544359104768	0.00460126724766965	0.00549534073783752
Master_msaldototal	0.00339676175223336	0.00298492736558823	0.00263086705937833
ctarjeta_debito_transacciones	0.00338716008468356	0.00358615299044719	0.00340599421957177
mactivos_margen_delta1	0.00338273942548671	0.00766940528945545	0.0064744487296608
mcomisiones_lag1	0.0033672966472707	0.00287453289571327	0.00411798445568929
mcuentas_saldo_lag1	0.0033509306718286	0.00602417000089409	0.0045040910298458
mpasivos_margen_lag1	0.00328551152308891	0.00398774512568709	0.00432390796190609
mextraccion_autoservicio	0.00328385221960569	0.00236226382542256	0.00218502324167309
chomebanking_transacciones_lag1	0.00323973135920135	0.00471138360799979	0.00358714862480494
ccomisiones_mantenimiento	0.00299702941964311	0.00879947321075778	0.00278628102633441
Visa_fechaalta_lag1	0.00299478973156758	0.00286240691904146	0.00461676615588895
Master_msaldopesos	0.00299278534940602	0.00391477959458983	0.00235646427397151
mcaja_ahorro_delta1	0.00293878597993954	0.00281622211052432	0.00330691781563727
Master_mpagominimo	0.00286384790978813	0.00271462361223315	0.00193976057507053
mpagomiscuentas	0.00282214986585333	0.00283508714957222	0.00250313620528631
Master_status	0.00281400391923397	0.00167904985461566	0.000843606439383453
mcomisiones_delta1	0.00274624337123293	0.00291156532187262	0.00358326327563104
mcomisiones_otras_lag1	0.00273704692875071	0.00244182243015915	0.00303494337346413
cmobile_app_trx	0.00270474080025121	0.0026236134026643	0.00410584273952085
mpasivos_margen_delta1	0.0026628962939309	0.00359166221286497	0.00433847802130823
ctarjeta_visa_debitos_automaticos	0.00264473393053128	0.00177227883264666	0.00268866162834013
cpayroll_trx_lag1	0.002579497338126	0.00138927592988717	0.000264689412472068
Visa_mpagado	0.0024995340534626	0.00320862226220932	0.00290138449561126
Visa_fultimo_cierre	0.00248790882624144	0.00174808560522491	0.00449680600014473
thomebanking	0.00242868436042104	0.00692368485921956	0.00249439416964503
Master_fultimo_cierre	0.00240237640551737	0.00222602974965937	0.00465804799086166
ccuenta_debitos_automaticos	0.00239772526299313	0.00252183822596023	0.00231275409576512
ccallcenter_transacciones	0.00239282468935615	0.00496573458733343	0.00241377317428657
Visa_mpagospesos_delta1	0.00233422709472641	0.00438591779017622	0.00265320781712827
Master_mfinanciacion_limite_lag1	0.00231638526968121	0.0022732919510486	0.00349924259974541
cextraccion_autoservicio	0.00225461358357843	0.00173065802454799	0.00155511100685424
ctransferencias_emitidas	0.00223709114214909	0.00310451341850029	0.00249099448911787
mcaja_ahorro_lag1	0.00222587166973471	0.00338015211896702	0.00352109768884861
Visa_mfinanciacion_limite_lag1	0.00220676640527793	0.00308247657889392	0.0037372202366469
mtransferencias_recibidas_delta1	0.00218216011422185	0.00395834887170286	0.00275714090753015
Visa_mconsumosdolares	0.00215499636420793	0.00276336237254322	0.00283436222236145
Master_mconsumospesos	0.00207493553276882	0.00173144909726044	0.00191159179355974
ccomisiones_otras_lag1	0.00206771494810794	0.00255523770538337	0.00256724446665569
ccaja_ahorro	0.00206730772856611	0.00519738136428257	0.00241328750563983
internet	0.00203312878600202	0.00645250976593119	0.00307768221437705
mcaja_ahorro_dolares_delta1	0.00201453333080018	0.00313106739794297	0.00237054866472691
mcomisiones_otras_delta1	0.00199159184502729	0.00251454464669514	0.0024142588429333
ccajas_consultas	0.00198990281823102	0.00797755557145561	0.00162504729198448
mtarjeta_master_consumo	0.00198122456000997	0.00221096677598717	0.00091305705586695
cpagomiscuentas	0.00195947277000234	0.00192870175890402	0.0018659389407664
Visa_mpagominimo_delta1	0.00185019092674069	0.00247781646386682	0.00185865391106533
mprestamos_personales_delta1	0.00181837919328218	0.00401097150314853	0.00112238024261092
mttarjeta_visa_debitos_automaticos_delta1	0.00179829968199182	0.00256473047780331	0.0013705569210939
mprestamos_personales_lag1	0.00177563120388706	0.00232326190306455	0.000838264084269338
Master_mpagospesos	0.00176260596317832	0.00321229225684169	0.00233218084163462
Visa_mconsumospesos_delta1	0.00174911992198298	0.00154687707937184	0.00172655203915266
ccallcenter_transacciones_delta1	0.00170265669587307	0.00236592781228798	0.000895087315937654
ccomisiones_mantenimiento_delta1	0.00169497758263741	0.00336968543746062	0.000670708401144818
tcallcenter	0.00167373411238598	0.00162300269588203	0.000969880287535265
matm	0.00157671093665244	0.00182383668753082	0.00165904409725612
Visa_cconsumos_lag1	0.00156133263817155	0.00247159747384925	0.00145214925374584
Visa_mlimitecompra_lag1	0.00155948235699811	0.0015121374173375	0.00189313638498371
ctransferencias_recibidas_delta1	0.00148844967531106	0.00197469642159735	0.00136084354815915
Visa_mpagominimo_lag1	0.00145943272597382	0.00226325507520237	0.00170663962463642
Visa_msaldopesos_delta1	0.00145818005645328	0.00163575738536461	0.00140941041283292
mcomisiones_mantenimiento_delta1	0.00141318530556196	0.00469659844348406	0.000900429671051769
mcaja_ahorro_dolares_lag1	0.00139776575547361	0.00274223240535716	0.00214714108722755
Visa_mpagospesos_lag1	0.0013862194496489	0.00187162511923969	0.00191353446814669
ctarjeta_visa_transacciones_lag1	0.00137782008570914	0.00162354920241511	0.00102524651326337
cproductos_lag1	0.00137373747329071	0.0041297198730896	0.00282076350025279
mtransferencias_emitidas_delta1	0.00135773112197206	0.00358652807536344	0.00130256331055062
ctarjeta_visa_transacciones_delta1	0.00135722568893174	0.00304478339850009	0.00110052515350772
mtransferencias_recibidas_lag1	0.00129760673230982	0.00177523420340095	0.00179697399292964
Visa_mconsumospesos_lag1	0.00129542117938685	0.00144214958586168	0.00177317622923949
Visa_msaldopesos_lag1	0.00129171477909657	0.00232690255976834	0.00127050917986593
Master_mlimitecompra_lag1	0.00128230199729407	0.00154811017353725	0.00191402013679343
Visa_mpagosdolares	0.00124641371651022	0.00118914264412303	0.000966480607008102
mautoservicio_delta1	0.00122976114984512	0.00208474654629693	0.00124234039835514
mttarjeta_visa_debitos_automaticos_lag1	0.0012271824740386	0.000748276985394496	0.0010320458743177
Visa_msaldototal_lag1	0.00121262573256249	0.00160862635990689	0.00126516682475181
mpayroll_lag1	0.00115996445764556	0.00174896364036389	0.00032442665602081
Visa_msaldototal_delta1	0.00115249166150877	0.002114732062089	0.00147886102931642
ctransferencias_recibidas_lag1	0.00114627693623336	0.00122897604142619	0.00107138503470345
tmobile_app	0.00112975660203774	0.0043320850442737	0.000542006209759317
ctarjeta_debito_transacciones_delta1	0.00112765986997437	0.00193371579113137	0.000992221045285202
ccaja_seguridad	0.00111281663386894	0.0042416074232445	0.000497324694259445
Visa_cconsumos_delta1	0.00109901496435068	0.00194357869205983	0.00110829585185552
ccajas_otras	0.00109187611875583	0.00514303220074643	0.000849434463144306
mtarjeta_visa_consumo_delta1	0.00109022403651613	0.00275653409482801	0.00126953784257245
ctarjeta_debito_lag1	0.00106466166397511	0.00153253393630907	0.00191450580544017
Visa_msaldodolares	0.00104825522965046	0.00287719839171248	0.00121368594819761
cseguro_accidentes_personales	0.00104416488157498	0.000660149452599899	0.00132781808018098
tcallcenter_delta1	0.001023713179146	0.00189174272763084	0.000506552398547462
mcomisiones_mantenimiento_lag1	0.000976972816481056	0.00273242467575514	0.00144340721810456
thomebanking_delta1	0.000953307652730708	0.00222293379715857	0.000958709908660298
ccomisiones_otras_delta1	0.000952497326200958	0.00155240031991249	0.00139046933561015
cproductos_delta1	0.000946478705772788	0.00248963163872869	0.000475469605156247
mtransferencias_emitidas_lag1	0.000941789943971581	0.00142460094868082	0.000891201966763752
ccajas_transacciones	0.000941320221026492	0.00128737318826498	0.000846034782617142
catm_trx	0.000935702018412877	0.00191711027323139	0.00102864619379053
cseguro_vivienda	0.000920495012923151	0.0010231277171617	0.00104175924725245
mplazo_fijo_dolares	0.000919761805149709	0.00574910519236475	0.00101164779115471
mautoservicio_lag1	0.000890000546097973	0.00132510606998536	0.000842635102089978
Master_cconsumos	0.000889647098956331	0.00182070789257073	0.000972308630768954
Visa_mpagado_delta1	0.000883539260418695	0.00143280245172543	0.000809609634111812
Visa_mconsumototal_lag1	0.000857249886705648	0.000826324937132831	0.000907229032106097
mtarjeta_visa_consumo_lag1	0.000846577406337326	0.000847988143699971	0.000767356461845628
matm_other	0.000838851474972341	0.00200893959175843	0.00110683884591531
cextraccion_autoservicio_delta1	0.000826033495092806	0.000977311735470243	0.000540063535172366
Master_mpagado	0.000808950606196009	0.00119048227602226	0.000617770518650405
internet_lag1	0.000800853997222807	0.00893922057856553	0.0010475872710133
mpagomiscuentas_lag1	0.000788936170504426	0.00214194839783733	0.000628940897525373
mcuenta_debitos_automaticos_lag1	0.000779261091651378	0.00112984498308396	0.000908200369399573
Visa_mconsumototal_delta1	0.00077692723061472	0.000733428438937499	0.00086157617931275
mextraccion_autoservicio_delta1	0.000755290524397694	0.00297231095487483	0.000794553906062942
cprestamos_personales_lag1	0.000750980543026505	0.00225683061955529	0.000525007807123496
ctarjeta_master_transacciones	0.000744192353978365	0.00131026803712051	0.000643510956927505
ccajas_consultas_delta1	0.000739608852066265	0.00233658768085995	0.000538606529232153
ctarjeta_debito_transacciones_lag1	0.000724386684067763	0.00183794187295786	0.000878088913301833
Master_mconsumototal	0.000713903411288238	0.00107826329739091	0.00099464938851889
Master_msaldototal_lag1	0.000708793161160186	0.000884132021128192	0.000491011001851855
Master_fultimo_cierre_lag1	0.000683485808792457	0.000717436614430918	0.000920827754214754
Visa_mpagado_lag1	0.000677611823883623	0.000934116191525909	0.000668280057911129
mextraccion_autoservicio_lag1	0.000662307158995775	0.00170420512578415	0.000495382019672494
ctarjeta_visa_debitos_automaticos_delta1	0.000657139585037686	0.00112507051056352	0.000539577866525629
cmobile_app_trx_lag1	0.000656578689644393	0.000550659752426818	0.000982507672350447
ccomisiones_mantenimiento_lag1	0.000652093981991096	0.00106368244701602	0.000536663854645202
Master_mpagospesos_lag1	0.000640661238588131	0.00123326819039041	0.000584259382025501
ctransferencias_emitidas_delta1	0.000639163747049226	0.00144773475646658	0.000683821454606737
mcuenta_debitos_automaticos_delta1	0.000633647141659631	0.00190819489727957	0.00063816860181339
thomebanking_lag1	0.000629058207380933	0.000451579760103613	0.000815923326519402
ctarjeta_master	0.000626573425743261	0.000121759062215977	0.000368136834227207
mpagomiscuentas_delta1	0.000612585982073216	0.00169476987773271	0.000711504567470788
catm_trx_other	0.000612275059239663	0.00166729580878245	0.000737245005747888
mcaja_ahorro_adicional	0.000611220970842964	0.00330990785597211	0.000901886676991982
matm_delta1	0.000605619445653845	0.00161729551754343	0.000671194069791556
ctarjeta_visa_debitos_automaticos_lag1	0.000599305262177073	0.00108119353565348	0.000642053950987292
cseguro_vida	0.000596564830461708	0.00050424820077224	0.000820294344340042
ctarjeta_visa	0.000585947948660645	0.000764115311455639	0.000615827844063454
Master_mpagospesos_delta1	0.000580646983536208	0.00159617025644146	0.000559490281041876
mplazo_fijo_dolares_delta1	0.00057104491223766	0.00186463438149334	0.00034385340189032
ccaja_ahorro_lag1	0.000515890113444639	0.000463610914187149	0.000417675036194456
cpagomiscuentas_delta1	0.00051180397505709	0.000896137792396387	0.000444386811765032
ccallcenter_transacciones_lag1	0.000508175917325881	0.000999693821417046	0.000390477591977143
matm_other_delta1	0.000504546940499309	0.00292575271357735	0.000560947286982089
mttarjeta_master_debitos_automaticos	0.000501646831257698	0.0015264291939929	0.000649338980688358
mpayroll_delta1	0.000498695671892901	0.00182678089385154	0.000391934597917356
catm_trx_delta1	0.000498137260574546	0.00101608836656782	0.00043613044477049
ccajas_otras_delta1	0.000484664120292717	0.00187091705384052	0.000278773803227462
Visa_fultimo_cierre_lag1	0.000482505589362198	0.000565438959240328	0.000750843727856545
internet_delta1	0.000472519350621424	0.00222289629867989	0.000926170109328869
Master_mfinanciacion_limite_delta1	0.000472039664135452	0.000637343969277666	0.000546862896226695
mforex_sell	0.000453776536178966	0.000487889702223132	0.00034579607647727
Master_mpagominimo_delta1	0.000453233909087903	0.00203151412650637	0.00044050146259113
Visa_mconsumosdolares_delta1	0.000442208184110348	0.00152685038852045	0.000500724374786609
ccajas_extracciones	0.000433945871619785	0.000875669380480382	0.000394362941151044
cpagomiscuentas_lag1	0.00042632613021181	0.000983464289598352	0.000447786492292196
active_quarter_lag1	0.000426170173752278	0.000671651973257023	0.00133753145311573
Master_delinquency	0.000420961602469444	0.000389544860315064	0.000219522228325458
Master_msaldototal_delta1	0.000416846653702615	0.000478295298412381	0.000337054040835991
Master_mconsumospesos_lag1	0.000416362840933772	0.000961683430928544	0.00043613044477049
Master_cconsumos_delta1	0.000410880545314659	0.000705332866496799	0.000260804063298166
tmobile_app_delta1	0.000410623959285589	0.000671810778563263	0.000196695801928784
ctransferencias_emitidas_lag1	0.000405633547615939	0.000821125415101056	0.00048761132132469
mprestamos_prendarios	0.000399984240264742	0.00627543138594694	0.000814466320579189
Master_mpagado_delta1	0.000397643119984424	0.000754472044473739	0.000261289731944904
cextraccion_autoservicio_lag1	0.000387385941833583	0.00116300440215293	0.000344824739183795
Visa_mconsumosdolares_lag1	0.000381371289466562	0.00198322684988219	0.000605628802481961
catm_trx_other_delta1	0.000373183602499951	0.00123637445622447	0.000276345459993774
ctarjeta_master_transacciones_delta1	0.000356979262683888	0.000741299464735426	0.000215636879151556
mtarjeta_visa_descuentos	0.000347796704804763	0.00242027827750696	0.000496839025612707
mtarjeta_master_descuentos	0.000346404477929583	0.00122061688456401	0.000263232406531855
Visa_mlimitecompra_delta1	0.000344779924572996	0.000561261508560027	0.00034579607647727
Visa_madelantopesos	0.000343555398658505	0.000512459266179239	0.000177269056059275
tcuentas	0.000342527532166739	0.00222709702945711	0.000856719492845372
Master_mpagominimo_lag1	0.000342084203120672	0.00115689545439989	0.000386592242803241
cmobile_app_trx_delta1	0.000329705570400555	0.00169987582879432	0.000639625607753603
ctarjeta_master_delta1	0.000323132184185132	0.00148381655363638	0.000129673528678976
ccajas_consultas_lag1	0.00032087548435091	0.00125679991260682	0.000312284939852366
mttarjeta_master_debitos_automaticos_delta1	0.000313347834916544	0.000700288044463852	0.000214179873211343
cdescubierto_preacordado_lag1	0.000312854356873225	0.00081732850639198	0.000755214745677185
cplazo_fijo	0.000311501808843874	0.00178338248764337	0.000361337473172878
ccajas_extracciones_delta1	0.000311495949837209	0.000378944455929417	0.000166098677184307
matm_lag1	0.000310320382270054	0.000528225949619566	0.00034579607647727
Master_msaldopesos_delta1	0.000309189191094294	0.000448567215433897	0.000321026975493646
ctarjeta_master_debitos_automaticos	0.000305420073453927	0.000638729410399847	0.000334625697602302
Master_msaldopesos_lag1	0.000304454344064798	0.000802771136372905	0.000360366135879403
Master_mconsumospesos_delta1	0.000303987665245656	0.000703105837355108	0.000287030170222004
Master_mpagado_lag1	0.000300217663443822	0.000867844163905409	0.000183582748466866
Visa_mpagosdolares_lag1	0.00029777136674558	0.000929837560037314	0.000236034962314541
Visa_mpagosdolares_delta1	0.000297230990382218	0.000879567620191926	0.000232149613140639
Visa_Finiciomora	0.000293696552719749	0.0013108676122616	0.000491011001851855
ccuenta_debitos_automaticos_lag1	0.000291840599738497	0.000903460709590055	0.000506066729900725
Visa_msaldodolares_delta1	0.000288886923127572	0.00085584585228117	0.000284116158341578
Visa_mfinanciacion_limite_delta1	0.00028766019520509	0.000514735108427356	0.000438073119357441
ccajas_transacciones_delta1	0.000286119624512625	0.00033894013765668	0.000241377317428657
catm_trx_lag1	0.000273388869803706	0.000969980557597026	0.000273431448113347
cseguro_auto	0.000271851874258923	0.000397370978055079	0.000254490370890575
ccajas_depositos	0.000268652965617206	0.00031230134857063	0.000310342265265416
Visa_msaldodolares_lag1	0.000268407241657428	0.000611104596563992	0.000236034962314541
minversion1_pesos	0.000265845517082871	0.00469645620960164	0.000408933000553177
ccajas_transacciones_lag1	0.000257986809624778	0.000424948180337897	0.000142300913494158
mtarjeta_visa_descuentos_lag1	0.00025668802728071	0.00025032312205026	0.000163670333950618
mtarjeta_master_consumo_delta1	0.000254678487545516	0.00101931163366313	0.000242348654722132
cliente_edad_delta1	0.000248449183181451	0.00102025425229676	0.000560461618335351
Visa_Fvencimiento_delta1	0.000245530464013283	0.000571124409488483	0.000144729256727846
matm_other_lag1	0.000238734388000082	0.000899669308000679	0.000250605021716674
cprestamos_prendarios	0.000230165724158477	0.00227536473077399	0.000405047651379275
cpayroll_trx_delta1	0.00022834618166771	0.000673380507936474	0.000174840712825586
minversion1_dolares	0.000227230874086406	0.00074434254888711	0.000121417161684435
Master_mpagosdolares	0.000220942311741401	0.000463836005188679	0.000204466500276588
Master_cconsumos_lag1	0.000218539164065677	0.000325430021545522	0.000199609813809211
Visa_status_lag1	0.00021621892804461	0.00477038949182425	0.000272460110819872
mcheques_emitidos	0.000215390507741258	0.00172951689928156	0.000226807258026524
Visa_status_delta1	0.000213422348481387	0.000510863352955093	0.000107818439575778
Master_msaldodolares	0.000212414169340424	0.00095590711320535	0.000245262666602558
Visa_delinquency	0.000205382432852447	0.000289689065020395	0.000441472799884605
cinversion2	0.000204267933284472	0.00278661858858049	0.000341910727303369
cprestamos_personales_delta1	0.000202701528293798	0.0006882042222901	0.000200095482455949
ccajeros_propios_descuentos	0.000193416397035027	0.000127205403339731	0.000152014286428912
Master_mlimitecompra_delta1	0.000190945461236737	0.000988298389205712	0.000387563580096716
mtarjeta_master_consumo_lag1	0.000187069151545611	0.000824168499252741	0.000189410772227718
mcaja_ahorro_adicional_delta1	0.000186978809220071	0.00202367794575672	0.000201066819749424
Master_Finiciomora	0.000184776773072743	0.00117577220859334	0.000159784984776716
mtarjeta_master_descuentos_lag1	0.000183743606607019	0.000365627990172778	9.81050666410234e-05
cforex_sell	0.000182419998931011	0.000218766925655217	0.00015687097289629
ctarjeta_visa_descuentos	0.000182221656819286	0.000166667720904604	0.00016318466530388
cseguro_vivienda_lag1	0.000182129803794134	0.000511198636415334	0.000308399590678465
active_quarter_delta1	0.00018175326252996	0.00380030194591088	0.000556090600514712
mplazo_fijo_dolares_lag1	0.000181362570543373	0.000598166570060147	0.000198638476515735
ccuenta_debitos_automaticos_delta1	0.000180346593264583	0.00030755471203704	0.000183097079820128
Master_madelantopesos	0.00017256857377553	2.65590860445827e-05	6.02229121954797e-05
mcajeros_propios_descuentos	0.000167231750230272	0.000451459054052748	0.00016755568312452
Master_mconsumosdolares	0.000166711722316159	0.000724107038069663	0.000211751529977654
tcallcenter_lag1	0.000164487957596123	0.000167932756364268	0.000135501552439829
mforex_sell_lag1	0.000164418194947846	0.000187143992982361	9.37340488203837e-05
ctarjeta_master_transacciones_lag1	0.000162358464117198	0.000333038307669065	0.000140843907553944
cseguro_accidentes_personales_lag1	0.000156670686591744	0.000257248825719432	0.000285573164281791
cinversion1	0.000155819377851921	0.000624854722964593	0.000139872570260469
Master_mconsumototal_delta1	0.0001546203285928	0.000312095382293875	0.000133073209206141
tcuentas_lag1	0.00015057736983418	0.00293634015119934	0.000295286537216546
cforex	0.000145677968429069	0.000107795610024113	0.000129673528678976
ccheques_emitidos	0.00014265575475223	0.000619394463847416	0.000125788179505075
Visa_cadelantosefectivo	0.000137968295290038	0.000227926567398066	4.22531722661833e-05
mcheques_depositados	0.000137339199777193	0.00101600355692445	0.000171441032298422
tmobile_app_lag1	0.000134586888867709	0.000860824038165755	0.000109761114162729
cplazo_fijo_delta1	0.00013312984013772	0.000859012746496641	0.000125788179505075
catm_trx_other_lag1	0.000132761968126226	0.000294450170259377	0.000140358238907207
foto_mes	0.000130443919530931	5.73816339662247e-05	0.000298200549096972
mforex_sell_delta1	0.000129962979010331	0.000178588982917776	0.000102961753108401
Master_status_delta1	0.000129571081694861	0.00102768410774204	0.000129673528678976
ccajeros_propios_descuentos_lag1	0.000129551096558949	0.000107041535143099	7.72213148313006e-05
ctarjeta_master_descuentos_lag1	0.00012892089366505	0.000209872977405499	6.07085808422174e-05
ccajas_otras_lag1	0.000128891352502048	0.000263598885185849	0.000104418759048614
mcaja_ahorro_adicional_lag1	0.000128645187987291	0.00126646340573743	0.000228749932613475
ctarjeta_visa_descuentos_lag1	0.000128034133507583	7.93980972297158e-05	0.000108789776869254
ccheques_depositados	0.000127176932872501	0.00150915155716597	0.000216608216445032
minversion2	0.000126073928391434	0.00169371806793486	0.000305485578798038
Master_status_lag1	0.000125968300832748	0.000971321391049643	0.000117531812510533
cseguro_vida_lag1	0.000121950537084716	0.000139512764508552	0.000134044546499616
mtarjeta_visa_descuentos_delta1	0.00012167010978648	0.000391699495865071	0.000128216522738763
minversion1_pesos_delta1	0.000114493412337932	0.000458227354227968	0.000102961753108401
ctarjeta_debito_delta1	0.000112039613521119	0.00127042282454236	0.000123845504918124
Master_mconsumototal_lag1	0.00011073409637385	0.000489918625249819	0.000185525423053816
ccajas_extracciones_lag1	0.000109917968770782	0.000203303834704497	8.49920131791044e-05
cforex_sell_lag1	0.000109889518049481	0.000134319600696794	6.65366046030703e-05
mttarjeta_master_debitos_automaticos_lag1	0.000108697004778099	0.000361185196452418	0.000121417161684435
Master_mpagosdolares_lag1	0.000108230940327219	0.000527011129078615	8.45063445323667e-05
Master_msaldodolares_lag1	0.000107618673047574	0.000128771828441123	6.16799181356929e-05
ccajas_depositos_delta1	0.000104097648974153	0.000296730318073804	0.000101504747168188
minversion2_delta1	0.0001000241832792	0.000117566842441937	0.000104904427695352
ccajas_depositos_lag1	9.91556000036616e-05	0.000483633800119478	8.9363030999744e-05
ctarjeta_master_debitos_automaticos_delta1	9.89391065965382e-05	0.000461036085404083	0.000118503149804008
mprestamos_hipotecarios	9.87387870129193e-05	0.00111730181706255	0.000143272250787633
mpagodeservicios_delta1	9.60415850733798e-05	4.99068704630281e-05	5.09952079074626e-05
mtarjeta_master_descuentos_delta1	9.44941166992196e-05	0.000192725608991821	5.39092197878891e-05
mcheques_emitidos_delta1	9.15297587085025e-05	8.66025112203991e-05	5.585189437484e-05
mcajeros_propios_descuentos_lag1	8.93380090831635e-05	0.000159021185331512	8.74203564127931e-05
ctarjeta_visa_descuentos_delta1	8.79243765488307e-05	4.00919315406816e-05	6.45939300161193e-05
Visa_Finiciomora_lag1	8.62873099252114e-05	0.000443531004533571	8.88773623530063e-05
minversion2_lag1	8.51760072751318e-05	0.000126431803216146	7.38216343041364e-05
ctarjeta_master_lag1	8.44103633644001e-05	0.000102069056637112	0.000153956961015863
cforex_sell_delta1	8.31032835160753e-05	5.97753285759074e-05	5.29378824944136e-05
mcheques_depositados_delta1	8.08741498798043e-05	0.000583164425028263	8.64490191193176e-05
cpagodeservicios_delta1	8.03943093740368e-05	3.06290978260214e-05	3.01114560977398e-05
mprestamos_prendarios_delta1	8.03571353445919e-05	0.00163308172622633	0.000153956961015863
ctarjeta_master_descuentos	7.94550094780953e-05	0.000159228152902758	6.84792791900213e-05
ctarjeta_master_debitos_automaticos_lag1	7.93980415283133e-05	0.000121644864579302	7.43073029508741e-05
cprestamos_hipotecarios	7.83942480493843e-05	0.00152200902952803	0.000166098677184307
Visa_delinquency_delta1	7.80059329059998e-05	0.000184784041997018	7.8192652124776e-05
mplazo_fijo_pesos_delta1	7.53479212466621e-05	0.000112621298757751	4.75955273802985e-05
cplazo_fijo_lag1	7.47278089345789e-05	0.00015620774807129	6.07085808422174e-05
ccaja_seguridad_lag1	7.34700887430515e-05	0.00018050415889031	5.09952079074626e-05
minversion1_pesos_lag1	7.01894887510606e-05	0.00095716869419902	0.000112675126043156
ctarjeta_master_descuentos_delta1	6.97272837000678e-05	8.634202445862e-05	2.67117755705757e-05
Master_mconsumosdolares_delta1	6.6746254421241e-05	2.23435361089076e-05	3.3511136624904e-05
ctarjeta_visa_lag1	6.62872079299048e-05	0.000273445615208278	0.000166584345831045
mprestamos_prendarios_lag1	6.43563470387965e-05	0.00087166275064021	9.76193979942856e-05
Visa_delinquency_lag1	6.35826091488277e-05	8.50991176072024e-05	7.52786402443496e-05
Master_mconsumosdolares_lag1	6.17019300343394e-05	5.47886817528749e-05	4.12818349727079e-05
ccajeros_propios_descuentos_delta1	6.08684867549878e-05	9.18035852586342e-05	3.15684620379531e-05
cdescubierto_preacordado_delta1	5.80880888952977e-05	0.00110396948078824	9.27627115269082e-05
cforex_delta1	5.76244285312178e-05	2.43914336661959e-05	5.92515749020042e-05
cseguro_auto_lag1	5.44199488717677e-05	8.55028395458889e-05	6.79936105432835e-05
ccheques_depositados_lag1	5.24226779268312e-05	0.000152593525542059	2.57404382771002e-05
tcuentas_delta1	5.20423017897901e-05	0.00318612622894946	0.000230692607200426
mcajeros_propios_descuentos_delta1	5.10609160538295e-05	0.00012174894914162	4.51671841466098e-05
mpagodeservicios_lag1	5.10281908067049e-05	1.5102624934035e-05	2.62261069238379e-05
Master_mpagosdolares_delta1	5.06719520100747e-05	1.05801782369328e-05	3.83678230922814e-05
cforex_lag1	4.7304424328186e-05	6.71417520152005e-05	3.93391603857569e-05
ctarjeta_visa_delta1	4.49499629708841e-05	0.000291875241346861	5.87659062552665e-05
mpagodeservicios	4.23392663587697e-05	0.000158555283004947	5.29378824944136e-05
Master_msaldodolares_delta1	4.19241248682275e-05	6.36509890966838e-05	3.69108171520682e-05
cseguro_vivienda_delta1	3.89597307393009e-05	0.000196398707637111	5.05095392607249e-05
mcheques_depositados_rechazados_lag1	3.85395394609702e-05	4.97938243150179e-05	1.60270653423454e-05
mcheques_emitidos_lag1	3.78677020028789e-05	0.000461139869578053	4.95382019672494e-05
mforex_buy	3.73658209302012e-05	0.000546116979451553	6.45939300161193e-05
Master_cadelantosefectivo	3.73098015177688e-05	4.46857705349772e-06	1.60270653423454e-05
mplazo_fijo_pesos_lag1	3.67548632967845e-05	2.41078670664042e-05	1.79697399292964e-05
ccheques_emitidos_rechazados_delta1	3.57014108110142e-05	2.0231856092556e-05	1.55413966956077e-05
ccheques_depositados_rechazados_lag1	3.34426414297616e-05	3.66686558708441e-05	1.99124145162473e-05
cinversion2_lag1	3.27073787704775e-05	4.59076001373637e-05	3.10827933912153e-05
ccheques_emitidos_delta1	3.13012257728465e-05	1.72035410346106e-05	3.20541306846908e-05
mcheques_depositados_lag1	3.10116040091793e-05	0.000294397351974988	4.12818349727079e-05
cinversion1_delta1	3.09984709912498e-05	1.70941496114918e-05	2.81687815107889e-05
mcheques_emitidos_rechazados_lag1	3.0290521524668e-05	1.7793303489686e-05	1.50557280488699e-05
minversion1_dolares_delta1	2.94263308101716e-05	6.76273798432336e-05	2.08837518097228e-05
Master_madelantodolares	2.9157663307038e-05	5.9841363947575e-06	2.03980831629851e-05
mpayroll2	2.91061723200783e-05	1.65129982890373e-05	2.4283432336887e-05
cliente_vip	2.86251141769522e-05	0.000310007683280578	7.13932910704477e-05
minversion1_dolares_lag1	2.85328789497028e-05	8.06261348579452e-05	2.47691009836247e-05
ccheques_depositados_delta1	2.60089391518925e-05	0.00061292915538511	6.26512554291684e-05
cprestamos_prendarios_delta1	2.54292271484279e-05	3.39174490632249e-05	2.86544501575266e-05
mcheques_emitidos_rechazados_delta1	2.35856485714361e-05	1.77460423897207e-05	9.22770428801705e-06
cinversion1_lag1	2.32182811642829e-05	0.000126294675935633	3.64251485053305e-05
mcheques_depositados_rechazados_delta1	2.29375110838003e-05	2.42357824376026e-05	8.74203564127931e-06
cpagodeservicios	2.24554099584785e-05	3.74105149590705e-05	3.44824739183795e-05
mforex_buy_delta1	2.19889385078549e-05	1.94170527006756e-05	2.13694204564605e-05
cprestamos_prendarios_lag1	2.14341965682111e-05	8.52585737548607e-05	3.59394798585927e-05
Visa_madelantodolares	2.0711785634905e-05	1.1185060238819e-05	4.22531722661833e-05
mprestamos_hipotecarios_lag1	1.8990173039132e-05	7.28827240428696e-06	1.60270653423454e-05
ccheques_emitidos_rechazados_lag1	1.89321115818117e-05	7.34749897341719e-06	1.16560475217057e-05
cpagodeservicios_lag1	1.72172704798604e-05	7.57854767716699e-06	2.03980831629851e-05
cseguro_vida_delta1	1.64331754151519e-05	3.27326673569976e-05	1.45700594021322e-05
Master_Fvencimiento_delta1	1.41706637651754e-05	5.77627266494194e-05	2.08837518097228e-05
Master_delinquency_delta1	1.36724317302336e-05	7.0491632798863e-06	1.65127339890831e-05
ccheques_emitidos_lag1	1.35159338518752e-05	0.000155837719692219	1.89410772227718e-05
cseguro_accidentes_personales_delta1	1.32314605350144e-05	0.000932662011536935	5.73089003150533e-05
mcheques_depositados_rechazados	1.29855396647087e-05	2.05552241483566e-05	5.34235511411513e-06
Visa_Finiciomora_delta1	1.25164234144957e-05	0.000161083401400019	1.84554085760341e-05
ccaja_ahorro_delta1	1.24240068989631e-05	9.1361013093705e-05	2.03980831629851e-05
ccuenta_corriente	1.11834334195324e-05	4.9743809655203e-06	9.22770428801705e-06
ccheques_depositados_rechazados_delta1	1.10330065599298e-05	9.33251523668387e-06	6.31369240759061e-06
Master_delinquency_lag1	1.04067830728475e-05	0.000369179631796335	3.98248290324946e-05
cliente_vip_lag1	1.02173684493064e-05	0.000309158134969867	2.08837518097228e-05
cprestamos_hipotecarios_lag1	9.91416219729624e-06	7.66055369596269e-06	1.21417161684435e-05
Visa_madelantopesos_lag1	9.32908317769971e-06	1.12713718239251e-05	1.26273848151812e-05
mprestamos_hipotecarios_delta1	8.38588647795048e-06	2.10921182543182e-05	2.08837518097228e-05
Master_Finiciomora_lag1	8.16894102840464e-06	0.00108000174488582	5.19665452009381e-05
mcheques_emitidos_rechazados	7.25397760071117e-06	2.93148988068595e-06	3.39968052716418e-06
cforex_buy_delta1	5.90626828780335e-06	1.55015406591657e-05	1.01990415814925e-05
ccaja_seguridad_delta1	5.74171805625227e-06	3.24053942526829e-06	3.39968052716418e-06
cpayroll2_trx	4.50177235609994e-06	2.47580075792741e-06	5.82802376085287e-06
Master_fechaalta_delta1	4.33739545573663e-06	1.12144982968483e-08	4.85668646737739e-07
Visa_madelantodolares_lag1	3.68821155570468e-06	7.99233262548597e-07	5.82802376085287e-06
ccuenta_corriente_lag1	3.26845512451785e-06	6.72369250565501e-08	9.71337293475479e-07
cforex_buy	3.12822336598592e-06	0.000137983887950565	2.37977636901492e-05
cinversion2_delta1	2.57402757021953e-06	1.91372409552243e-06	7.77069834780383e-06
Visa_madelantopesos_delta1	1.91845417340123e-06	1.09301306614639e-06	2.91401188042644e-06
Master_madelantodolares_lag1	1.83070836011392e-06	9.54934555866445e-07	3.88534917390192e-06
mcuenta_corriente_adicional	1.81751438136769e-06	0.00126175762201907	4.56528527933475e-05
mforex_buy_lag1	1.67141346595864e-06	7.67492227190553e-08	1.45700594021322e-06
mplazo_fijo_pesos	1.44131578300647e-06	0.000889784228399253	3.15684620379531e-05
Master_fultimo_cierre_delta1	1.37022366594606e-06	3.86950255965805e-07	3.39968052716418e-06
cseguro_auto_delta1	8.20557634801555e-07	5.49059834024709e-07	3.88534917390192e-06
Visa_cadelantosefectivo_lag1	7.60311303169551e-07	9.01315235884639e-07	1.94267458695096e-06
mcuenta_corriente_adicional_lag1	3.92869744108136e-07	5.66732681787153e-08	1.45700594021322e-06
Master_cadelantosefectivo_delta1	2.91429583451981e-07	1.99257603667215e-08	9.71337293475479e-07
Visa_fultimo_cierre_delta1	2.6593608432883e-07	4.54587698818671e-08	1.94267458695096e-06
Master_madelantopesos_lag1	2.3580054972015e-07	4.73221789292273e-06	2.91401188042644e-06
Master_madelantopesos_delta1	2.1564608865733e-07	2.3280096910868e-08	4.85668646737739e-07
Visa_madelantodolares_delta1	2.04968578752369e-07	1.39179934219813e-08	9.71337293475479e-07
Master_cadelantosefectivo_lag1	1.34092767475909e-07	1.79331843300493e-07	4.85668646737739e-07
Visa_cadelantosefectivo_delta1	1.66936997600835e-08	4.80621355579211e-09	4.85668646737739e-07
Master_madelantodolares_delta1	3.72017846440141e-09	6.75373134037871e-08	4.85668646737739e-07
Visa_fechaalta_delta1	4.07962575857841e-10	4.2555015858576e-09	4.85668646737739e-07
