Feature	Gain	Cover	Frequency
ctrx_quarter	0.175171928155338	0.0155707047267223	0.0110539247521323
mingresos_rank	0.0474234307039715	0.0106845688325706	0.00455416287829588
mpasivos_margen_rank	0.0398106624252158	0.00850307858473457	0.0124312681300602
cpayroll_trx	0.0292118119850021	0.01085380665021	0.0023487898861324
mprestamos_personales_rank	0.0271847554495092	0.00927132013582674	0.00501959128891198
mpayroll_rank	0.0203098626050584	0.0151155049467389	0.00223513876260986
mcuentas_saldo_rank	0.0198142545355516	0.00943173644384174	0.0144932242282548
mcaja_ahorro_rank	0.0188120122678014	0.00697126375164228	0.00980646837251591
cliente_edad	0.0151295461869195	0.0174165786287824	0.0275874572455297
mrentabilidad_annual_rank	0.0149673596337426	0.0149974019917967	0.0209063947698835
numero_de_cliente	0.0142056739425458	0.0151214236233527	0.0250898385071654
mcuenta_corriente_rank	0.013978458057676	0.00962432310047533	0.0174183876693943
Master_fechaalta	0.0136774321912998	0.0104082275551151	0.0200350694895441
Master_Fvencimiento	0.0135564540910291	0.0119904710359664	0.0240507425206737
mactivos_margen_rank	0.0132371969081173	0.00935329554866709	0.0152238385937568
mtarjetas_consumo_rank	0.0127770913309318	0.00527405001807501	0.00306046239771399
Visa_Fvencimiento	0.0127466944258054	0.0117827674911203	0.0236610815257393
diff_comisiones_consumo_rank	0.0113745988336624	0.00461459959215004	0.00402108498939256
cliente_antiguedad	0.0110180229566839	0.0105632110510523	0.0181490020348963
Visa_fechaalta	0.0106969257723271	0.00810431301361162	0.0168826038013595
mtarjeta_visa_consumo_rank	0.00906368743150262	0.00388833155224184	0.0027140970688834
Visa_mpagominimo_rank	0.0086987133085694	0.0055507866300757	0.00609657098324458
mrentabilidad_rank	0.00800871756896389	0.00814429020685892	0.0131402346625103
Visa_msaldopesos_rank	0.00630321534245227	0.00360114794134417	0.00413203013378361
Visa_status	0.00607393953163273	0.00906406012717629	0.000938974758626661
chomebanking_transacciones	0.00598533882003514	0.00797883358592011	0.0103666060527341
Master_mfinanciacion_limite_rank	0.00598401786419882	0.00508232390267231	0.0099552972247478
cproductos	0.00567572798149962	0.00712225926984877	0.00772015846213794
cprestamos_personales	0.00526291507433354	0.00883296035179719	0.00333917824825735
mcaja_ahorro_dolares_rank	0.00520254060776136	0.0084066252593426	0.00864019136684418
mactivos_margen_rank_delta_pct1	0.00513275895919788	0.00470859908898152	0.00740355890375373
mcomisiones_rank	0.00505463483832588	0.0060929116058326	0.00915973936009006
ctarjeta_visa_transacciones	0.005033392350997	0.00545336825903411	0.00490864614452093
mrentabilidad_annual_rank_lag1	0.00498390989712217	0.00473205243239442	0.00465157812702948
Visa_msaldototal_rank	0.00494042214328491	0.00245533759619819	0.00356377451617093
Visa_mfinanciacion_limite_rank	0.00457356160583226	0.00343945489717488	0.00879172619820756
ccomisiones_otras	0.00455490084683145	0.00674306539157828	0.0080962895614149
mcuenta_debitos_automaticos_rank	0.00446119419521575	0.00507859212278987	0.00545795990821319
mcomisiones_otras_rank	0.0042459836941901	0.00423208607836163	0.007216846343681
Visa_cconsumos	0.00399826440171282	0.00558409700848689	0.00762544919253583
mrentabilidad_annual_rank_delta_pct1	0.00397916743358671	0.00399218362845685	0.0063346971468156
cdescubierto_preacordado	0.00395514714219887	0.00762374822895896	0.00156946789626358
mpagomiscuentas_rank	0.00379910663777543	0.00422395215110458	0.00427544702775252
mcuentas_saldo_rank_delta_pct1	0.00362254412148744	0.00866117209976836	0.00666212062172577
mcuenta_corriente_rank_delta_pct1	0.00355216265142092	0.00384170151858652	0.00650246785296792
mttarjeta_visa_debitos_automaticos_rank	0.00353476524240857	0.00643468885164238	0.00599915573451098
mrentabilidad_annual_rank_delta1	0.00348680197143516	0.00344962362267784	0.00579891327878079
diff_visa_compra_rank	0.00348101093732187	0.00551324868337698	0.00628869550158029
ctrx_quarter_delta_pct1	0.00345808543108359	0.00377422528373183	0.00653493960254579
minversiones_rank	0.00343159583598508	0.00790402644710337	0.0029116335454821
diff_comisiones_beneficios_rank	0.00337193477854519	0.00524921361133761	0.00553913928215786
mautoservicio_rank	0.00334317837434129	0.00466588027496636	0.0043295666103823
mpasivos_margen_rank_delta_pct1	0.00319679939348822	0.00347151365289675	0.00651329176949387
Master_mpagominimo_rank	0.00309366930447391	0.00252035635698941	0.00202136641122224
mcuenta_corriente_rank_delta1	0.00308572914670391	0.00473393209423578	0.00527665930640343
cliente_edad_lag1	0.00305660142667516	0.00541088903557583	0.00553102134476339
mtransferencias_recibidas_rank	0.00300438880007782	0.00539631856775414	0.00495735376888773
mcaja_ahorro_rank_delta_pct1	0.00289599189602213	0.00340708951414693	0.00564467246828593
mactivos_margen_rank_delta1	0.00286638971712807	0.00361315784837926	0.0050628869550158
ctarjeta_debito_transacciones	0.00283994168339338	0.00508815711249398	0.00439451010953804
mprestamos_personales_rank_delta_pct1	0.00281989208543736	0.00384756672782322	0.00260315192449236
ccuenta_debitos_automaticos	0.00281136974672384	0.00304020852471465	0.00287374983764125
mrentabilidad_rank_delta_pct1	0.00278718350781065	0.00388051012560123	0.00522524570290514
chomebanking_transacciones_delta_pct1	0.00271550896774207	0.00361233376217815	0.00565279040568039
Master_fultimo_cierre	0.00269735226265329	0.00223548298234046	0.00444592371303633
Visa_mpagospesos_rank	0.0026322218509258	0.00336147799351824	0.00490864614452093
mcomisiones_mantenimiento_rank	0.00258848941638497	0.00482567705000293	0.00439451010953804
ccomisiones_mantenimiento_delta1	0.00247466958811352	0.00333320205472051	0.000722496428107547
mcuentas_saldo_rank_lag1	0.00247297953054132	0.00299088486941401	0.00344471143438542
ccallcenter_transacciones	0.00244764537961292	0.00507928071779694	0.00463804823137204
Visa_mconsumospesos_rank	0.00243519586909424	0.00521061340557651	0.0048193488331818
thomebanking	0.00243517694075482	0.00386204707071016	0.00094168073775815
mcuentas_saldo_rank_delta1	0.00239237806414297	0.00344859883128496	0.00435662640169719
mpasivos_margen_rank_lag1	0.00236654321284421	0.00351175109455113	0.00326611681170715
ctarjeta_debito	0.00236020471221898	0.00273006796639298	0.00370448543100836
mactivos_margen_rank_lag1	0.00235967874789757	0.00288481754255567	0.00337435597696671
ccomisiones_otras_delta_pct1	0.0023481826531031	0.00460702849004729	0.00462181235658311
mcomisiones_otras_rank_lag1	0.00231751911619731	0.00121154342199306	0.00192936312075161
ctrx_quarter_delta1	0.0023032500140321	0.0056192222397976	0.00390743386587003
Master_Fvencimiento_delta_pct1	0.00229902756454432	0.00336170178689554	0.003912845824133
mcuenta_corriente_rank_lag1	0.00229375548307881	0.00269063901628808	0.00370448543100836
Master_mlimitecompra_rank	0.00228879228478765	0.00266236834321688	0.0036206000779322
Visa_fultimo_cierre	0.00228518709261552	0.00265651488060089	0.00387225613716067
mcaja_ahorro_rank_delta1	0.0022698370172661	0.00448778651795218	0.00398590726068321
Visa_mconsumosdolares_rank	0.002234761289079	0.00344963111621174	0.00356106853703944
mrentabilidad_rank_lag1	0.0022093328805782	0.00412752576192906	0.0036449538901156
mcaja_ahorro_dolares_rank_delta_pct1	0.00216640962640834	0.00613907562269049	0.00422944538251721
mpasivos_margen_rank_delta1	0.00213581726559849	0.00493487525633607	0.00356648049530242
cliente_antiguedad_delta_pct1	0.0020199833659553	0.00332035003649736	0.00343929947612244
Visa_mpagospesos_rank_delta_pct1	0.00200469570544429	0.00285057837099671	0.00402108498939256
Visa_Fvencimiento_lag1	0.00197447695435209	0.00273259652776454	0.00375589903450665
mtransferencias_emitidas_rank	0.0019588252697551	0.00440878563301443	0.00376401697190111
ccaja_seguridad	0.0019477273327277	0.00370756604660023	0.000730614365502013
ctrx_quarter_lag1	0.00194385588195192	0.00342114252307359	0.00300634281508421
Master_msaldopesos_rank	0.00191302923338328	0.00497684066640232	0.00288186777503572
chomebanking_transacciones_lag1	0.00190356235576647	0.004183604736777	0.00274386283932978
Visa_Fvencimiento_delta_pct1	0.00188784503820202	0.00408093866419771	0.00380460665887345
Visa_mlimitecompra_rank	0.00187457171698579	0.00201831206625882	0.00338247391436117
internet	0.00187443987422	0.000616256278826992	0.00112298133956791
mrentabilidad_rank_delta1	0.00186387992188031	0.00184155803158928	0.00343929947612244
Master_mfinanciacion_limite_rank_delta_pct1	0.00186349015654233	0.00161782743795351	0.00327964670736459
ctarjeta_visa_debitos_automaticos	0.00185842108246275	0.00420262798395912	0.00355565657877646
Visa_mpagominimo_rank_delta_pct1	0.00184836207074651	0.00422997593972085	0.00307669827250292
ctransferencias_recibidas	0.00184105868536583	0.00406387953300929	0.00372342728492878
chomebanking_transacciones_delta1	0.00184036792034952	0.0038379824979645	0.00375589903450665
cliente_antiguedad_lag1	0.00182676774251281	0.00205662853037141	0.00307399229337143
ccaja_ahorro	0.00181458411554222	0.00590976963730482	0.00177782828938823
mtarjeta_master_consumo_rank	0.00181160926388476	0.00341678736218181	0.00144499285621509
Master_cconsumos	0.0017814427191851	0.0036040224204428	0.00346094730917435
Master_msaldototal_rank	0.0017748817208381	0.00308925552684479	0.00271950902714638
ctransferencias_emitidas	0.00177069757594712	0.00405395080311909	0.00329047062389055
Visa_mpagado_rank	0.00176923821593084	0.00367872505484082	0.00356377451617093
Master_fechaalta_lag1	0.00174981207364854	0.00242842061989972	0.00306046239771399
Master_Fvencimiento_lag1	0.00174087673470405	0.00233979661973815	0.00333106031086288
ccomisiones_mantenimiento	0.00173044983261231	0.00492961864356886	0.00149099450145041
mcaja_ahorro_rank_lag1	0.00170682870741871	0.00222880037032477	0.00250303069662727
tcallcenter	0.00167472393842446	0.000748906613405382	0.000262479975754427
diff_comisiones_consumo_rank_delta_pct1	0.00165946901074483	0.00224434236469026	0.00318223145863099
mcomisiones_rank_delta_pct1	0.00163308990101944	0.00252346333816691	0.00337706195609819
mcomisiones_mantenimiento_rank_delta_pct1	0.00161653190831242	0.00148411079375387	0.00197265878685544
mcomisiones_rank_lag1	0.00158831674361626	0.00102824530442103	0.0023974975104992
mcuenta_debitos_automaticos_rank_delta_pct1	0.00153666958793275	0.00206113740997213	0.00304963848118803
mingresos_rank_delta1	0.00152742890108672	0.00507758657155161	0.00282774819240594
diff_comisiones_beneficios_rank_delta_pct1	0.00152469417840266	0.00160997239167431	0.00219725505476902
ccomisiones_otras_lag1	0.00148556366668919	0.00405163226322469	0.00206736805645755
cpagomiscuentas	0.00145550063310054	0.00220967241619599	0.00293869333679699
cproductos_delta_pct1	0.00145097294488859	0.00298231753235839	0.00111756938130493
Visa_mpagospesos_rank_delta1	0.00144387213403168	0.00147473192722962	0.00249761873836429
mextraccion_autoservicio_rank	0.00144233399950805	0.00266396487099357	0.00285751396285232
mcomisiones_otras_rank_delta_pct1	0.00143715873811142	0.00171082097849083	0.00257068017491449
Visa_msaldodolares_rank	0.00143511451156565	0.00460712772873948	0.00294951725332294
mttarjeta_visa_debitos_automaticos_rank_delta_pct1	0.00142608856599413	0.00215995686932516	0.00316870156297355
diff_visa_compra_rank_delta_pct1	0.00141753505718622	0.00152762250466688	0.00269786119409447
Visa_fechaalta_lag1	0.00141617096097306	0.00103435881291616	0.00257879811230896
diff_visa_compra_rank_delta1	0.00136951941312652	0.00288106226943181	0.00234337792786942
mingresos_rank_delta_pct1	0.00136942845649167	0.00276683833218676	0.00269515521496298
mcaja_ahorro_dolares_rank_delta1	0.00133687085104866	0.00292216167001269	0.00281692427587998
mttarjeta_visa_debitos_automaticos_rank_delta1	0.00133642378025864	0.00313515058659404	0.00257879811230896
Master_fechaalta_delta_pct1	0.00132579803297762	0.00167172275651727	0.00219996103390051
Visa_mfinanciacion_limite_rank_delta_pct1	0.00131802534177805	0.0014551276273783	0.00263291769493874
Visa_mlimitecompra_rank_delta_pct1	0.00129195238710429	0.00123189099939613	0.00214042949300775
mtransferencias_recibidas_rank_delta_pct1	0.00127696861005895	0.00277320155763593	0.00263832965320171
mcomisiones_rank_delta1	0.00126113967305029	0.00146770238484714	0.00241914534355111
mtransferencias_recibidas_rank_delta1	0.00126019592959553	0.00162814218610355	0.00262750573667576
Visa_mconsumospesos_rank_delta_pct1	0.00125952257353847	0.00155414515905984	0.00248408884270685
diff_master_compra_rank	0.00123903520221911	0.00227976024887897	0.002446205134866
Visa_mfinanciacion_limite_rank_delta1	0.0012317692954033	0.00147831869710469	0.00234608390700091
ctarjeta_debito_transacciones_delta_pct1	0.00122191122786111	0.00326786816044959	0.00253009048794216
Visa_mconsumospesos_rank_delta1	0.00119528162414699	0.00417219633773338	0.0018590076633329
Visa_cconsumos_delta_pct1	0.001159949617657	0.00185956803147129	0.00223784474174135
tmobile_app	0.00115519882513443	0.00427841576307711	0.000671082824609257
mtarjetas_consumo_rank_delta_pct1	0.00115402524162807	0.00168072451601118	0.00211607568082435
Master_mfinanciacion_limite_rank_delta1	0.0011310179487241	0.00142646263240158	0.00223513876260986
ccajas_transacciones	0.00112236172343198	0.000861616654274589	0.000370719141013985
mtransferencias_emitidas_rank_delta1	0.00110983798366335	0.00144932803719521	0.00211607568082435
Visa_mfinanciacion_limite_rank_lag1	0.00110211748253797	0.00111022294506876	0.00167500108239165
Master_mlimitecompra_rank_delta1	0.00108326592593658	0.00178101959395877	0.00179677014330865
ctransferencias_recibidas_delta_pct1	0.00107950126362482	0.00155172940575268	0.00243267523920856
ctarjeta_visa_transacciones_delta_pct1	0.00106881754640876	0.00152391502813763	0.00202677836948521
Master_mpagospesos_rank	0.00106792574948844	0.00123394098723777	0.00182112395549206
Master_mlimitecompra_rank_delta_pct1	0.00106222156814068	0.00120259411723645	0.00178865220591419
Master_mfinanciacion_limite_rank_lag1	0.00105206407804736	0.00145577571679672	0.00179947612244014
Visa_mlimitecompra_rank_delta1	0.00103009948559046	0.00134938839578803	0.00184006580941248
Visa_fechaalta_delta_pct1	0.00102961117837614	0.00110035639125714	0.00175888643546781
mpagomiscuentas_rank_delta_pct1	0.001024993723486	0.0013324331614345	0.00177241633112525
Visa_msaldopesos_rank_delta_pct1	0.00102036209944009	0.0020808032783182	0.00190500930856821
mtransferencias_emitidas_rank_delta_pct1	0.00101989989393568	0.0019034608999735	0.00207548599385202
mautoservicio_rank_delta_pct1	0.00101917195339361	0.00130716212973087	0.00224325670000433
Visa_mpagominimo_rank_delta1	0.000998389172924585	0.00137862188670147	0.00196995280772395
mautoservicio_rank_delta1	0.000996577629122642	0.00171859035545003	0.00212689959735031
mcomisiones_otras_rank_delta1	0.00097723415576189	0.00125130755584405	0.00177512231025674
tcallcenter_delta1	0.000968326012859076	0.00144844805328176	0.000478958306273542
mplazo_fijo_dolares_rank	0.000965667158069134	0.000988818784651443	0.00132322379529809
diff_comisiones_consumo_rank_delta1	0.000965237245441024	0.00131084185993189	0.00198618868251288
ccajas_otras	0.000951572816630428	0.00631641597575575	0.000763086115079881
Visa_msaldototal_rank_delta_pct1	0.000925607631946673	0.00220819031670724	0.00192665714162012
cextraccion_autoservicio	0.000912450510204992	0.00137948323804414	0.00188065549638481
cproductos_lag1	0.00088284903540752	0.00138898989970059	0.00163441139541932
tcuentas	0.000881199931214227	0.00037357008234215	0.000519547993245876
ctransferencias_emitidas_delta_pct1	0.000878838783508534	0.00132098324416251	0.0018346538511495
ccajas_consultas	0.000876578821175173	0.00382233721434796	0.00143958089795212
Visa_mpagominimo_rank_lag1	0.00086989083077841	0.000759795933330442	0.0013205178161666
cmobile_app_trx	0.000867072069487771	0.00302334584563118	0.000592609429796077
Visa_cconsumos_lag1	0.000840075574455857	0.00224379452660375	0.00167770706152314
mcuenta_debitos_automaticos_rank_delta1	0.000831219013130563	0.00143041739554955	0.00174535653981037
mtarjeta_visa_consumo_rank_delta_pct1	0.000827273301687499	0.0030061248946161	0.00153970212581721
mingresos_rank_lag1	0.000820210287640922	0.00192095263084872	0.00129345802485171
ctarjeta_master	0.000811884061193012	6.70792800859098e-05	5.14136034982898e-05
diff_comisiones_beneficios_rank_delta1	0.000808912451851887	0.00151332099395384	0.00149099450145041
matm_rank	0.000806919817244837	0.00119229212834683	0.00206466207732606
mcaja_ahorro_adicional_rank	0.00080358691503544	0.00199426835389132	0.00178865220591419
Master_mconsumospesos_rank	0.000787695303963678	0.00184441914384366	0.00137193141966489
matm_other_rank	0.000786315393538692	0.00237334618365032	0.00192665714162012
mcaja_ahorro_dolares_rank_lag1	0.000780070085578463	0.00114297657416393	0.00142334502316318
minversiones_rank_delta_pct1	0.000772129022717174	0.00270147871686704	0.00120416071351258
Master_status	0.000762415824708428	0.0022478789076354	0.000516842014114387
ctarjeta_visa_debitos_automaticos_delta_pct1	0.000754912313202131	0.00111872020745602	0.00186171364246439
Visa_mpagado_rank_delta_pct1	0.000747165243406474	0.0011164952354714	0.00161276356236741
catm_trx	0.000745327549796869	0.00170281909945278	0.00161817552063038
mpagomiscuentas_rank_delta1	0.00074154721220926	0.000991385623804273	0.00160464562497294
Visa_mconsumosdolares_rank_delta_pct1	0.000722792097100365	0.00104389382848467	0.00153699614668572
cliente_edad_delta_pct1	0.00071639447989552	0.00142100146641167	0.00155864397973763
mttarjeta_master_debitos_automaticos_rank	0.000713526951146895	0.00113044455009112	0.00154511408408018
mcomisiones_mantenimiento_rank_delta1	0.000704030016827524	0.00156866418478394	0.00133675369095554
cpagomiscuentas_delta_pct1	0.000703529111251576	0.00126057482947157	0.00153429016755423
ctransferencias_recibidas_delta1	0.000700832914461861	0.00240723295658802	0.00153970212581721
Visa_mconsumototal_rank	0.000695254654775392	0.00174480374967363	0.0012474563796164
cpayroll_trx_lag1	0.000688754144262321	0.00202732253445429	0.000462722431484608
ctarjeta_visa_transacciones_delta1	0.000673327607912925	0.00472559179100455	0.00114192319348833
mbeneficios_rank	0.000645620916328411	0.00125676183588389	0.00149099450145041
mprestamos_personales_rank_delta1	0.00064502009976978	0.000941376208887774	0.00120416071351258
Master_msaldototal_rank_delta_pct1	0.000643786807848778	0.00119213253632755	0.00115545308914578
Visa_msaldototal_rank_delta1	0.000642925044919583	0.00325317050507954	0.00120145473438109
Visa_cconsumos_delta1	0.000639570638148178	0.00144254436373584	0.00144769883534658
ctarjeta_debito_transacciones_delta1	0.00063483888186847	0.000987405139607514	0.00151264233450232
Visa_mpagosdolares_rank	0.00062773246089586	0.00221887022273898	0.00131510585790362
Visa_mpagado_rank_delta1	0.000626231809534382	0.000882701028335227	0.00143958089795212
Visa_msaldototal_rank_lag1	0.000623953851515587	0.000865769894806946	0.000679200762003723
internet_delta_pct1	0.000623569670217378	0.00183330663812513	0.0010769796943326
mprestamos_personales_rank_lag1	0.000614264070252946	0.000611097284528425	0.000719790448976058
ctarjeta_master_transacciones	0.000610528658827507	0.00222529218129169	0.00109862752738451
mtarjeta_visa_consumo_rank_delta1	0.000607783545623044	0.00144747470398647	0.00108509763172706
internet_lag1	0.000596286745664895	0.00268506787762499	0.000598021388059055
diff_comisiones_beneficios_rank_lag1	0.000596266977860358	0.000689795592718947	0.000838853530761571
matm_rank_delta1	0.000590626529774524	0.00109438769024143	0.00125557431701087
Visa_msaldopesos_rank_delta1	0.000589551307048243	0.00222049469937183	0.00104721392388622
ccallcenter_transacciones_delta1	0.000581078823190402	0.00123805250701382	0.00151264233450232
mpagomiscuentas_rank_lag1	0.000580471989800159	0.00137870654338175	0.000838853530761571
cprestamos_personales_delta_pct1	0.000578110508111051	0.000601131086968727	0.00079014590639477
ccuenta_debitos_automaticos_delta_pct1	0.000576782313256886	0.00162682048874586	0.000971446508204529
ccajas_consultas_delta1	0.000571198628220318	0.00520852291214622	0.000833441572498593
thomebanking_delta1	0.000571032957494954	0.0019720542789632	0.000971446508204529
mpayroll_rank_delta_pct1	0.00056646990399842	0.000924474846967152	0.000928150842100706
mextraccion_autoservicio_rank_delta1	0.00056388693847396	0.00229707983100242	0.001223102567433
Visa_mconsumosdolares_rank_delta1	0.000560430689054464	0.000613343927002967	0.00105533186128069
mtransferencias_emitidas_rank_lag1	0.00055701632064343	0.00151907866085267	0.00100933021604537
diff_master_compra_rank_delta_pct1	0.000548402287973353	0.000596096647355263	0.00108780361085855
catm_trx_other	0.000544063099917915	0.00157815120122989	0.00133675369095554
Visa_mpagospesos_rank_lag1	0.000532244070871168	0.00156772729051843	0.00106886175693813
mtarjetas_consumo_rank_delta1	0.000525408334517061	0.00107405793529737	0.00100121227865091
mcuenta_debitos_automaticos_rank_lag1	0.000513421968080011	0.000501890369493721	0.000876737238602416
Visa_Finiciomora	0.000509823731839566	0.00114953382138274	0.00119333679698662
Visa_msaldopesos_rank_lag1	0.000507000134395412	0.00152705157839484	0.000782027969000303
cextraccion_autoservicio_delta1	0.000504122010690914	0.00129846821271071	0.000838853530761571
cextraccion_autoservicio_delta_pct1	0.000502290447759325	0.000808673622100024	0.00103368402822877
diff_visa_compra_rank_lag1	0.000501117474239634	0.000831116756131968	0.00106344979867515
cpayroll_trx_delta_pct1	0.000496816224178836	0.00185867690852096	0.000657552928951812
ctransferencias_emitidas_delta1	0.000496292692992163	0.00122376476820092	0.00099309434125644
mtransferencias_recibidas_rank_lag1	0.000483877430390034	0.000444646453916166	0.000990388362124951
ctarjeta_debito_transacciones_lag1	0.000481673873985421	0.00223758501986352	0.000955210633415595
Master_mpagospesos_rank_delta_pct1	0.000475565528937946	0.000611533124662313	0.00102015413257133
Visa_mconsumospesos_rank_lag1	0.00046853141027829	0.00111698434045437	0.000979564445598995
ccomisiones_otras_delta1	0.000467386414138058	0.00125045228033968	0.00104450794475473
ctarjeta_visa_debitos_automaticos_lag1	0.000462126512929594	0.000749674801894153	0.000727908386370524
mttarjeta_visa_debitos_automaticos_rank_lag1	0.000459594923815392	0.000777106199168499	0.00104721392388622
catm_trx_delta1	0.000453476627825196	0.00159683906213798	0.000876737238602416
ctarjeta_debito_lag1	0.000451385954490459	0.000680535812625327	0.000773910031605836
active_quarter	0.000449412702236318	0.00028457525351648	0.000338247391436117
ctarjeta_visa_transacciones_lag1	0.000441081540152746	0.000695566423934091	0.00101744815343984
Master_mpagominimo_rank_delta_pct1	0.000438272963964278	0.000738005546859613	0.000903797029917305
Visa_mconsumosdolares_rank_lag1	0.000437340053309921	0.00201440449212163	0.000595315408927566
mextraccion_autoservicio_rank_delta_pct1	0.000433452718416776	0.000698791883958391	0.00091732692557475
Master_mpagospesos_rank_delta1	0.000429229528673697	0.000470977314346857	0.000852383426419016
catm_trx_delta_pct1	0.000429121716095845	0.000608723251977575	0.000849677447287527
mtarjeta_master_consumo_rank_delta_pct1	0.0004199202538628	0.000299875632045661	0.000684612720266701
mextraccion_autoservicio_rank_lag1	0.000419871747814808	0.00120095586870345	0.000633199116768411
ctarjeta_master_debitos_automaticos	0.000414313349360071	0.000777206653028354	0.000890267134259861
cmobile_app_trx_delta1	0.000413799334989774	0.000435362167941412	0.000725202407239035
Master_mpagado_rank	0.000408798418960582	0.00389671539898088	0.000963328570810062
Master_msaldopesos_rank_delta_pct1	0.000407793948597699	0.000650601169972334	0.000782027969000303
Visa_msaldodolares_rank_delta_pct1	0.000403217273526908	0.000679041156404096	0.000754968177685414
diff_comisiones_consumo_rank_lag1	0.000392565614249734	0.000798034019128999	0.000782027969000303
cseguro_vivienda	0.000389757694356174	0.000674356685076578	0.000581785513270122
cmobile_app_trx_delta_pct1	0.000387555013442623	0.000857386858179682	0.000335541412304628
mautoservicio_rank_lag1	0.000386895157875527	0.000490031548304294	0.000695436636792657
matm_rank_delta_pct1	0.000386020474540074	0.000542666332949223	0.000890267134259861
diff_master_compra_rank_delta1	0.000371192042612521	0.000606412813200907	0.000809087760315192
matm_other_rank_delta1	0.000362831227708964	0.00104611029429566	0.000998506299519418
ccomisiones_mantenimiento_delta_pct1	0.000361173731446621	0.000715094370750804	0.000376131099276962
ccomisiones_mantenimiento_lag1	0.000359507028091043	0.000223690290575063	0.000186712560072737
internet_delta1	0.000357747563269289	0.000895527528037533	0.000649434991557345
mprestamos_prendarios_rank	0.000355052699819544	0.00415524677416226	0.000595315408927566
mtarjetas_consumo_rank_lag1	0.000353159927502378	0.000484684608074385	0.000598021388059055
ctarjeta_visa_debitos_automaticos_delta1	0.000351355822533016	0.000729326211851366	0.00094168073775815
mplazo_fijo_dolares_rank_delta_pct1	0.000347572440735855	0.00507564655638315	0.000800969822920726
ctransferencias_recibidas_lag1	0.000334605142306213	0.000582345202536105	0.000765792094211369
mcomisiones_mantenimiento_rank_lag1	0.000334359370946484	0.000289397038789525	0.000368013161882496
Master_cconsumos_delta1	0.000328738166238586	0.00126143861114956	0.000771204052474347
Visa_mlimitecompra_rank_lag1	0.00032715840411806	0.000457759125602293	0.000533077888903321
Visa_mconsumototal_rank_delta_pct1	0.000321943037076511	0.00030681727730077	0.000660258908083301
cinversion2	0.000318228065979106	0.00385676595206181	0.000565549638481188
mttarjeta_master_debitos_automaticos_rank_delta_pct1	0.000311112579232864	0.000601221616959363	0.000773910031605836
mtarjeta_master_descuentos_rank	0.000307726837965277	0.00108142266142594	0.000598021388059055
cpagomiscuentas_delta1	0.00030363224712786	0.000530236990543642	0.000817205697709659
ctarjeta_master_transacciones_delta_pct1	0.000299080197229873	0.000426423394637853	0.000644023033294367
Master_cconsumos_lag1	0.000298801043816922	0.000393538932491332	0.000633199116768411
ctarjeta_visa	0.000298501914352697	0.00029344881282231	0.000151534831363381
mforex_sell_rank	0.000289244575773845	0.000677301238843581	0.000760380135948392
ccajas_extracciones_delta1	0.000287832892635705	0.000808579041550524	0.000419426765380785
minversiones_rank_delta1	0.000287396508295348	0.000737619528599767	0.00068731869939819
cplazo_fijo	0.000283617997290513	0.000374899475761685	0.000489782222799498
Master_mlimitecompra_rank_lag1	0.000283486499584487	0.000318060008486812	0.000392366974065896
mtarjeta_visa_consumo_rank_lag1	0.000274693244725536	0.00081736591889664	0.000481664285405031
Visa_msaldodolares_rank_delta1	0.000271622957014453	0.00049401810833935	0.000584491492401611
ctarjeta_master_transacciones_delta1	0.000271061320906491	0.00058121226122153	0.000400484911460363
mtarjeta_visa_descuentos_rank	0.000268553176205294	0.00078084364983335	0.000733320344633502
Master_fultimo_cierre_lag1	0.000251041167318084	0.000182971034943673	0.000400484911460363
Visa_mconsumototal_rank_delta1	0.000250135673299955	0.000767989606330761	0.000427544702775252
mpayroll_rank_delta1	0.00024853248759206	0.000753198990634756	0.000589903450664589
ccallcenter_transacciones_delta_pct1	0.000247885328145668	0.000610481802108869	0.0005871974715331
matm_other_rank_lag1	0.000247277454780465	0.000392759199909796	0.000503312118456943
tcuentas_lag1	0.000245730772571976	4.85094929687422e-05	0.000108239165259558
cpagomiscuentas_lag1	0.000242122181349322	0.000305823472683211	0.000468134389747586
mtarjeta_master_consumo_rank_delta1	0.000240844603716615	0.000207660001338386	0.000395072953197385
matm_other_rank_delta_pct1	0.000239597441378991	0.000472264581954194	0.00056013768021821
minversiones_rank_lag1	0.000235408134596685	0.000719361634515214	0.000416720786249296
ccajas_extracciones	0.00023480020372469	0.00177848900730779	0.000576373555007144
mplazo_fijo_dolares_rank_delta1	0.000234676051000853	0.00166641773957161	0.000606139325453522
cseguro_vida	0.000228465570161765	0.00108265443637682	0.000240832142702515
ccajas_consultas_delta_pct1	0.000227302065921026	0.000535101104156828	0.000327423474910162
ccheques_depositados	0.000224567020615732	0.00246559826938738	0.000549313763692255
ccuenta_debitos_automaticos_lag1	0.000224145514349769	0.000217594604538936	0.000414014807117808
ctransferencias_emitidas_lag1	0.000223451125459597	0.000257273676653761	0.000451898514958653
Master_mpagominimo_rank_delta1	0.000223300549718133	0.000338043440647908	0.000495194181062476
Visa_mpagado_rank_lag1	0.000222401633590349	0.000493065619422216	0.000538489847166299
ctarjeta_visa_descuentos	0.000220989520208805	0.000671428536072979	0.000568255617612677
Master_mconsumototal_rank	0.000216197448884179	0.00027865110864829	0.00038154305753994
Master_cconsumos_delta_pct1	0.000213859170334267	0.000400894949918343	0.000487076243668009
matm_rank_lag1	0.000206605323843878	0.000238958264633323	0.000368013161882496
tmobile_app_lag1	0.000199363870542483	0.00221750417176171	0.000173182664415292
ccaja_ahorro_lag1	0.000198956018795819	0.00026147370114101	0.000316599558384206
Visa_mpagosdolares_rank_delta1	0.000198211484781143	0.000525648314933285	0.0005871974715331
Master_mpagominimo_rank_lag1	0.000197702837088959	0.000396657255233649	0.000311187600121228
mcajeros_propios_descuentos_rank	0.000195840390179822	0.000669039516454328	0.000538489847166299
Visa_fultimo_cierre_delta_pct1	0.000195701718828891	0.000607251278885988	0.000343659349699095
cprestamos_personales_lag1	0.000194677965562901	0.000790263427002143	0.000397778932328874
active_quarter_delta_pct1	0.000193768835506095	0.000215697525294454	0.000322011516647184
cextraccion_autoservicio_lag1	0.000193170988142564	0.000238737306647231	0.000343659349699095
Visa_madelantopesos_rank	0.000190862436576621	0.0020072848248044	0.000186712560072737
ctarjeta_master_debitos_automaticos_delta_pct1	0.000188672556376443	0.000450985578540087	0.000414014807117808
mcaja_ahorro_adicional_rank_delta_pct1	0.000184906861114792	0.000616715409674354	0.000598021388059055
mttarjeta_master_debitos_automaticos_rank_delta1	0.000184298674403986	0.000342935705645207	0.000468134389747586
Visa_fultimo_cierre_lag1	0.000181632900127983	0.000254294895664348	0.000349071307962073
cseguro_accidentes_personales	0.000181034972738704	0.000567038545640683	0.000286833787937827
tmobile_app_delta1	0.000179942990622791	0.000502430106462499	0.000262479975754427
Visa_mpagosdolares_rank_delta_pct1	0.000177287228648895	0.000329789211792556	0.000478958306273542
mpayroll_rank_lag1	0.000173751786197439	0.000337226645452756	0.00028142182967485
Master_mpagado_rank_delta_pct1	0.000172803929022795	0.00194444951776942	0.000489782222799498
Master_mconsumospesos_rank_delta1	0.000170745490024327	0.000328610904218691	0.000400484911460363
Master_mconsumospesos_rank_delta_pct1	0.000167854759816678	0.00037677690979567	0.000449192535827164
catm_trx_other_delta_pct1	0.000167423332009865	0.000250347220994397	0.000384249036671429
Visa_mpagosdolares_rank_lag1	0.00016263270435832	0.0011675543527178	0.000349071307962073
catm_trx_other_delta1	0.000161326383266555	0.000369318818285258	0.000481664285405031
ccajeros_propios_descuentos_lag1	0.000159945968277404	0.00244975815388942	0.000278715850543361
minversion1_pesos_rank	0.000158469830003123	0.000547458954198439	0.000457310473221631
minversion2_rank	0.000157648342808496	0.000600997823582064	0.00033012945404165
active_quarter_delta1	0.000157252169412165	9.39535229883575e-05	0.00012718101917998
mcheques_depositados_rank	0.000152981555743546	0.0011969510811535	0.000441074598432697
cpayroll_trx_delta1	0.000152714767208899	0.0010999474873397	0.000370719141013985
ccallcenter_transacciones_lag1	0.000152698286607642	0.000511243920025069	0.000373425120145473
Master_msaldototal_rank_delta1	0.000149070843707201	0.000145909636495435	0.000297657704463783
Master_msaldopesos_rank_delta1	0.000148083679735084	0.000368786777378324	0.000340953370567606
ccajas_transacciones_lag1	0.000147885000326445	0.000278981431723741	8.38853530761571e-05
cdescubierto_preacordado_lag1	0.000144081029049006	0.000438423580331674	0.000224596267913582
catm_trx_lag1	0.000142794474339136	0.00025627906192443	0.00028142182967485
minversion1_dolares_rank	0.000141572865823974	0.0014927712936634	0.000335541412304628
diff_master_compra_rank_lag1	0.000139688781502369	0.000199348457075092	0.000259773996622938
ccheques_emitidos	0.00013645889926499	0.000526470983438792	0.000284127808806339
mcheques_emitidos_rank	0.000134774028028094	0.00112609789537295	0.000286833787937827
Master_fultimo_cierre_delta_pct1	0.00013432173647448	0.000397100993957324	0.000265185954885916
mplazo_fijo_dolares_rank_lag1	0.000130972187770216	0.000107573729700285	0.000224596267913582
Master_mpagado_rank_delta1	0.000129733543403665	0.000463812078242394	0.00038154305753994
Visa_msaldodolares_rank_lag1	0.000129156563398257	0.000606879842638056	0.000313893579252717
Master_msaldopesos_rank_lag1	0.00012908333996321	0.000251377480641741	0.000362601203619518
ccajas_consultas_lag1	0.000126919380587672	0.000638417493961923	0.000194830497467204
mbeneficios_rank_lag1	0.000126340665784908	0.000176746136079748	0.000197536476598692
Master_msaldototal_rank_lag1	0.000126329359376848	0.000192293396171759	0.000303069662726761
ccajas_depositos	0.000124254340911361	0.000302294220744028	0.000286833787937827
thomebanking_lag1	0.000123843715814695	5.03618135377641e-05	5.68255617612677e-05
Master_mpagospesos_rank_lag1	0.000120991754990656	0.000138002540534824	0.00028142182967485
Master_mconsumospesos_rank_lag1	0.000119009408518888	0.000171612660302032	0.000170476685283803
Visa_Fvencimiento_delta1	0.000116897565465437	0.000861243192747225	9.47092696021128e-05
ccajas_transacciones_delta_pct1	0.000116041950561412	0.000529389208573172	0.000148828852231892
cprestamos_prendarios	0.000115656418124274	0.000269131687731416	0.00025436203835996
cseguro_accidentes_personales_delta_pct1	0.000115650722177254	0.000160673923558817	0.000186712560072737
mttarjeta_master_debitos_automaticos_rank_lag1	0.000114861771566122	0.000136124498917008	0.000205654413993159
Visa_delinquency_lag1	0.000109994589707426	2.53028285907223e-05	6.76494782872235e-05
mtarjeta_visa_descuentos_rank_lag1	0.000107197027968719	0.000323225483679563	0.000246244100965493
mforex_sell_rank_delta1	0.000105763320749102	0.000406232776390806	0.000386955015802918
minversion2_rank_delta_pct1	0.000105123289439448	0.000312461123495492	0.000292245746200805
thomebanking_delta_pct1	0.000103062379297903	0.000159142407251913	0.00012718101917998
Master_Finiciomora	0.00010057653605735	0.000310031193232304	0.000194830497467204
minversion1_dolares_rank_delta_pct1	9.433901808025e-05	0.00163654912102812	0.000167770706152314
Visa_mconsumototal_rank_lag1	9.31060381594523e-05	0.000177094686670092	0.000208360393124648
Master_msaldodolares_rank	9.30054401292663e-05	0.000295818592286352	0.000278715850543361
mtarjeta_master_descuentos_rank_lag1	9.25525248096747e-05	0.000883792046365548	0.000159652768757847
Master_mpagosdolares_rank	9.12283115395174e-05	0.000626573052256467	0.000238126163571027
ctarjeta_master_descuentos_lag1	9.09934650751795e-05	0.0015946175331284	0.000162358747889336
mtarjeta_master_consumo_rank_lag1	9.09336153714276e-05	0.000275432737102005	0.000162358747889336
Visa_delinquency_delta1	9.07128512458616e-05	0.000993607355341794	0.00020294843486167
ccajeros_propios_descuentos	8.3912438475751e-05	0.000772089582014041	0.000189418539204226
cseguro_auto	7.78112743384174e-05	0.000384152977489064	0.000216478330519115
mbeneficios_rank_delta1	7.69124230325902e-05	0.000118835093457107	0.00017859462267827
catm_trx_other_lag1	7.59134898541947e-05	0.000172254268826268	0.000184006580941248
cprestamos_hipotecarios	7.57291254203846e-05	0.0014256962666643	0.000224596267913582
active_quarter_lag1	7.54248467296438e-05	5.27909336891798e-05	0.000100121227865091
Visa_Finiciomora_lag1	7.42992434566579e-05	0.000155630572715849	0.000159652768757847
ccajas_otras_delta1	7.40318383593476e-05	0.000327573151037446	0.00023000822617656
ctarjeta_debito_delta_pct1	7.32597131101718e-05	0.000372118159516946	0.000205654413993159
cseguro_vida_lag1	7.31435741351418e-05	7.01795778412768e-05	0.00012718101917998
mcaja_ahorro_adicional_rank_delta1	7.29865550409906e-05	0.000316924029253088	0.000235420184439538
Master_mconsumosdolares_rank	7.28256332258952e-05	0.000168672967205667	0.000175888643546781
cseguro_vivienda_lag1	7.27031732325231e-05	0.000132502084123926	0.000175888643546781
mforex_sell_rank_delta_pct1	7.2578131403904e-05	0.000196568963581842	0.000200242455730181
mforex_sell_rank_lag1	7.0630723024603e-05	8.96368424057933e-05	9.74152487336018e-05
Master_mpagado_rank_lag1	6.89931102018464e-05	0.000396333818108269	0.000121769060917002
cforex	6.8161649050265e-05	0.000238966568278997	0.000181300601809759
cproductos_delta1	6.80726517797346e-05	0.000135463852766106	0.000146122873100403
minversion1_pesos_rank_delta_pct1	6.21078466406374e-05	0.000341012095240159	0.000175888643546781
ctarjeta_master_descuentos	6.12448394707401e-05	0.000170284887106044	0.000167770706152314
ccuenta_debitos_automaticos_delta1	6.06868392218225e-05	0.000220077394595314	0.000235420184439538
ctarjeta_visa_descuentos_lag1	5.85679938099687e-05	0.000340924198112786	0.000124475040048491
ccaja_seguridad_lag1	5.78848744890605e-05	2.79788303049674e-05	5.95315408927566e-05
ccajas_extracciones_delta_pct1	5.76235397446183e-05	0.000526504198021486	0.000181300601809759
mprestamos_hipotecarios_rank	5.74870600491908e-05	0.000419101199377366	0.000211066372256137
ctarjeta_master_transacciones_lag1	5.55609785414092e-05	8.51555066053618e-05	0.000156946789626358
Master_mconsumototal_rank_delta1	5.38494837706924e-05	6.22392672979714e-05	0.000110945144391046
cliente_edad_delta1	5.38424032973784e-05	9.22338582221685e-05	5.14136034982898e-05
mplazo_fijo_pesos_rank_delta_pct1	5.32993563890417e-05	0.00108639492496083	0.000105533186128069
Visa_cadelantosefectivo	5.32531272286062e-05	0.000493062986558954	5.95315408927566e-05
ctarjeta_master_debitos_automaticos_lag1	5.3138157527765e-05	9.1918117158632e-05	0.000108239165259558
mtarjeta_visa_descuentos_rank_delta1	5.2724800344926e-05	0.000112326047888793	0.000121769060917002
minversion2_rank_delta1	5.08724377782362e-05	0.00026962018513055	0.000186712560072737
mprestamos_prendarios_rank_delta_pct1	5.0694154278973e-05	0.000100397759614829	0.000129886998311469
cmobile_app_trx_lag1	5.01926407715592e-05	3.27088704197177e-05	5.14136034982898e-05
cprestamos_prendarios_delta_pct1	4.84270943704492e-05	4.87944497849038e-05	6.22375200242456e-05
ccajas_depositos_delta_pct1	4.66080919862811e-05	0.000185639138068131	0.000151534831363381
ccajas_depositos_delta1	4.62271894804969e-05	0.000179660918239093	0.000100121227865091
mcheques_depositados_rank_delta_pct1	4.56086116240886e-05	0.000312192368914791	8.9297311339135e-05
mplazo_fijo_pesos_rank_delta1	4.45727397914519e-05	0.000947052864609304	8.38853530761571e-05
mcajeros_propios_descuentos_rank_lag1	4.45670336847618e-05	0.000167609492975628	0.000121769060917002
mcaja_ahorro_adicional_rank_lag1	4.36255595585389e-05	0.000126131972724687	0.000143416893968914
Master_msaldodolares_rank_lag1	4.35535917607706e-05	0.00072098469345247	0.000146122873100403
ccheques_emitidos_delta_pct1	4.221844893756e-05	0.00016514229757088	0.000116357102654024
cseguro_vivienda_delta_pct1	4.21598372890724e-05	8.23988987697007e-05	0.000105533186128069
mcheques_depositados_rank_delta1	4.20780231566818e-05	0.000141764092024922	0.000151534831363381
cplazo_fijo_delta_pct1	4.04253000453192e-05	0.000111230371715777	0.000100121227865091
cplazo_fijo_lag1	4.03578161847645e-05	5.76447183772596e-05	9.74152487336018e-05
ccajas_transacciones_delta1	4.00190886646201e-05	4.991685964643e-05	6.76494782872235e-05
minversion1_pesos_rank_delta1	3.88899658052399e-05	0.000171743290825432	0.000140710914837425
cinversion1	3.85731175270594e-05	0.000108859174556133	0.000100121227865091
mpagodeservicios_rank_delta1	3.85000653182261e-05	0.000895443276413139	9.47092696021128e-05
mprestamos_prendarios_rank_delta1	3.8332329736971e-05	0.000157938176101311	0.000108239165259558
mcheques_emitidos_rank_delta_pct1	3.76941810959008e-05	0.000142094415100373	0.00010282720699658
Master_mconsumototal_rank_delta_pct1	3.55044342544938e-05	5.0213158027414e-05	9.74152487336018e-05
Visa_delinquency	3.35917775458459e-05	4.04616400875677e-05	7.30614365502013e-05
ccajas_otras_delta_pct1	3.35491407618019e-05	0.000106985386025126	6.49434991557345e-05
Master_delinquency	3.31064670708146e-05	5.69844772822442e-05	4.6001645235312e-05
ctarjeta_visa_lag1	3.24679868931945e-05	7.49193392973033e-05	1.62358747889336e-05
cforex_sell	3.22530391693812e-05	6.02289749332096e-05	7.84733948131792e-05
cseguro_accidentes_personales_lag1	3.20503715610551e-05	6.97222697454041e-06	2.97657704463783e-05
ccajeros_propios_descuentos_delta1	3.18026206174613e-05	0.000404375595151146	5.95315408927566e-05
Master_msaldodolares_rank_delta_pct1	3.11016726986638e-05	0.0001056602456924	0.000105533186128069
tmobile_app_delta_pct1	3.05672080324188e-05	0.00045706789773196	3.78837078408451e-05
cforex_sell_lag1	3.03147689464436e-05	0.000854956927916494	9.47092696021128e-05
tcallcenter_delta_pct1	2.99655905913272e-05	6.68698661925828e-05	7.84733948131792e-05
ctarjeta_visa_descuentos_delta1	2.9677490566537e-05	8.17696444500034e-05	6.49434991557345e-05
ctarjeta_master_debitos_automaticos_delta1	2.92978795812464e-05	0.000139804431645975	9.74152487336018e-05
ccajas_otras_lag1	2.86230847073632e-05	9.35170752706402e-05	4.05896869723341e-05
cseguro_vida_delta_pct1	2.81046158959217e-05	5.9902904944567e-05	7.57674156816903e-05
cprestamos_personales_delta1	2.75551952548161e-05	3.34847549703324e-05	9.20032904706239e-05
mcajeros_propios_descuentos_rank_delta1	2.57690011571575e-05	8.46005800408396e-05	7.03554574187124e-05
cinversion2_lag1	2.49401418010619e-05	2.34539509967358e-05	4.05896869723341e-05
mprestamos_hipotecarios_rank_delta_pct1	2.48340829955711e-05	0.000113938170317113	9.20032904706239e-05
ctarjeta_master_descuentos_delta1	2.46864997011485e-05	0.000341393860413197	3.78837078408451e-05
minversion2_rank_lag1	2.46434423602491e-05	6.60816274374294e-05	7.57674156816903e-05
Master_mconsumosdolares_rank_lag1	2.46277807522893e-05	8.04574659056461e-05	3.24717495778673e-05
ccajas_extracciones_lag1	2.41223682068737e-05	5.8562575016097e-05	6.22375200242456e-05
mpagodeservicios_rank	2.40643627834681e-05	0.000231734497953259	4.87076243668009e-05
Master_mconsumototal_rank_lag1	2.38221037979735e-05	6.45934521103823e-05	4.05896869723341e-05
cseguro_accidentes_personales_delta1	2.26054115407082e-05	1.50022573967083e-05	3.24717495778673e-05
Master_mpagosdolares_rank_delta1	2.2582245231625e-05	0.000251697879847973	7.57674156816903e-05
mcheques_emitidos_rank_delta1	2.21408767987033e-05	9.40132687316181e-05	7.03554574187124e-05
minversion1_dolares_rank_delta1	2.10932048399299e-05	0.000434066394160458	5.14136034982898e-05
minversion1_pesos_rank_lag1	2.09954157749452e-05	6.6546834123089e-05	7.03554574187124e-05
cdescubierto_preacordado_delta_pct1	2.0617471877176e-05	3.33557446704782e-05	7.03554574187124e-05
cforex_delta_pct1	2.01269112276719e-05	6.88420833040123e-05	7.84733948131792e-05
mtarjeta_master_descuentos_rank_delta1	1.9825883778034e-05	0.000111797855012781	3.78837078408451e-05
mprestamos_prendarios_rank_lag1	1.91746582999658e-05	4.89959650884438e-05	5.41195826297788e-05
cforex_delta1	1.90879002248402e-05	5.67507600357264e-05	6.22375200242456e-05
ccheques_depositados_lag1	1.8820863266151e-05	2.66577405311068e-05	2.97657704463783e-05
cforex_sell_delta_pct1	1.81755443621469e-05	4.1173120752227e-05	4.05896869723341e-05
cprestamos_prendarios_lag1	1.59231329045071e-05	1.71723443086993e-05	2.97657704463783e-05
cinversion2_delta_pct1	1.5310477653262e-05	4.60050324224352e-05	4.05896869723341e-05
ccheques_depositados_delta1	1.42309585478604e-05	3.43454987291716e-05	2.70597913148894e-05
cforex_lag1	1.41478499854733e-05	0.000138517164038638	2.97657704463783e-05
cseguro_auto_lag1	1.39535929690499e-05	3.57751434806176e-05	3.51777287093562e-05
ccheques_emitidos_rechazados_delta_pct1	1.32834374155645e-05	5.32778108647679e-05	2.43538121834004e-05
mpayroll2_rank	1.28206490882857e-05	0.000312697676133216	2.70597913148894e-05
cforex_sell_delta1	1.26784501252544e-05	6.61691195089161e-05	5.68255617612677e-05
cinversion1_lag1	1.25623469816706e-05	3.66658613750587e-05	3.51777287093562e-05
mcheques_depositados_rank_lag1	1.18083622193601e-05	2.98088728002311e-05	3.24717495778673e-05
ccheques_emitidos_lag1	1.16621540113117e-05	2.13808749695646e-05	2.43538121834004e-05
ctarjeta_debito_delta1	1.1434782995961e-05	4.77485954859284e-05	3.24717495778673e-05
Master_mpagosdolares_rank_lag1	1.11277067486779e-05	8.92445457797059e-05	4.6001645235312e-05
Master_msaldodolares_rank_delta1	1.10787906229556e-05	3.97266661814907e-05	4.87076243668009e-05
Master_mconsumosdolares_rank_delta1	1.08662484447228e-05	5.40393159314114e-05	3.51777287093562e-05
cpagodeservicios_delta_pct1	1.00337542754316e-05	4.86703001556877e-05	2.70597913148894e-05
ctarjeta_master_lag1	8.59429735245079e-06	5.11261539956132e-06	5.41195826297788e-06
mpagodeservicios_rank_delta_pct1	8.52635283632356e-06	3.19743015695272e-05	1.62358747889336e-05
mforex_buy_rank	8.26897092947579e-06	3.85400549619522e-05	5.41195826297788e-05
Visa_madelantopesos_rank_lag1	8.04488916978442e-06	0.000152234584163328	1.35298956574447e-05
ccajas_depositos_lag1	7.51530793909782e-06	1.63296255368099e-05	2.16478330519115e-05
ccheques_emitidos_delta1	7.46357734895154e-06	6.10285552531854e-05	3.24717495778673e-05
mcheques_emitidos_rechazados_rank_delta_pct1	6.65291560745975e-06	2.52179693824979e-05	1.35298956574447e-05
Visa_delinquency_delta_pct1	6.56562596876741e-06	7.34224552686962e-06	1.62358747889336e-05
ccaja_seguridad_delta_pct1	6.43189055583481e-06	5.47534294593331e-06	1.08239165259558e-05
cplazo_fijo_delta1	6.43156110573924e-06	5.55195926686715e-05	5.14136034982898e-05
cdescubierto_preacordado_delta1	6.30749031717485e-06	2.49212659456275e-05	2.16478330519115e-05
mcheques_emitidos_rechazados_rank_delta1	5.94440498358334e-06	6.6674021671454e-05	1.89418539204226e-05
cseguro_auto_delta_pct1	5.76398225000027e-06	2.78271368754685e-05	2.43538121834004e-05
Visa_madelantopesos_rank_delta_pct1	5.32837214017232e-06	7.93378914353254e-05	8.11793739446681e-06
mprestamos_hipotecarios_rank_delta1	5.16775812044154e-06	3.39908723005299e-05	2.43538121834004e-05
mcheques_depositados_rechazados_rank_lag1	5.10466011277585e-06	5.09294993627114e-05	1.35298956574447e-05
Master_status_lag1	4.77964898555778e-06	6.09143294931889e-06	8.11793739446681e-06
Master_mconsumosdolares_rank_delta_pct1	4.73236616566861e-06	1.4250473671341e-05	2.70597913148894e-05
Visa_Finiciomora_delta_pct1	4.62722162560759e-06	2.02017572839266e-05	1.62358747889336e-05
cpagodeservicios	3.94049457085055e-06	3.40773517323003e-05	1.89418539204226e-05
Visa_status_lag1	3.91692752360734e-06	1.60288715410744e-05	2.16478330519115e-05
mcheques_depositados_rechazados_rank	3.8807443054233e-06	2.60805358928264e-05	8.11793739446681e-06
ccuenta_corriente	3.85774612629274e-06	2.15923141423242e-05	1.62358747889336e-05
mprestamos_hipotecarios_rank_lag1	3.8398224872617e-06	1.686389425112e-05	1.62358747889336e-05
ccheques_depositados_delta_pct1	3.69850056899192e-06	1.5468274194141e-05	1.89418539204226e-05
Master_delinquency_lag1	3.64952313925623e-06	7.84998308061309e-07	5.41195826297788e-06
Master_delinquency_delta1	3.64640665794192e-06	1.22780540319682e-05	1.89418539204226e-05
mpagodeservicios_rank_lag1	3.36114547449228e-06	1.65364065668746e-05	1.08239165259558e-05
Visa_status_delta1	3.2302838326626e-06	7.71165649536906e-06	1.08239165259558e-05
cforex_buy_delta1	3.21508565871952e-06	6.0691548755607e-06	1.08239165259558e-05
Master_cadelantosefectivo	3.20310001638436e-06	1.67243524982164e-05	5.41195826297788e-06
cseguro_vivienda_delta1	3.10485393401646e-06	2.04559298527132e-05	1.35298956574447e-05
Master_Fvencimiento_delta1	3.0881391279295e-06	1.05812749233672e-05	1.35298956574447e-05
mcheques_emitidos_rank_lag1	2.85783456527925e-06	1.10831391667562e-05	1.62358747889336e-05
mcheques_depositados_rechazados_rank_delta_pct1	2.61522338183206e-06	1.12966036189483e-05	5.41195826297788e-06
tcallcenter_lag1	2.33399420328993e-06	1.40007567173061e-06	5.41195826297788e-06
mplazo_fijo_pesos_rank_lag1	2.03109999559344e-06	2.19730666756459e-05	1.08239165259558e-05
mforex_buy_rank_delta1	1.91994341591837e-06	7.04007383553126e-06	1.08239165259558e-05
tcuentas_delta1	1.91609653927569e-06	1.48216024713237e-05	1.08239165259558e-05
cinversion1_delta1	1.46988969469837e-06	8.38911246556129e-06	2.70597913148894e-06
cprestamos_hipotecarios_delta_pct1	1.41816219229486e-06	4.09329226115251e-06	5.41195826297788e-06
ccheques_emitidos_rechazados_delta1	1.39528332899676e-06	2.16137821043093e-05	5.41195826297788e-06
cprestamos_prendarios_delta1	1.35145208128354e-06	9.01998700880458e-06	8.11793739446681e-06
mbeneficios_rank_delta_pct1	1.28541282301601e-06	2.26223712617256e-07	2.70597913148894e-06
cseguro_vida_delta1	1.18658320444674e-06	7.57839310870643e-06	5.41195826297788e-06
Master_status_delta1	1.04331638568435e-06	1.10393931310129e-05	5.41195826297788e-06
tcuentas_delta_pct1	8.50301239479978e-07	3.65765465520827e-06	2.70597913148894e-06
cforex_buy_lag1	8.37009329927349e-07	4.38878053036341e-07	2.70597913148894e-06
minversion1_dolares_rank_lag1	8.25676213088597e-07	2.79569572870958e-06	2.70597913148894e-06
Master_mpagosdolares_rank_delta_pct1	8.01395000825344e-07	3.11852527026007e-06	2.70597913148894e-06
mcheques_emitidos_rechazados_rank_lag1	8.00252756181077e-07	8.92601404313366e-06	2.70597913148894e-06
ctarjeta_master_delta1	5.99082330889132e-07	4.59454892071178e-06	5.41195826297788e-06
Master_Finiciomora_lag1	4.81671682893798e-07	1.04767705046469e-06	2.70597913148894e-06
