Feature	Gain	Cover	Frequency
ctrx_quarter	0.0755255028947118	0.0171460560858078	0.0122748803161174
mpasivos_margen_rank	0.0396827900129326	0.00932459312745241	0.0146153651308291
mcaja_ahorro_rank	0.0316986054624183	0.00918825155458447	0.0128878644342562
cpayroll_trx	0.023810052671748	0.0117440526087393	0.00144380556751691
mrentabilidad_annual	0.0211732197179396	0.0196971713357633	0.0285316244079131
mcuentas_saldo	0.0209062668704525	0.0114262691154676	0.0163200688973885
mingresos_rank	0.020906257157594	0.0072065551480718	0.00588414093568733
mtarjetas_consumo_rank	0.0204134589601747	0.00458779258768638	0.00341700650979002
cliente_edad	0.0196800070621735	0.0177922013478348	0.0329516958382938
numero_de_cliente	0.0188530681069487	0.0113167109945159	0.0334354973530231
diff_comisiones_consumo	0.0159090648659888	0.0047880516785612	0.00443273639149928
mactivos_margen	0.0158212153679138	0.0138254172306296	0.0182932698396616
mpayroll_rank	0.0155780883448202	0.0111340949300714	0.00178575951771828
Master_Fvencimiento	0.0153928016857909	0.0109256916131976	0.0220927581752324
Visa_Fvencimiento	0.015048978460987	0.00966126691625628	0.0220952911674561
Master_fechaalta	0.0150097229232774	0.0132617193356648	0.0205324349654247
mcuenta_corriente_rank	0.0147697729608627	0.0196523011353745	0.0210719623090757
Master_mfinanciacion_limite	0.0137224028677535	0.00861435778884658	0.0186656196965475
Visa_fechaalta	0.0129698490981463	0.0081998542837943	0.0183793915752679
mprestamos_personales	0.0129578706294541	0.0184881066603003	0.00516223815192887
Visa_mfinanciacion_limite	0.012790271616168	0.00549593479317572	0.016687352769827
cliente_antiguedad	0.0123375725596782	0.0102566466064661	0.0279186402897743
mcomisiones	0.0106632313653004	0.00412488008502439	0.0149243901821221
mrentabilidad	0.0106062491522521	0.00840686345998457	0.0189062539578004
cprestamos_personales	0.0100341435405177	0.00806464728871592	0.0033967425720003
Visa_mpagominimo	0.00939514933452526	0.00657577008478828	0.00776362116568302
Visa_msaldopesos	0.00906665285130894	0.00337471618436643	0.00599559259353074
chomebanking_transacciones	0.00745708557171358	0.00816674147460543	0.0125383115073837
mcaja_ahorro_dolares	0.00727899151830456	0.0060108218134244	0.0110337141264976
Visa_mconsumospesos	0.00724839698627109	0.00381333210864945	0.00832087945490008
Visa_msaldototal	0.0071257253253267	0.00428609598640004	0.0063350135515084
cdescubierto_preacordado	0.00678091655642858	0.0161048393197418	0.00206945464677423
mautoservicio	0.00665709247242443	0.00296517171851521	0.00437954355480129
diff_visa_compra	0.00656421961020178	0.00468217819064637	0.00946832493224246
mcomisiones_otras	0.00650992617615923	0.00420457997988959	0.0109957192431419
ccomisiones_otras	0.0061396163809701	0.00486512942888373	0.0091111730286988
ctarjeta_visa_transacciones	0.00596577866400779	0.00398828744254152	0.00459484789381697
Master_mlimitecompra_rank	0.00593787232988564	0.00273593604535021	0.00938220319663619
cproductos	0.00576813131911609	0.00943831875542808	0.00926821854656906
Visa_mlimitecompra_rank	0.00568911938632558	0.00295454931941115	0.0106132374173611
mtransferencias_recibidas	0.00567371908980427	0.0049248902118303	0.0069201347551863
diff_comisiones_beneficios	0.00547073814692487	0.00765199138258732	0.00528382177866714
cliente_edad_lag1	0.00546379809642233	0.00465084358407673	0.00975708604574584
ctrx_quarter_lag1	0.00522351686861353	0.001771897084577	0.00296866688619266
ctarjeta_debito_transacciones	0.00505902403466742	0.00406425692352424	0.0038704121178348
mttarjeta_visa_debitos_automaticos	0.0050419582659986	0.00364935195567185	0.00574229337115935
mrentabilidad_annual_delta1	0.00492218075446414	0.00505776404100695	0.00873882317181286
Visa_cconsumos	0.0049070349935508	0.00328722650253783	0.00637554142708782
mrentabilidad_annual_lag1	0.00476058424308804	0.0036291617741383	0.00726208870538767
mcuenta_debitos_automaticos	0.00472849680626968	0.00622906946217978	0.00559031383773652
chomebanking_transacciones_delta1	0.00438879485735087	0.00184387265287345	0.00412371134020619
Visa_madelantodolares	0.00438357022992003	3.26579008766815e-05	7.34567744877023e-05
ctrx_quarter_delta1	0.00429649933603045	0.00629018316233351	0.00576762329339649
mcuenta_corriente_rank_lag1	0.00426209973865553	0.00449551849676017	0.00603105448466273
mactivos_margen_delta1	0.00414121738439367	0.00456650118002004	0.00616277008029585
Visa_Fvencimiento_lag1	0.00412976353373214	0.00225556177526206	0.0051115783074546
ctarjeta_debito	0.00411358113363027	0.00818844387411666	0.00749005800552192
mrentabilidad_delta1	0.00407961336472016	0.00229525625425737	0.00543580131208997
Master_status	0.00407604402844422	0.00107295697849873	0.000904278223865853
cliente_antiguedad_lag1	0.00404617616113676	0.00489995042292794	0.00781174801793359
mcuenta_corriente_rank_delta1	0.00395844653402809	0.00492687991781327	0.00661870868056435
mcomisiones_mantenimiento	0.00392042396438708	0.00664718447520781	0.00496719775070291
mcomisiones_lag1	0.00387849693140193	0.00130021827501369	0.00362977785658198
Visa_mconsumototal	0.00385776536477755	0.00248095061447562	0.00497226373515033
Visa_status	0.00381972577489322	0.0232061293886933	0.0015527242331366
Master_Fvencimiento_lag1	0.00378416449145271	0.0030099232201504	0.00515970515970516
mactivos_margen_lag1	0.00374677255797543	0.00275160697381511	0.00453405608044783
mcuentas_saldo_delta1	0.00370813033737765	0.00350915484842026	0.00484308113174093
Visa_mpagospesos_rank	0.00367481845784087	0.0049356319311474	0.00507105043187517
mtarjeta_visa_consumo	0.00353694449165209	0.00317868115332489	0.00335114871197345
mcuentas_saldo_lag1	0.00349626927877563	0.00379878250017266	0.00391093999341422
mrentabilidad_lag1	0.0034428616506633	0.00263813075822918	0.00486081207730692
ctransferencias_recibidas	0.003439959751249	0.00265267249488636	0.00445300032928899
mtransferencias_emitidas	0.00340475183285141	0.00253155149954038	0.00400972669013906
internet	0.00339649903521421	0.00285136095059587	0.00309025051293093
mpasivos_margen_rank_delta1	0.00339244228611306	0.00241935756193827	0.00559537982218395
diff_master_compra	0.00327138218507478	0.00325122266402066	0.00321436713189291
Master_mlimitecompra_rank_delta1	0.00311725967282824	0.00798295416626424	0.00374882849109653
mcaja_ahorro_rank_delta1	0.00307345986233439	0.00291808787959087	0.00437194457813015
chomebanking_transacciones_lag1	0.00305457352771914	0.00233424848408222	0.00329288989082804
Master_msaldototal	0.00303044496979552	0.00287272983353942	0.00292560601838952
Master_fechaalta_lag1	0.00300343978456543	0.00177823265644405	0.00424782795916817
Master_mpagominimo	0.00297585268414615	0.00315956008918625	0.00260391600597786
mpagomiscuentas	0.00293427628565545	0.00379557597660053	0.00336381367309202
ccallcenter_transacciones	0.00285730822890282	0.00712835587060802	0.00331315382861775
Master_msaldopesos	0.00285329127064189	0.00474344621989508	0.00306492059069379
mpasivos_margen_rank_lag1	0.00280698302165514	0.00190170732585338	0.00360444793434484
Visa_fultimo_cierre	0.00275837163861656	0.00328190701685989	0.00459738088604068
mextraccion_autoservicio	0.00271560477103753	0.00216926488125751	0.00262417994376757
active_quarter	0.00264714360294972	0.00159019083675689	0.00416170622356189
ccuenta_debitos_automaticos	0.00264444159031004	0.00431842720676291	0.00296866688619266
cmobile_app_trx	0.0026025497329544	0.00548620087392183	0.00307251956736493
mcomisiones_delta1	0.00259633249974656	0.0011557896504155	0.00334608272752603
ccaja_ahorro	0.00257312761761672	0.00579549170960021	0.00309025051293093
Visa_fechaalta_lag1	0.00252191931035576	0.00201806442026337	0.0045644519871324
ccomisiones_mantenimiento	0.00246596164731934	0.010723678763775	0.00279135743053269
Master_fultimo_cierre	0.00245072201326499	0.0028201989025982	0.00483041617062236
ctarjeta_visa_debitos_automaticos	0.0023679923353761	0.00246088555344323	0.00289774310392867
ccajas_consultas	0.00229968846617934	0.00737567725647982	0.0019529370044834
mcomisiones_otras_delta1	0.00228182613172923	0.00171862475252043	0.00296613389396895
Visa_mlimitecompra_rank_delta1	0.00227048073747169	0.00186403196858801	0.00368043770105626
Visa_mpagado	0.00226788133035296	0.00238867134472071	0.00318397122520834
Visa_mconsumosdolares	0.00223481851172969	0.00291431748515089	0.00336887965753945
mprestamos_personales_lag1	0.00221896373839314	0.00215964572484741	0.00100813090503812
ccomisiones_otras_lag1	0.00221285418855881	0.00169611010551734	0.00250766230147673
ctransferencias_emitidas	0.00217288734201599	0.00312061364020703	0.0030674535829175
Master_mpagospesos	0.00205993652855843	0.00334609880563423	0.00283948428278325
mcaja_ahorro_rank_lag1	0.00205897829733093	0.00189551572542393	0.00322196610856405
mingresos_rank_delta1	0.00200039943357569	0.00188547666958359	0.00298133184731123
cpagomiscuentas	0.00199548552292908	0.00349309840794762	0.00243167253476532
Visa_mpagospesos_rank_delta1	0.00198446972165939	0.00184672349449111	0.00247979938701588
tcallcenter	0.00197809185148481	0.00129741611438572	0.00136021682413435
mcaja_ahorro_dolares_delta1	0.00194483077138578	0.0017567063371083	0.00235061678360647
Master_mfinanciacion_limite_lag1	0.00187514672371276	0.00198967760298448	0.00312571240406292
matm	0.00187110404763255	0.00142584795861779	0.00231515489247448
mcomisiones_otras_lag1	0.00185938381539589	0.00135931554642841	0.00291040806504724
Visa_mpagominimo_delta1	0.00185265749626479	0.00127529319398481	0.00183135337774513
mingresos_rank_lag1	0.00179210160890997	0.00153848023228028	0.00147673446642519
Visa_mpagominimo_lag1	0.00177510474123169	0.00215699002149482	0.00180095747106056
thomebanking	0.0017554575721724	0.0066441324878838	0.00245953544922617
mtransferencias_recibidas_lag1	0.00174869166975913	0.000816343945343224	0.00163124699207173
diff_visa_compra_delta1	0.00172678841346834	0.00128290400062865	0.00158312013982117
cpayroll_trx_lag1	0.00171840978509877	0.00198164627545094	0.000357151903543656
mtransferencias_recibidas_delta1	0.00168512952331819	0.00128837905832046	0.00243673851921275
diff_visa_compra_lag1	0.00164298942038961	0.000820201965564645	0.00193773905114111
Master_mconsumospesos	0.00161620110761814	0.00211685741359228	0.00229235796246106
Visa_mlimitecompra_rank_lag1	0.00157259718295923	0.00106024813289176	0.0020086628334051
mprestamos_personales_delta1	0.00156381011518726	0.00409754249843823	0.00129942501076522
ccomisiones_mantenimiento_delta1	0.00154400838206498	0.00227205758756082	0.000770029636009017
cextraccion_autoservicio	0.00148997337198193	0.0026448058541052	0.00191240912890397
Visa_mconsumospesos_delta1	0.00147429572298871	0.00077097388440921	0.00145647052863548
mttarjeta_visa_debitos_automaticos_delta1	0.00146475555148528	0.00142733221092054	0.00143367359862205
ctransferencias_recibidas_delta1	0.00145752533588239	0.00104343744780861	0.00145647052863548
Visa_mconsumospesos_lag1	0.00144300426630454	0.00097582514626064	0.00178575951771828
mtransferencias_emitidas_delta1	0.00143415017001083	0.00303697990706838	0.00163377998429545
mtarjetas_consumo_rank_lag1	0.00143222449938682	0.000616073046738993	0.000858684363839003
mcaja_ahorro_dolares_lag1	0.0014302323224177	0.00224405711090225	0.00213784543681451
mtarjetas_consumo_rank_delta1	0.00141383300665717	0.0021101355011049	0.00168443982876973
Visa_msaldopesos_delta1	0.00140696815195972	0.000822560818456684	0.00145900352085919
mpayroll_rank_lag1	0.00139984165615813	0.001909277116174	0.000395146786899364
Visa_mfinanciacion_limite_lag1	0.00139514872816155	0.00132537743909939	0.0030497226373515
tmobile_app	0.00137838446089968	0.00833127058342424	0.000919476177208136
cproductos_lag1	0.00134166019291382	0.00174223876127797	0.00222396717242078
tcallcenter_delta1	0.00131859655824874	0.00303816896613576	0.000724435775982168
ccaja_seguridad	0.00127880109851669	0.00373649362021243	0.000808024519364726
mtarjeta_master_consumo	0.00125373122106273	0.00264831772141693	0.00124623217406723
mplazo_fijo_dolares	0.00124887668993451	0.00901076708791301	0.00166670888320373
catm_trx	0.00124276103947308	0.00258165832434805	0.00162364801540059
ctarjeta_visa_transacciones_delta1	0.00123899142484942	0.00283206587781321	0.00127662808075179
cprestamos_personales_lag1	0.00123328321276124	0.00192499258256564	0.00059525317257276
Visa_msaldopesos_lag1	0.00121244104153051	0.00123802364973563	0.00121077028293523
mautoservicio_delta1	0.00119250711784494	0.00202201006626624	0.00132982091744978
mcomisiones_mantenimiento_delta1	0.00119219432317897	0.00282853723109652	0.000929608146102991
Visa_cconsumos_delta1	0.00119017789101206	0.00233472721500638	0.00119557232959295
Visa_msaldototal_delta1	0.0011696626786585	0.000811019487989745	0.00141594265305606
Visa_cconsumos_lag1	0.00116693332213482	0.0024633206386936	0.00138301375414778
diff_comisiones_consumo_delta1	0.00112696539006677	0.00088964819392856	0.00136781580080549
ccallcenter_transacciones_delta1	0.00112446689262611	0.00103940873339354	0.00106638972618354
mcomisiones_mantenimiento_lag1	0.00110065703370908	0.00269297766136088	0.00136781580080549
Visa_msaldodolares	0.00109302128662633	0.00339274078689468	0.00156538919425517
Visa_mpagosdolares	0.00108308984801138	0.00150575272794599	0.00134501887079207
diff_comisiones_beneficios_lag1	0.00104288607710136	0.00157738649354886	0.00120317130626409
Master_mlimitecompra_rank_lag1	0.00104273645418179	0.000800998040166951	0.00166924187542744
mttarjeta_visa_debitos_automaticos_lag1	0.00104171418730499	0.000646206786511829	0.00111704957065782
Visa_mpagospesos_rank_lag1	0.00100922690694295	0.000595655618202495	0.00114237949289496
matm_other	0.00100676195568099	0.00130398556215645	0.00133995288634464
Master_mconsumototal	0.000992089964200336	0.00115868233696898	0.00132982091744978
ccajas_otras	0.000978745553120204	0.00472570769586371	0.00109678563286811
mtarjeta_visa_consumo_delta1	0.000974527811860995	0.0015612490561955	0.00113731350844753
ctransferencias_recibidas_lag1	0.000967866685547559	0.000975969532004537	0.00098786696724841
mautoservicio_lag1	0.000955236087481456	0.000633468732311044	0.000939740114997847
ccajas_transacciones	0.000944734230392095	0.00122386680362674	0.00109678563286811
Visa_mpagado_delta1	0.000944646599799405	0.0011971481906457	0.000911877200536994
Visa_msaldototal_lag1	0.000932169560647119	0.00134238719835741	0.00131208997188379
Master_cconsumos	0.000931964997215886	0.00333594374403121	0.00121077028293523
thomebanking_delta1	0.000917669807135832	0.00102900405224763	0.00110691760176296
cseguro_vivienda	0.000904876074651794	0.00141250418861334	0.00135008485523949
Master_mpagado	0.000902564255497561	0.00213586164335566	0.000861217356062717
mextraccion_autoservicio_delta1	0.000890975320639144	0.00162164911375565	0.00101319688948555
mpagomiscuentas_lag1	0.000889055484730064	0.00328500892809247	0.00084348641049672
ccajas_consultas_delta1	0.000851672573928224	0.00148558181165517	0.000706704830416171
ctarjeta_debito_lag1	0.000847467300782053	0.000651121494939301	0.00169963778211201
mtransferencias_emitidas_lag1	0.000830133657023482	0.00079595758977887	0.00101319688948555
mpagomiscuentas_delta1	0.000826764427248856	0.00140599274372395	0.000858684363839003
ctarjeta_debito_transacciones_delta1	0.000825089229024657	0.00107076964841292	0.00109425264064439
ctarjeta_visa_transacciones_lag1	0.00082298829561618	0.000931451491966717	0.0010233288583804
ccomisiones_otras_delta1	0.000820027179477884	0.00107640711417247	0.00128169406519922
ctarjeta_debito_transacciones_lag1	0.000802608057367471	0.000833986557467247	0.000934674130550419
cproductos_delta1	0.000789922622347134	0.00343629390757085	0.000653511993718179
Visa_mpagado_lag1	0.000781356416641614	0.000523001001888119	0.000734567744877023
catm_trx_other	0.000764917781273788	0.0020762305382795	0.00107398870285468
matm_delta1	0.000753536669010599	0.000827596297169222	0.000767496643785304
mcaja_ahorro_adicional	0.000752788626201269	0.00774499962426873	0.00146406950530662
cseguro_accidentes_personales	0.000748465987038954	0.00135442486776606	0.00157805415537374
ctarjeta_visa	0.000735546930160825	0.000474640892421245	0.000547126320322197
Visa_fultimo_cierre_lag1	0.000733524307587738	0.000398509417677084	0.000808024519364726
diff_comisiones_consumo_lag1	0.000718938971014848	0.000392797376784393	0.00100053192836698
ctarjeta_master	0.000711600217213675	0.000340437968649415	0.000334354973530231
cextraccion_autoservicio_delta1	0.000703097858486997	0.000715297747227563	0.000554725296993338
Visa_mconsumototal_lag1	0.000674081290971032	0.00041466715603891	0.00101319688948555
mttarjeta_master_debitos_automaticos	0.000669527007122386	0.00137632406276754	0.000846019402720434
ccomisiones_mantenimiento_lag1	0.000668703167547256	0.0012510995707202	0.000552192304769624
mtarjeta_visa_consumo_lag1	0.000659839599767787	0.000354021621998817	0.000628182071481041
matm_other_delta1	0.000658961392865175	0.00170943191728815	0.000711770814863598
mcuenta_debitos_automaticos_lag1	0.000653130072785605	0.000635311773865489	0.00104359279617012
ctarjeta_master_transacciones	0.000647268579116268	0.000660987163595078	0.000724435775982168
diff_comisiones_beneficios_delta1	0.000624144523791869	0.00135622212847488	0.000678841915955318
mcuenta_debitos_automaticos_delta1	0.000621303653695169	0.000722388185164569	0.000800425542693584
Visa_mconsumototal_delta1	0.000603715439677102	0.000515692017380365	0.000810557511588439
catm_trx_delta1	0.000592473290445832	0.000918315496569338	0.000557258289217052
ctransferencias_emitidas_lag1	0.000583488514395531	0.00054551233444084	0.000615517110362471
mplazo_fijo_dolares_delta1	0.000582869104233635	0.00165170744978275	0.000493933483624205
Master_mpagospesos_delta1	0.000581654933442779	0.00061717282279975	0.000521796398085058
mforex_sell	0.000578594364823064	0.000713784286330993	0.000585121203677905
thomebanking_lag1	0.000577259637240321	0.000296856260838873	0.000762430659337876
ctransferencias_emitidas_delta1	0.000565941760606553	0.000977278532744397	0.000772562628232731
ctarjeta_visa_debitos_automaticos_lag1	0.000563530744887911	0.00184129856786103	0.000658577978165607
tmobile_app_delta1	0.00055673345590463	0.00100532126864508	0.000283695129055954
cseguro_vida	0.000555018111939644	0.000397282035277389	0.00107905468730211
internet_lag1	0.000546836314203897	0.00347237418559949	0.00108918665619697
ctarjeta_visa_debitos_automaticos_delta1	0.000543615078543337	0.000658599102109224	0.000501532460295347
mprestamos_prendarios	0.000543565523039247	0.00885919126541537	0.00117530839180324
tcuentas	0.000541866172965492	0.00237202120332698	0.00108918665619697
Master_mpagospesos_lag1	0.000541450309299956	0.000541177861979875	0.000600319157020188
ccajas_otras_delta1	0.000528951055410964	0.000862100761203858	0.000354618911319942
ccajas_extracciones	0.000523542230320836	0.000860968669252072	0.000585121203677905
matm_lag1	0.000505331720453038	0.000343642834996366	0.000461004584715925
Visa_Finiciomora	0.000504004532136183	0.00184746075254351	0.000795359558246156
diff_master_compra_lag1	0.000501818580142199	0.000584146189320291	0.0005293953747562
Visa_mconsumosdolares_lag1	0.000500591631736078	0.00228959745172362	0.000749765698219307
Master_mfinanciacion_limite_delta1	0.000490553876122785	0.000469143255036349	0.000612984118138757
ccaja_ahorro_lag1	0.000489719555108384	0.000306441029826467	0.00059525317257276
internet_delta1	0.000480068229477999	0.00080037285196741	0.000997998936143266
active_quarter_lag1	0.000470927149516936	0.000213051626353427	0.00105372476506497
ccallcenter_transacciones_lag1	0.000469299263610383	0.000456387799971163	0.000498999468071633
cplazo_fijo	0.000468995602828764	0.00521933956024688	0.000676308923731604
cprestamos_personales_delta1	0.000467326063618989	0.000907001205952199	0.000243167253476532
Master_fultimo_cierre_lag1	0.000463032975964375	0.000546313809969013	0.000937207122774133
mtarjeta_visa_descuentos	0.000461150157888035	0.00458248055952176	0.000863750348286431
Master_mpagado_delta1	0.000457529767352929	0.00117478124383688	0.000339420957977659
cmobile_app_trx_delta1	0.000450452951464749	0.00125188095239305	0.000744699713771879
Master_mconsumospesos_lag1	0.000441480170330278	0.000333337380208174	0.000430608678031359
cpagomiscuentas_delta1	0.000438563098687186	0.000661494481653619	0.000488867499176778
Master_msaldototal_delta1	0.000431493584659656	0.000254734568412812	0.000415410724689075
cseguro_auto	0.000427837933084185	0.00118830710145809	0.0005293953747562
mbeneficios	0.000415668109250374	0.00140359639611219	0.000615517110362471
mttarjeta_master_debitos_automaticos_delta1	0.000408055495256305	0.000606120166608065	0.000352085919096228
Visa_msaldodolares_delta1	0.000398547716805222	0.00134201100824131	0.000430608678031359
mpayroll_rank_delta1	0.000389301756899706	0.00185513929826664	0.000564857265888194
Master_cconsumos_delta1	0.000384831233651541	0.000752158164010171	0.000316624027964234
Visa_mconsumosdolares_delta1	0.000384449357022157	0.00117573186963134	0.000597786164796474
minversion1_pesos	0.000375137598466562	0.00858440530807792	0.000732034752653309
ctarjeta_master_debitos_automaticos	0.000375106411221636	0.00055123846174757	0.000433141670255072
Master_mpagado_lag1	0.000367213384509008	0.00103013034391129	0.000258365206818815
Master_msaldopesos_delta1	0.000362559533339296	0.000155348081315945	0.000303959066845665
ctarjeta_master_transacciones_delta1	0.000362264359526324	0.00036307380024386	0.00024823323792396
Visa_msaldodolares_lag1	0.000360073441367357	0.00054184199497117	0.000273563160161098
cpagomiscuentas_lag1	0.000357670967801661	0.000622617428978853	0.000481268522505636
Visa_mpagosdolares_delta1	0.000357113420164408	0.000349120585679089	0.00031409103574052
mtarjeta_master_descuentos	0.000352290073001395	0.00339062326741963	0.000554725296993338
ccajas_depositos	0.000341938103683619	0.000235282680697407	0.000453405608044783
mextraccion_autoservicio_lag1	0.000340422885206838	0.000700360348058412	0.000496466475847919
mcheques_emitidos	0.00033956878566667	0.00244186164413083	0.000473669545834494
Master_msaldototal_lag1	0.000337330012934469	0.000610385035611427	0.000496466475847919
Master_msaldopesos_lag1	0.000332687795167407	0.00042867195173744	0.000445806631373642
ccuenta_debitos_automaticos_lag1	0.000330173856192625	0.000617963733517393	0.000668709947060463
cmobile_app_trx_lag1	0.00032971109052832	0.000337111296251659	0.000767496643785304
cliente_edad_delta1	0.000321805958651816	0.000604368479591723	0.000577522227006763
diff_master_compra_delta1	0.000316188757616574	0.000334644516569706	0.00035968489576737
Visa_mfinanciacion_limite_delta1	0.000307488670117778	0.000508554348525699	0.00048380151472935
Master_mpagominimo_lag1	0.000303678387640507	0.000470898670809348	0.000385014818004509
ccajas_extracciones_delta1	0.00029719428240371	0.000236025739037949	0.000240634261252818
cextraccion_autoservicio_lag1	0.000288373717411205	0.0028828612796836	0.000463537576939639
cpayroll_trx_delta1	0.000280639663052432	0.000823890948817602	0.00028116213683224
minversion2	0.000280326150937385	0.00307399568871171	0.000478735530281922
Master_mconsumospesos_delta1	0.000280069746122598	0.00033429049184041	0.000253299222371387
Master_mpagosdolares	0.000276093854049898	0.000832256414378259	0.000321690012411662
catm_trx_lag1	0.000272068633759096	0.00253237265461758	0.000354618911319942
Master_mpagominimo_delta1	0.000263307954736715	0.0014856315284106	0.000440740646926214
active_quarter_delta1	0.00026173667284139	0.00290654137029524	0.000600319157020188
cprestamos_prendarios	0.000260694065281573	0.00336957671477378	0.000635781048152182
ccajas_consultas_lag1	0.000260607399343334	0.000776967653582675	0.000324223004635376
cforex_sell	0.000258570886402806	0.000263631174643986	0.00031409103574052
ccajas_transacciones_delta1	0.000257038254982102	0.000159435627224939	0.000306492059069379
Visa_delinquency	0.000256055538210931	0.000161886041808229	0.000481268522505636
minversion1_dolares	0.000255926503562685	0.00120201877545273	0.000233035284581676
ccuenta_debitos_automaticos_delta1	0.000251929814781281	0.000344882646584919	0.000316624027964234
cseguro_vivienda_lag1	0.000244007110297261	0.000191411994245924	0.000273563160161098
mplazo_fijo_dolares_lag1	0.000241344201775225	0.000862613050937942	0.000258365206818815
Visa_Fvencimiento_delta1	0.000232110984127878	0.000809776154797682	0.000258365206818815
catm_trx_other_delta1	0.000231984276261567	0.000502061961725894	0.000298893082398237
cinversion2	0.000229910310807349	0.00627336564119649	0.000587654195901619
foto_mes	0.000226573504676834	1.9432829625823e-05	0.000215304339015679
Visa_mpagosdolares_lag1	0.00022551764019541	0.000613601502534645	0.000245700245700246
cdescubierto_preacordado_delta1	0.000223619971944064	0.000827486713154127	0.00011145165784341
Master_msaldodolares	0.000222898284041211	0.00186487943211495	0.000407811748017934
mcajeros_propios_descuentos	0.000221822107968725	0.000533379788890571	0.00028116213683224
mttarjeta_master_debitos_automaticos_lag1	0.00021826819102767	0.000230553995796506	0.000144380556751691
Master_status_lag1	0.000216714903511147	0.000694770113216526	0.000108918665619697
matm_other_lag1	0.000210882165977968	0.000545401093200564	0.000288761113503382
Visa_madelantopesos	0.000196858587642641	0.000726011708022876	0.00020263937789711
mtarjeta_master_consumo_delta1	0.000196492320865874	0.000704388233860888	0.000258365206818815
cforex	0.000194196687634589	4.41975741184397e-05	0.000184908432331113
ccajeros_propios_descuentos	0.0001918279222974	0.000191807449604746	0.000217837331239393
ccheques_emitidos	0.0001894531174209	0.0021877307199902	0.000286228121279668
mcaja_ahorro_adicional_delta1	0.000185211951830817	0.00291066351077989	0.000278629144608526
ctarjeta_visa_descuentos	0.000181245706845108	0.000212409037289485	0.000187441424554827
cdescubierto_preacordado_lag1	0.00017897423823831	0.000199590814820568	0.0005293953747562
Master_Finiciomora	0.000178737557112463	0.000972052473136042	0.000212771346791965
Master_mconsumosdolares	0.000177535933328622	0.00120352664321431	0.000283695129055954
ctarjeta_visa_descuentos_lag1	0.000176961448827259	0.000115558311872732	0.000131715595633121
mcaja_ahorro_adicional_lag1	0.000171344205978316	0.00122421834251827	0.000329288989082804
mprestamos_prendarios_delta1	0.000164297869703859	0.00246976496596315	0.000276096152384812
ccheques_depositados	0.000163725880905685	0.00162163730602624	0.000306492059069379
cseguro_accidentes_personales_lag1	0.000163505632858526	0.000103183604292885	0.000354618911319942
Master_delinquency	0.000162387836854356	8.67658887307862e-05	0.000258365206818815
Master_cconsumos_lag1	0.000159472491574978	0.000188694559255342	0.000205172370120824
ctarjeta_visa_descuentos_delta1	0.000158474240161248	0.000111117777000181	9.62537045011272e-05
mcheques_depositados	0.000152644776939027	0.00125931816469919	0.000288761113503382
tcuentas_lag1	0.000151619762101127	0.00220057090069277	0.000362217887991084
cinversion1	0.000148701421651725	0.000828206984648429	0.000222903315686821
ccajas_transacciones_lag1	0.000147325755193949	0.000325354526511187	0.000141847564527977
Visa_status_lag1	0.000143071242303963	0.00530697901380122	0.00031409103574052
cprestamos_hipotecarios	0.000142559693400193	0.00335319442239993	0.000334354973530231
cplazo_fijo_delta1	0.000140850497931953	0.000426753092130963	0.000162111502317688
ctarjeta_master_transacciones_lag1	0.000140562469414925	0.000190245514871632	0.000151979533422832
mbeneficios_delta1	0.000139578980974796	0.000283710114937261	0.000131715595633121
mtarjeta_visa_descuentos_delta1	0.000139324518488492	0.000313669638912941	0.000149446541199119
ctarjeta_master_descuentos_lag1	0.000136428814983194	0.00021037044316368	8.10557511588439e-05
mtarjeta_visa_descuentos_lag1	0.00013260286726336	0.0002697691224082	0.000174776463436257
ctarjeta_debito_delta1	0.000131386388602998	0.000854720930319615	0.00015704551787026
Master_mconsumototal_lag1	0.000129424309708664	0.00013773012041649	0.000225436307910535
tmobile_app_lag1	0.000127801054177514	0.00110687002029688	0.000151979533422832
mtarjeta_master_descuentos_lag1	0.000127781419838634	0.000445395632498585	9.62537045011272e-05
tcuentas_delta1	0.000125456822246548	0.00541706040360382	0.000385014818004509
Master_mconsumototal_delta1	0.000123792671221237	0.000278098957627464	0.000187441424554827
ccajeros_propios_descuentos_lag1	0.000120341281229803	0.000149482125634567	6.0791813369133e-05
mpagodeservicios_delta1	0.000119920105228076	5.01675206799273e-05	6.33248055928468e-05
mforex_sell_lag1	0.000118836660379281	8.5987200048853e-05	0.000106385673395983
mcajeros_propios_descuentos_delta1	0.000118675458255674	0.000532145777590152	0.000113984650067124
ctarjeta_master_descuentos	0.000114579273629707	0.000671614534374683	0.000151979533422832
Visa_cadelantosefectivo	0.000113528666505821	0.00030820307450019	9.87866967248411e-05
mcheques_emitidos_delta1	0.000110149713356272	0.000271907978657458	8.61217356062717e-05
ccajas_otras_lag1	0.000109321346133489	0.000217311730834394	0.000129182603409408
ctarjeta_master_delta1	0.000109048717219878	0.000558266753740288	8.10557511588439e-05
mcajeros_propios_descuentos_lag1	0.000108651739341819	0.000475322426276941	0.000101319688948555
mtarjeta_master_consumo_lag1	0.00010678315418403	0.000245915437458851	0.000197573393449682
mprestamos_hipotecarios	0.00010605704459135	0.00234421524347404	0.000253299222371387
Visa_Finiciomora_lag1	0.000103438153085829	0.000284182424113852	0.000113984650067124
ccajas_depositos_lag1	0.000102654413998516	0.000680634603881843	0.000113984650067124
cforex_sell_lag1	0.00010058575791279	3.67678193256185e-05	5.57258289217052e-05
Master_mpagosdolares_lag1	0.000100316570593305	0.000325394507068679	8.10557511588439e-05
catm_trx_other_lag1	9.89430321383995e-05	0.000225295413143972	0.000162111502317688
mcheques_emitidos_lag1	9.86979778872288e-05	0.00281722294047938	0.000227969300134249
ccajas_depositos_delta1	9.67135594533017e-05	0.000369130751127351	0.000121583626738266
cseguro_vivienda_delta1	9.44882933548528e-05	2.74921228342853e-05	7.34567744877023e-05
mbeneficios_lag1	9.39100494851664e-05	0.000300980680008144	0.00012411661896198
Visa_status_delta1	9.30441186177833e-05	9.6144747489638e-05	4.55938600268497e-05
ctarjeta_master_debitos_automaticos_delta1	9.18003859092343e-05	0.000335660809911969	0.000113984650067124
mplazo_fijo_pesos_delta1	9.08043066557423e-05	0.000139625778870433	6.0791813369133e-05
mtarjeta_master_descuentos_delta1	8.99215858412766e-05	0.000266468758460193	7.34567744877023e-05
cplazo_fijo_lag1	8.95983256949442e-05	0.000378615465144641	0.000103852681172269
minversion1_pesos_delta1	8.93622817697607e-05	0.00117361145001222	0.000174776463436257
minversion2_delta1	8.78466582925576e-05	0.000132619859417658	0.000103852681172269
cseguro_vida_lag1	8.64831529523596e-05	8.91029905423238e-05	0.000146913548975405
tcallcenter_lag1	8.46772170748593e-05	6.74706087949881e-05	0.000172243471212543
cinversion1_lag1	8.33176732645876e-05	9.11871583606078e-05	8.10557511588439e-05
ccajas_extracciones_lag1	8.2710533989655e-05	0.000113110175974065	0.00011145165784341
mpagodeservicios_lag1	8.20684763921129e-05	1.7295216295451e-05	4.55938600268497e-05
Master_status_delta1	8.18009417189958e-05	0.000212744211082347	6.0791813369133e-05
mforex_sell_delta1	8.06123932421274e-05	9.44415343098417e-05	0.000116517642290838
cpagodeservicios_delta1	7.86024225914622e-05	7.02680049005549e-05	3.54618911319942e-05
mpagodeservicios	7.62967682970909e-05	0.00121647185056272	0.000167177486765116
Visa_delinquency_lag1	7.58212977101773e-05	1.96097384138972e-05	7.59897667114162e-05
ctarjeta_master_debitos_automaticos_lag1	7.57829910063664e-05	8.21285583679887e-05	6.58577978165607e-05
minversion1_pesos_lag1	7.51453629593295e-05	0.000509099989916551	0.000106385673395983
Master_mconsumosdolares_lag1	7.4291625425185e-05	5.97102375785528e-05	5.06598444742775e-05
ccheques_depositados_delta1	7.35045849666109e-05	0.000829878296243491	0.000106385673395983
Master_msaldodolares_lag1	6.94271446997404e-05	0.000268665410437639	8.35887433825578e-05
cinversion2_lag1	6.93421700446795e-05	0.000123947807198513	5.31928366979913e-05
cliente_vip	6.93296159286623e-05	0.000249987032575477	0.000134248587856835
mcheques_emitidos_rechazados_delta1	6.51681726531785e-05	6.005804771342e-05	4.30608678031359e-05
cseguro_auto_lag1	6.49533636136487e-05	2.72396031473269e-05	6.33248055928468e-05
cforex_sell_delta1	6.20138620597594e-05	3.6599403816597e-05	7.85227589351301e-05
mplazo_fijo_pesos_lag1	6.14041596719826e-05	2.57561794571637e-05	4.55938600268497e-05
ctarjeta_master_descuentos_delta1	6.07018483933617e-05	0.000107610467057693	4.55938600268497e-05
mcheques_depositados_delta1	5.91508105730723e-05	0.00104539898096349	0.000136781580080549
ctarjeta_visa_delta1	5.83709813309312e-05	0.000104481833069069	3.79948833557081e-05
Master_madelantopesos	5.76860040561638e-05	1.84898684978209e-05	7.09237822639885e-05
cinversion1_delta1	5.66455793395902e-05	1.42788593128415e-05	3.79948833557081e-05
mforex_buy	5.66061796753512e-05	0.00156198921439197	0.00016971047898883
ccajeros_propios_descuentos_delta1	5.47911749723938e-05	7.28857992271283e-05	4.81268522505636e-05
ctarjeta_visa_lag1	5.36493237160113e-05	0.000126060769304317	0.000106385673395983
cpagodeservicios	5.08980051496533e-05	0.000279547372435678	9.62537045011272e-05
cforex_delta1	4.55008637074014e-05	2.48231616802478e-05	7.09237822639885e-05
Visa_delinquency_delta1	4.53747467782778e-05	0.000244985112672854	8.86547278299856e-05
Master_mconsumosdolares_delta1	4.36304166574587e-05	2.68429048696195e-05	2.78629144608526e-05
ccaja_seguridad_lag1	4.02083000539364e-05	5.46963027933678e-05	5.31928366979913e-05
cprestamos_prendarios_delta1	3.99273363007926e-05	1.51735537574463e-05	4.81268522505636e-05
ccheques_emitidos_rechazados_delta1	3.84426296321208e-05	4.14768246774952e-05	3.03959066845665e-05
ccheques_depositados_lag1	3.76259494397519e-05	0.000138648430319925	3.54618911319942e-05
mpayroll2	3.69022028547829e-05	1.97344446087691e-05	5.06598444742775e-05
minversion1_dolares_delta1	3.48393068908743e-05	0.000104446617033973	2.78629144608526e-05
mcheques_depositados_rechazados_lag1	3.35236058964115e-05	2.89001427787119e-05	2.0263937789711e-05
cforex_lag1	3.14207392823776e-05	3.60572840292549e-05	3.54618911319942e-05
mcheques_depositados_lag1	3.05568799323173e-05	0.000845719918902037	9.11877200536994e-05
ccheques_depositados_rechazados_lag1	3.0312065880346e-05	4.91141469242396e-05	1.51979533422832e-05
minversion2_lag1	2.98091025635787e-05	0.000186567717888647	0.000101319688948555
ccheques_emitidos_lag1	2.82302811151683e-05	0.000264070753623253	3.03959066845665e-05
cforex_buy_delta1	2.79444599311003e-05	4.60397870602944e-06	2.53299222371387e-06
Master_mpagosdolares_delta1	2.63124447398829e-05	5.41603976004545e-05	3.54618911319942e-05
mcheques_emitidos_rechazados_lag1	2.58104571328636e-05	1.75249491361703e-05	2.27969300134249e-05
minversion1_dolares_lag1	2.53959583036787e-05	5.38103087809634e-05	1.26649611185694e-05
mcheques_depositados_rechazados	2.52615131263624e-05	0.000760130660049777	4.55938600268497e-05
cseguro_accidentes_personales_delta1	2.43393232772638e-05	0.00275934807978881	0.00015704551787026
mprestamos_prendarios_lag1	2.42815946572497e-05	0.000796165778692236	9.11877200536994e-05
ctarjeta_master_lag1	2.27154057685364e-05	5.88708530243647e-05	8.86547278299856e-05
ccheques_emitidos_rechazados_lag1	2.20663416016553e-05	1.61749320730794e-05	1.77309455659971e-05
ccheques_emitidos_delta1	2.02883161513573e-05	3.2771213648434e-05	3.29288989082804e-05
Master_Fvencimiento_delta1	1.67538206833014e-05	9.48403041190253e-05	3.03959066845665e-05
Master_msaldodolares_delta1	1.64833007750362e-05	1.71574594522784e-05	3.03959066845665e-05
Master_madelantodolares	1.62712806558081e-05	2.68201180233805e-06	2.27969300134249e-05
cprestamos_prendarios_lag1	1.52140292841689e-05	0.000106813134592473	5.57258289217052e-05
Master_delinquency_delta1	1.41542539222475e-05	2.83895102698092e-05	1.77309455659971e-05
ccuenta_corriente	1.41208482252433e-05	4.2588615620814e-06	2.27969300134249e-05
Visa_madelantopesos_lag1	1.37851801247003e-05	5.55833325715104e-06	1.51979533422832e-05
mprestamos_hipotecarios_lag1	1.3763581329016e-05	5.79904521469462e-06	2.78629144608526e-05
mprestamos_hipotecarios_delta1	1.26899373805041e-05	0.000245657738943202	3.29288989082804e-05
ccheques_depositados_rechazados_delta1	1.25204064236738e-05	1.64376022642716e-05	1.01319688948555e-05
Visa_Finiciomora_delta1	1.19096914018821e-05	0.00018084304065395	2.0263937789711e-05
mplazo_fijo_pesos	1.18546979148518e-05	0.00337109266150812	0.000141847564527977
cforex_buy	1.16124479472293e-05	4.1905010233642e-05	5.06598444742775e-05
mcheques_depositados_rechazados_delta1	1.09867629610761e-05	9.67860936346939e-06	5.06598444742775e-06
cliente_vip_lag1	1.05590112026715e-05	0.000301510577759776	3.29288989082804e-05
Master_cadelantosefectivo	1.01090791215165e-05	4.53251087009782e-06	2.53299222371387e-05
Master_delinquency_lag1	9.42330545406228e-06	0.000176120984653773	3.29288989082804e-05
Master_Finiciomora_lag1	8.97145023341451e-06	0.00171662572464582	7.59897667114162e-05
Master_fultimo_cierre_delta1	7.45389085596991e-06	7.8718196098591e-08	2.53299222371387e-06
cpagodeservicios_lag1	5.53183309454563e-06	2.26749835393468e-06	1.01319688948555e-05
mcuenta_corriente_adicional	4.91798055248345e-06	0.00186782805001829	7.34567744877023e-05
Master_madelantopesos_delta1	4.41115846190463e-06	2.46864406028134e-06	5.06598444742775e-06
ccaja_ahorro_delta1	4.25654067896312e-06	0.00018474580595526	2.27969300134249e-05
ccheques_depositados_rechazados	4.11173917727944e-06	0.0008949368137875	4.30608678031359e-05
cseguro_vida_delta1	3.97790945168687e-06	1.50041024826867e-06	1.01319688948555e-05
cpayroll2_trx	3.21676963253775e-06	8.14111870177533e-08	2.53299222371387e-06
cprestamos_hipotecarios_lag1	2.59856440938718e-06	8.61549940984316e-07	1.26649611185694e-05
cinversion2_delta1	1.10760921445024e-06	1.69658427907226e-07	2.53299222371387e-06
mcuenta_corriente_adicional_lag1	1.03424485866618e-06	2.86492803169346e-07	1.01319688948555e-05
cliente_antiguedad_delta1	9.40548485403604e-07	1.9265242729392e-08	2.53299222371387e-06
mforex_buy_lag1	7.05885515038506e-07	0.000227514437661362	1.26649611185694e-05
Visa_madelantopesos_delta1	5.95410533641495e-07	1.86437832865084e-08	2.53299222371387e-06
mforex_buy_delta1	4.28470147070697e-07	3.8251035862634e-05	7.59897667114162e-06
Master_madelantopesos_lag1	2.9069922932742e-07	1.15591456376352e-07	2.53299222371387e-06
cforex_buy_lag1	1.36020957813448e-07	6.23530974359892e-08	2.53299222371387e-06
