Feature	Gain	Cover	Frequency
ctrx_quarter	0.235547820227292	0.0310886592143183	0.00806451612903226
ctrx_quarter_lag1	0.132436935033756	0.00481358982780425	0.00525946704067321
mcaja_ahorro	0.0663956770193108	0.0241815566416671	0.0122720897615708
Visa_status	0.0520111162179844	0.00712918440483179	0.00490883590462833
cpayroll_trx	0.0410719814429612	0.030767129362624	0.0101683029453015
mtarjeta_visa_consumo	0.0393841854709109	0.023193319884612	0.0108695652173913
mcuenta_corriente	0.0326813586437384	0.0100357860028578	0.017531556802244
mprestamos_personales	0.0258306938360247	0.0216987157867884	0.0259467040673212
foto_mes	0.0254527990020026	0.0319453223628388	0.0525946704067321
mpasivos_margen	0.0235205759697466	0.0064780067900345	0.00525946704067321
Visa_Finiciomora	0.0185555695103598	0.0150266577503258	0.00981767180925666
cdescubierto_preacordado	0.0171404047925137	0.00520921905202001	0.00490883590462833
mpayroll	0.0160488392834108	0.0289198935749024	0.00806451612903226
mcuentas_saldo	0.0125036295043412	0.019551146114994	0.020687237026648
ctarjeta_visa_transacciones	0.012334298649246	0.0111674488074846	0.00701262272089762
cdescubierto_preacordado_delta3	0.0106906143446652	0.0103132080552636	0.00350631136044881
Visa_mpagominimo	0.00821398382430362	0.0186090790778872	0.0122720897615708
ccaja_ahorro	0.00730472545030139	0.0135612665983532	0.0129733520336606
ctrx_quarter_delta1	0.00630691104595768	0.00543559775382726	0.0115708274894811
mprestamos_personales_delta1	0.00624273827945664	0.0148115835645833	0.0122720897615708
mactivos_margen	0.00579642178460976	0.012745913958156	0.0178821879382889
ccomisiones_mantenimiento_delta3	0.00577083366102679	0.00591756810329282	0.00806451612903226
cproductos_delta3	0.00495310639602585	0.010408027567562	0.00596072931276297
cproductos_delta1	0.00492331599882095	0.0115090211047529	0.0073632538569425
cproductos	0.00474394667894171	0.00840170667047483	0.00806451612903226
mprestamos_personales_delta3	0.00460294466047733	0.0111052451310772	0.0122720897615708
ccaja_seguridad	0.00437069532907446	0.0148918110229817	0.00666199158485274
mtarjeta_master_consumo	0.00341184628006136	0.00917241800743659	0.00806451612903226
Master_Finiciomora	0.00320194069456688	0.0114629378989582	0.00596072931276297
mcuenta_debitos_automaticos	0.00315380003845825	0.0126355507362686	0.00631136044880785
mrentabilidad_annual_lag3	0.00307230456735951	0.00627178588600601	0.00876577840112202
ctarjeta_master	0.0030681516385253	0.000704686618772239	0.0017531556802244
mpagomiscuentas	0.00299436952785747	0.014834149339636	0.00561009817671809
mcomisiones_mantenimiento_delta3	0.00286015615975264	0.00527339813493365	0.00596072931276297
mcuentas_saldo_delta3	0.00268869319636108	0.00639584718220662	0.00841514726507714
Master_fechaalta	0.00266756714537957	0.00361975218482122	0.00490883590462833
ccomisiones_mantenimiento_delta1	0.00260286649158904	0.00891065501682455	0.00631136044880785
mautoservicio	0.0024903003943124	0.0117957290096405	0.00280504908835905
mcuentas_saldo_delta1	0.00245197427684947	0.0126045354122185	0.0091164095371669
cdescubierto_preacordado_delta1	0.0023629016553229	0.0133864503320658	0.00280504908835905
Visa_mpagospesos	0.00236178049982822	0.00191728341405152	0.00561009817671809
mpayroll_delta3	0.00228762564055855	0.00398112180422845	0.00490883590462833
cprestamos_personales_delta3	0.00218112201346163	0.000771244840908691	0.0017531556802244
cliente_edad	0.00214287756146532	0.0127969284707034	0.0108695652173913
Visa_msaldototal	0.00194648327328922	0.00238541149894797	0.00420757363253857
ctrx_quarter_delta3	0.00189779569555542	0.00314568346138053	0.00701262272089762
mpayroll_delta1	0.00172843225137039	0.00674472992545047	0.0073632538569425
mpayroll_lag3	0.00171916338652437	0.0027746819328773	0.00350631136044881
mttarjeta_visa_debitos_automaticos_delta3	0.001686203395511	0.00500272418650525	0.00666199158485274
mcomisiones_otras_lag3	0.00163069500378771	0.000548225772064563	0.00210378681626928
Visa_mpagominimo_lag1	0.00158442535777261	0.00631087586438814	0.0073632538569425
mtransferencias_recibidas	0.00153178911481141	0.0048470131291284	0.00455820476858345
mcuenta_corriente_delta3	0.00152897621634417	0.00507778963374147	0.00596072931276297
ccomisiones_mantenimiento	0.00152709543209356	0.00345311150604502	0.00140252454417952
Visa_fechaalta	0.00150818859162503	0.0024917662317206	0.00525946704067321
mcomisiones_mantenimiento	0.00146459948034622	0.0080226737447164	0.00525946704067321
Visa_msaldopesos	0.00140848249814873	0.00327724265088941	0.00455820476858345
mcomisiones_mantenimiento_lag3	0.0013972768710868	0.00227891257591941	0.00525946704067321
ccaja_ahorro_delta3	0.00135908283466667	0.0041711645615418	0.00210378681626928
mcuentas_saldo_lag1	0.00135166072298625	0.00131211690992092	0.00490883590462833
internet	0.00129982054699843	0.00646564968510146	0.00561009817671809
ctarjeta_visa_transacciones_delta3	0.00128928371727659	0.00453002527049587	0.00561009817671809
thomebanking	0.00125464381336157	0.00660365417905033	0.00525946704067321
mcaja_ahorro_dolares_delta1	0.00124270021031413	0.00901248217556104	0.00490883590462833
cplazo_fijo	0.00123425912776799	0.0120832876370381	0.00350631136044881
mcuenta_corriente_lag3	0.00122242404270634	0.00101773808341793	0.00561009817671809
ctarjeta_visa_delta3	0.0011391808563806	0.00038641546686195	0.000701262272089762
cliente_edad_lag3	0.00113282485881254	0.00383279328795512	0.00631136044880785
mttarjeta_visa_debitos_automaticos_lag3	0.00110005938009239	0.000832612213831727	0.00385694249649369
ctarjeta_debito_transacciones	0.00107754970480409	0.00100447257987253	0.0017531556802244
mactivos_margen_lag1	0.00105910236393534	0.00424478810621873	0.00525946704067321
mrentabilidad_annual	0.00101394485309293	0.00117464591991898	0.00596072931276297
mcomisiones_mantenimiento_delta1	0.00100338348946587	0.00222425004989704	0.00280504908835905
mrentabilidad_annual_lag1	0.000993214928166939	0.00160387147376601	0.00455820476858345
mcaja_ahorro_dolares_lag3	0.000989420879082418	0.00330302386864937	0.00420757363253857
ccallcenter_transacciones_delta3	0.000966484810118113	0.00350526512161424	0.00350631136044881
internet_lag1	0.000965200703463164	0.00626053904604361	0.00385694249649369
Visa_mfinanciacion_limite_lag3	0.000955125015216744	0.0024468077099222	0.00561009817671809
Visa_Fvencimiento	0.000936532775253461	0.0012097562472375	0.00385694249649369
Master_status	0.000912083996291827	0.00437079597087438	0.00245441795231417
Master_mpagospesos	0.000903393408612553	0.00150006890852331	0.00105189340813464
mcomisiones_lag3	0.000880811071047017	0.000181766236623073	0.0017531556802244
ctarjeta_visa_debitos_automaticos_delta3	0.000846648556037676	0.00422049204809483	0.00350631136044881
ctarjeta_master_transacciones	0.000840955025308307	0.00414509496326998	0.00245441795231417
cdescubierto_preacordado_lag3	0.000823212871454685	0.000164319215655763	0.00140252454417952
cliente_antiguedad	0.000820929222319854	0.00613138783380873	0.00385694249649369
cliente_edad_lag1	0.000804565493024255	0.00207525825844644	0.00455820476858345
Master_mpagominimo	0.000804225487705837	0.00200489341355349	0.00315568022440393
ccaja_ahorro_delta1	0.000787561749182411	0.00913769699380908	0.00210378681626928
Visa_cconsumos_delta3	0.000782696294862819	0.00173824237326549	0.00490883590462833
Visa_mpagominimo_lag3	0.000778291784993575	0.00165417945405936	0.00315568022440393
mcaja_ahorro_lag1	0.000770261930903406	0.00386687986445655	0.00455820476858345
mcuenta_corriente_lag1	0.000755691226891589	0.00127813126659864	0.00455820476858345
ccallcenter_transacciones_delta1	0.000741238104019088	0.00353480970505393	0.00315568022440393
tcuentas_lag1	0.000731279188823625	0.000245065758975548	0.000350631136044881
chomebanking_transacciones	0.000725058127734254	0.00098301706979042	0.00455820476858345
Visa_cconsumos_lag1	0.00071450332589888	0.00102679323149022	0.00455820476858345
tcallcenter	0.000705618905520129	0.00229885408831428	0.00245441795231417
cprestamos_personales	0.000702419218272751	0.00169883517632032	0.00315568022440393
cprestamos_personales_delta1	0.000691614111782189	0.000206091132798159	0.00140252454417952
Master_mfinanciacion_limite	0.000684954301545687	0.00140000087090915	0.00385694249649369
cmobile_app_trx	0.000680987292998088	0.00194877456594624	0.00350631136044881
ctarjeta_visa_transacciones_delta1	0.00066441656173266	0.00730072755230956	0.00280504908835905
mcaja_ahorro_dolares_delta3	0.000658987752754317	0.0012248097099564	0.00315568022440393
ccomisiones_mantenimiento_lag3	0.000646515160219131	0.000466066164236681	0.0017531556802244
mpasivos_margen_lag1	0.000643066030658205	0.002209874281381	0.00245441795231417
Visa_mpagospesos_delta3	0.000627029762751134	0.00237862013789376	0.00420757363253857
mrentabilidad	0.000624069018379516	0.00172568340197414	0.00315568022440393
Master_msaldopesos	0.000624024504989337	0.00105137767012597	0.00245441795231417
mprestamos_prendarios	0.000604170650639656	0.00588946542241242	0.00210378681626928
mtarjeta_visa_consumo_delta1	0.000602414743167084	0.0017243568516196	0.00350631136044881
mprestamos_hipotecarios	0.000592054090984572	0.0113608511977611	0.00210378681626928
Master_fechaalta_lag1	0.000591715433431896	0.00109137604712045	0.00280504908835905
mrentabilidad_annual_delta1	0.000571877352510104	0.00179095833083283	0.00350631136044881
cmobile_app_trx_lag3	0.000568892276969218	0.00154140825489792	0.00280504908835905
ccallcenter_transacciones	0.000564668533324792	0.00386540912384608	0.00280504908835905
Visa_Finiciomora_lag1	0.000561562918413001	0.00110606903419954	0.00140252454417952
ctarjeta_visa_delta1	0.000526280432914873	0.00036932892153446	0.000701262272089762
mprestamos_personales_lag3	0.000524463342017361	0.000138711026202917	0.00105189340813464
Visa_msaldototal_delta3	0.000518153668185836	0.000568023094203503	0.00280504908835905
Master_msaldototal	0.000505281363167651	0.00278196354080168	0.00210378681626928
ccaja_seguridad_lag1	0.000501434028793879	0.00174040522710441	0.000701262272089762
mpayroll_lag1	0.000492264487430062	0.00212308616633782	0.00210378681626928
Visa_fechaalta_lag3	0.000482820815653942	0.00100768802257973	0.00280504908835905
mplazo_fijo_dolares	0.000473598451581488	0.00485903859647281	0.00140252454417952
mcaja_ahorro_delta1	0.00047350195212539	0.000582557472001064	0.00280504908835905
mtransferencias_emitidas	0.000472133198928747	0.00205523023189802	0.00245441795231417
chomebanking_transacciones_delta1	0.000465459165766049	0.00234348097252406	0.00315568022440393
ctarjeta_visa	0.000456393964885299	0.00116044317971005	0.0017531556802244
mcuenta_corriente_delta1	0.000450923240963442	0.00071512599330144	0.00210378681626928
Visa_Fvencimiento_lag3	0.000447671747542608	0.00109483661326273	0.00315568022440393
Visa_mfinanciacion_limite	0.000446701664594862	0.000553589649585091	0.00280504908835905
mcomisiones_lag1	0.000446002188451523	0.000667024123923796	0.00245441795231417
ccajas_consultas	0.000444409429164292	0.00550759194861221	0.00210378681626928
mprestamos_personales_lag1	0.000444388875736714	0.00220334246278745	0.00210378681626928
numero_de_cliente	0.000443258117411113	0.000868371397301918	0.00315568022440393
internet_lag3	0.000437557459513748	0.001079033361213	0.00140252454417952
cliente_antiguedad_lag3	0.000435401708208125	0.00136846646193765	0.00245441795231417
Visa_fultimo_cierre_delta1	0.000434741394368097	3.09720669733747e-05	0.000350631136044881
chomebanking_transacciones_lag3	0.000430205697207493	0.000556920444497032	0.00280504908835905
mcaja_ahorro_dolares	0.000429423967377741	0.000628856963179605	0.0017531556802244
Visa_mconsumosdolares	0.000428097862971637	0.00049972016997032	0.00245441795231417
ctarjeta_master_delta3	0.00041028161055652	0.000639325175759992	0.00105189340813464
mactivos_margen_delta1	0.00040959687131784	0.00126061215050337	0.00280504908835905
Visa_delinquency	0.000402126731205654	0.000322351736153056	0.00105189340813464
Master_msaldototal_lag3	0.000397084762405292	0.000201231921173379	0.00105189340813464
ccuenta_debitos_automaticos_delta3	0.000396638312147551	0.00293992396617101	0.0017531556802244
Visa_mpagominimo_delta1	0.000395549862815617	0.00331763034157489	0.00280504908835905
mtransferencias_recibidas_lag3	0.000391996601218444	0.000345277986845638	0.00210378681626928
Visa_mlimitecompra	0.000388165120224766	0.000867650446022277	0.00280504908835905
ctransferencias_emitidas_delta1	0.000383249079002844	0.00111704191267567	0.00210378681626928
Visa_mfinanciacion_limite_lag1	0.000377871053951908	0.000140931556144211	0.0017531556802244
Master_Fvencimiento	0.000373825201108354	0.000551412376720576	0.00245441795231417
cliente_antiguedad_lag1	0.00037239294872826	0.00101468124999225	0.00210378681626928
minversion1_pesos	0.000371660577963402	0.00795692298801315	0.0017531556802244
mttarjeta_visa_debitos_automaticos_lag1	0.000371135994413245	0.00058744552167703	0.00245441795231417
Visa_mconsumospesos	0.000370569835716444	0.00167970112935864	0.00210378681626928
ctransferencias_recibidas	0.000369917894014463	0.000126815330088841	0.00140252454417952
mpasivos_margen_delta1	0.000368896062001978	0.000293066695174042	0.00210378681626928
cpagomiscuentas_delta3	0.000360527144887235	0.00450402776735202	0.00210378681626928
ccheques_emitidos_rechazados	0.000360018023522453	0.00582501237801252	0.00105189340813464
mactivos_margen_lag3	0.0003585386421729	0.000623392152479927	0.00210378681626928
matm	0.000358191977977972	3.93495208428024e-05	0.000350631136044881
mtarjeta_visa_consumo_delta3	0.000357157233684367	0.000180050372577528	0.0017531556802244
mcaja_ahorro_delta3	0.0003569663849154	0.000703547515750406	0.00210378681626928
mcuenta_debitos_automaticos_delta3	0.000353727872306148	0.00211968327629792	0.00140252454417952
Master_mpagominimo_delta1	0.000351391568933398	0.00171798364230758	0.00210378681626928
Visa_fultimo_cierre_lag1	0.000351087353648498	0.000198593239489893	0.00140252454417952
mttarjeta_visa_debitos_automaticos_delta1	0.000350256930070415	0.00217731612159241	0.0017531556802244
Visa_cconsumos_delta1	0.000343972109952927	0.00219141792862219	0.0017531556802244
cmobile_app_trx_lag1	0.000342487723024248	0.00150201547697834	0.00210378681626928
Master_fechaalta_lag3	0.000341213259176319	0.00122550182318485	0.00245441795231417
ccajas_consultas_delta3	0.00033363541487758	0.00621410978363474	0.0017531556802244
Visa_mconsumospesos_lag3	0.000332515198821306	0.000769009891941804	0.0017531556802244
ccajas_otras	0.00032949225448957	0.00140347585607702	0.00140252454417952
chomebanking_transacciones_delta3	0.000321785684285213	0.000729761304278151	0.00245441795231417
Visa_mpagominimo_delta3	0.000321240718633631	0.000521593831794626	0.00140252454417952
mtarjeta_master_consumo_delta3	0.000316127575238131	0.00387564663201698	0.00105189340813464
mpasivos_margen_lag3	0.000315384508010407	0.00150253456189968	0.00245441795231417
ccuenta_debitos_automaticos	0.000312879993764473	0.000904346866156001	0.00105189340813464
Master_mconsumospesos	0.000309628080594562	0.000783284727278694	0.00140252454417952
Master_mfinanciacion_limite_lag3	0.00030460360990537	0.000274293123852191	0.00210378681626928
ctarjeta_debito_delta3	0.000303009902613421	0.00485416496582244	0.00140252454417952
Visa_mpagospesos_delta1	0.000302911033145529	0.00165665952646132	0.00210378681626928
ctransferencias_recibidas_lag1	0.000300412178373541	0.00026630498367377	0.00140252454417952
cprestamos_personales_lag3	0.000299227706443304	0.00143130457547116	0.00105189340813464
mcomisiones	0.000293504150805491	0.00110588158686683	0.00210378681626928
cproductos_lag3	0.000290200223015302	0.000138595673998174	0.00140252454417952
Visa_fechaalta_delta3	0.000287200910271039	0.000235635716237844	0.00140252454417952
Visa_msaldopesos_lag3	0.000283502583964053	8.9989138724782e-05	0.0017531556802244
Visa_mpagospesos_lag3	0.000282250815120624	0.00145051071756079	0.0017531556802244
mtransferencias_emitidas_delta3	0.000279720661915782	0.000487377484062867	0.00210378681626928
ctarjeta_visa_transacciones_lag3	0.000273374110129663	0.000182746730363385	0.00105189340813464
Visa_cconsumos_lag3	0.000272585992689812	0.000265526356291758	0.0017531556802244
Master_cconsumos	0.000271431065954788	0.000932636994369111	0.000701262272089762
ctarjeta_visa_debitos_automaticos_lag3	0.00026964089039603	0.000424510532478177	0.00105189340813464
mpagomiscuentas_delta3	0.000266472875643609	0.000280767266343367	0.00140252454417952
cmobile_app_trx_delta3	0.00026544384507723	0.000290211728106663	0.00105189340813464
cdescubierto_preacordado_lag1	0.00026275308788043	4.11086419651263e-05	0.000701262272089762
Visa_Fvencimiento_lag1	0.000261944180011821	0.00036288361709447	0.0017531556802244
tmobile_app_delta3	0.000260679321850246	0.00108498841878283	0.00140252454417952
mcomisiones_otras_lag1	0.000260326144406041	7.74013293822512e-05	0.000701262272089762
mcomisiones_mantenimiento_lag1	0.000259886627146654	0.000737864796661315	0.00140252454417952
ctrx_quarter_lag3	0.000259681455511235	0.000242556848522397	0.00140252454417952
mactivos_margen_delta3	0.000258241259308479	0.000242729876829511	0.0017531556802244
tmobile_app_delta1	0.000253328433307376	0.00086168096942685	0.00140252454417952
Master_mfinanciacion_limite_lag1	0.000251209945440192	0.000100788988893803	0.00140252454417952
mextraccion_autoservicio	0.000249343264187479	0.000304486563443554	0.00140252454417952
Visa_delinquency_lag1	0.000247401761947988	0.000165342966472853	0.000701262272089762
mcuentas_saldo_lag3	0.000247023819308258	0.000492525076199504	0.0017531556802244
Visa_mpagospesos_lag1	0.000244496827070952	0.000162444742328696	0.0017531556802244
Visa_fultimo_cierre	0.00024225985574671	0.00125268168642732	0.0017531556802244
mttarjeta_master_debitos_automaticos_delta3	0.000239961752395374	0.00155758640161306	0.00140252454417952
ctarjeta_visa_transacciones_lag1	0.000238588410513246	0.00136108392083413	0.0017531556802244
tmobile_app	0.000238442466329177	0.000818669016083472	0.000701262272089762
chomebanking_transacciones_lag1	0.000230714157691346	0.000729213381305624	0.00140252454417952
Visa_mlimitecompra_lag3	0.000229793385266084	0.00149565668669191	0.00140252454417952
mtransferencias_emitidas_delta1	0.000221890909315789	0.000676367652507943	0.0017531556802244
Master_mlimitecompra	0.000221210598858183	0.000310009050245604	0.00105189340813464
mttarjeta_visa_debitos_automaticos	0.000216713955494326	0.000168803532615129	0.00140252454417952
mcheques_emitidos_rechazados	0.000213485139945376	0.0061507237471287	0.00105189340813464
Visa_msaldototal_lag1	0.000212931705070927	0.000181232732676139	0.00140252454417952
cextraccion_autoservicio_lag3	0.000212030309633654	0.000243292218827631	0.00140252454417952
mextraccion_autoservicio_delta1	0.000211312176072173	0.0012804238916679	0.00140252454417952
mtransferencias_emitidas_lag1	0.000204910825615778	0.000371261070963898	0.00105189340813464
ctransferencias_emitidas_lag1	0.000204047070534483	0.00339144133358453	0.00140252454417952
mrentabilidad_annual_delta3	0.000203698033472327	0.000675906243688973	0.0017531556802244
Master_mlimitecompra_lag1	0.000203332366351513	0.000270846976735508	0.00140252454417952
ccaja_ahorro_lag1	0.000202530385770387	0.000217410067888521	0.00105189340813464
Visa_msaldopesos_lag1	0.000202275206886125	0.00031607946002018	0.00105189340813464
Visa_fechaalta_lag1	0.000200363475421284	0.000214929995486557	0.00140252454417952
ctransferencias_emitidas_delta3	0.000198445524817061	0.000644919757690005	0.00140252454417952
Master_mpagospesos_lag1	0.00019583633600206	0.000387468055730226	0.00140252454417952
Visa_fechaalta_delta1	0.000194822502065519	0.000364613900165608	0.000701262272089762
Master_Fvencimiento_lag3	0.000193465533252817	0.000138610093023767	0.00140252454417952
mcaja_ahorro_lag3	0.000193305691662243	0.000387136418141591	0.00140252454417952
Master_cconsumos_lag1	0.000193148862556539	0.000154903591943652	0.00105189340813464
ccheques_emitidos	0.000192233878099838	0.00518271688298041	0.000701262272089762
Visa_msaldopesos_delta3	0.000190736690252039	0.000271870727552598	0.00140252454417952
mpasivos_margen_delta3	0.000190559881661372	0.000501609062322979	0.00140252454417952
ccajas_consultas_delta1	0.000189891512636682	0.000950314719745907	0.000701262272089762
mtarjeta_visa_consumo_lag1	0.000184103669715111	0.00306932030184096	0.00105189340813464
mrentabilidad_lag3	0.000182488206857073	0.000233674728757221	0.00105189340813464
ctarjeta_visa_lag3	0.000180682868933708	1.68558409180051e-05	0.000350631136044881
Visa_mconsumospesos_delta1	0.000180251641004727	0.000184318404153002	0.00140252454417952
mautoservicio_delta3	0.000175378674033293	0.00106410966972443	0.00105189340813464
mextraccion_autoservicio_delta3	0.000170025194309317	0.000513475920385869	0.00105189340813464
ccajeros_propios_descuentos_lag1	0.000167891367040502	0.000926364718236235	0.000701262272089762
mplazo_fijo_dolares_delta1	0.000166551031141893	0.00107477974866312	0.000701262272089762
mcomisiones_otras	0.000165402946031276	0.000110103679426764	0.00105189340813464
mautoservicio_lag1	0.000164862891729435	8.17991321880609e-05	0.00105189340813464
Master_Fvencimiento_lag1	0.000162813102794468	0.000424928684220369	0.00105189340813464
Master_mconsumospesos_delta1	0.000151787656593008	0.000158868823981677	0.000701262272089762
cpayroll_trx_lag3	0.000150017109300598	0.000222456726846008	0.000350631136044881
Visa_msaldototal_delta1	0.000149295486396452	0.000437199274999858	0.00105189340813464
Master_mconsumospesos_lag3	0.000149099677735334	6.59093659847746e-05	0.00105189340813464
Visa_mconsumosdolares_delta1	0.000148739818571133	0.000539819480143949	0.00105189340813464
Visa_cconsumos	0.000147474723408378	0.000161651695921091	0.00105189340813464
minversion2	0.000146615559868004	0.00469774737619154	0.000701262272089762
tcuentas	0.000146528777460259	0.000197728097954324	0.000701262272089762
mcaja_ahorro_dolares_lag1	0.000146032259989521	0.000182789987440164	0.00105189340813464
Master_msaldototal_delta3	0.00014603214291665	0.000393105894737018	0.00105189340813464
ccomisiones_otras	0.000141693325205624	0.000136317467954509	0.00105189340813464
ctarjeta_debito_transacciones_lag1	0.000140240690724106	0.000295445834396857	0.00105189340813464
Master_mlimitecompra_lag3	0.00013998108305877	0.000521175680052435	0.00105189340813464
Master_mconsumospesos_lag1	0.000139303896448034	4.16854029888391e-05	0.000701262272089762
Master_mpagominimo_delta3	0.000138256688176743	0.00050289235560074	0.00105189340813464
Visa_mconsumosdolares_delta3	0.000137798513499213	7.49789330826576e-05	0.00105189340813464
mrentabilidad_delta1	0.000137528186527524	0.000825993881084623	0.00105189340813464
mrentabilidad_delta3	0.000137279101143463	0.000290817327181562	0.000701262272089762
Master_fechaalta_delta1	0.000136267208903331	0.00053317230934566	0.000701262272089762
matm_other_lag1	0.000135384839235432	0.000371188975835934	0.00105189340813464
Master_fechaalta_delta3	0.000133453525191217	0.00028666464781083	0.000701262272089762
ccajas_transacciones	0.000131839787016459	0.000470507224119269	0.000701262272089762
active_quarter	0.00013146874596529	0.000124998532864146	0.000350631136044881
Master_Finiciomora_lag1	0.000130967811135221	0.000420934614131158	0.000701262272089762
ccajeros_propios_descuentos_delta1	0.000130229880836674	0.000328450983978819	0.000701262272089762
Master_delinquency_lag1	0.000128196747659287	0.000311652819163185	0.000701262272089762
mtransferencias_recibidas_lag1	0.0001274401999187	0.00124600567757784	0.000701262272089762
cplazo_fijo_delta3	0.000127110442759711	0.00358498791411694	0.000701262272089762
mrentabilidad_lag1	0.000126759049962941	5.83537965741376e-05	0.00105189340813464
cpayroll_trx_delta1	0.000126755026653763	0.000168010486207524	0.000701262272089762
Master_mpagominimo_lag1	0.000125932375572189	0.000143469304648547	0.000701262272089762
ccomisiones_otras_lag3	0.000124231883544045	6.2535313996055e-05	0.000701262272089762
Master_fultimo_cierre_lag1	0.000123264587501734	0.000295373739268893	0.00105189340813464
mcuenta_debitos_automaticos_lag3	0.000122436939407341	0.00155021827953513	0.000701262272089762
mtransferencias_recibidas_delta1	0.000121513694174594	4.69916044069964e-05	0.000701262272089762
mplazo_fijo_dolares_lag3	0.000120085904840806	0.000598115600615715	0.000701262272089762
mextraccion_autoservicio_lag1	0.000119909507432908	2.27388033598752e-05	0.000350631136044881
Visa_mlimitecompra_delta3	0.000118982684338983	7.69255015376881e-05	0.000701262272089762
mforex_buy_delta3	0.000117156553131425	0.000401396834452889	0.000701262272089762
ctarjeta_visa_descuentos_delta1	0.000116637297824649	0.000227661995085016	0.000701262272089762
matm_lag1	0.000115764105527719	3.16353421506444e-05	0.000701262272089762
mcheques_depositados_lag1	0.000115576234978392	0.00239159726092729	0.000350631136044881
Master_Fvencimiento_delta1	0.000115517946965451	0.000404338315673824	0.00105189340813464
mextraccion_autoservicio_lag3	0.000114386831710363	3.04097249752548e-05	0.000701262272089762
Visa_mpagado	0.000113091540313011	5.2989919053609e-05	0.000701262272089762
mpagomiscuentas_delta1	0.000112676168619559	4.17863361679888e-05	0.000701262272089762
mcheques_emitidos_delta1	0.000111167481931407	0.00315796847118561	0.000701262272089762
ctransferencias_recibidas_lag3	0.000109437910144101	3.10874191781173e-05	0.000701262272089762
mcomisiones_delta1	0.000109105017716499	0.000357433225420385	0.000701262272089762
mttarjeta_master_debitos_automaticos_delta1	0.000108035731214862	0.00031132118157455	0.000701262272089762
Master_status_delta3	0.000104623833682582	5.90459098025929e-05	0.000701262272089762
mcomisiones_otras_delta3	0.000103757417335032	0.000836851407356016	0.000701262272089762
Visa_Fvencimiento_delta3	0.000102504877523912	0.000356755531217522	0.000701262272089762
ctarjeta_master_transacciones_lag1	0.000102082909773541	0.000214627195949107	0.000701262272089762
Master_mpagospesos_delta1	0.000101782400844433	0.000178940107606881	0.000701262272089762
Visa_mpagado_lag3	0.000101676586956443	0.000581101150416189	0.000701262272089762
cprestamos_personales_lag1	0.000101207099041894	7.13741766844529e-05	0.000350631136044881
Visa_mconsumospesos_lag1	0.000100707914594029	0.000103629536935589	0.000701262272089762
cprestamos_hipotecarios	0.000100544603648842	0.00263005910618133	0.000350631136044881
Master_mlimitecompra_delta1	9.93384218394892e-05	0.000183424424566248	0.000701262272089762
mtransferencias_recibidas_delta3	9.81105672716875e-05	0.000323923409942674	0.000701262272089762
Visa_mpagosdolares_delta1	9.70124894099133e-05	0.000186697543375817	0.000701262272089762
Visa_delinquency_delta1	9.65448403960816e-05	0.000109065509584081	0.000701262272089762
cproductos_lag1	9.64211086478456e-05	0.000518090008575571	0.000701262272089762
ctarjeta_master_descuentos_delta1	9.61055544270027e-05	8.73216189901105e-05	0.000350631136044881
mtransferencias_emitidas_lag3	9.57992946500006e-05	3.37405198871959e-05	0.000701262272089762
Master_cconsumos_delta3	9.50909323901545e-05	0.00245188320693087	0.000350631136044881
cpagomiscuentas	9.17684071459763e-05	4.78855839937511e-05	0.000701262272089762
ctarjeta_master_transacciones_delta3	9.12065258921479e-05	0.000250256608188963	0.000701262272089762
ctarjeta_debito_transacciones_delta1	9.00609307216319e-05	0.000200539807944923	0.000701262272089762
ccajas_otras_lag3	8.90227056516692e-05	0.000205802752286302	0.000701262272089762
cpagomiscuentas_lag3	8.84118907928947e-05	0.000205298086390554	0.000701262272089762
Visa_mpagado_delta1	8.79247048866641e-05	7.17779094010519e-05	0.000701262272089762
mautoservicio_delta1	8.66437820427393e-05	4.94140007065899e-05	0.000701262272089762
Visa_mfinanciacion_limite_delta3	8.32909463465274e-05	0.000167606753490925	0.000701262272089762
Master_fultimo_cierre_delta3	8.21382354297592e-05	0.00197142685515255	0.000350631136044881
mforex_sell_delta3	8.02263611931229e-05	9.53097591685321e-05	0.000350631136044881
mtarjeta_visa_descuentos_lag3	7.98069576241864e-05	0.000503238412214968	0.000701262272089762
thomebanking_delta3	7.95045869508743e-05	0.000810046438778966	0.000350631136044881
ctransferencias_recibidas_delta3	7.68202487739676e-05	0.000914122965507932	0.000350631136044881
ccuenta_debitos_automaticos_delta1	7.64030381797989e-05	0.000311739333316742	0.000701262272089762
internet_delta3	7.39823452545856e-05	0.000399882836765643	0.000350631136044881
cmobile_app_trx_delta1	7.32446548126539e-05	0.000111862800549088	0.000350631136044881
mautoservicio_lag3	7.28361047555572e-05	0.00205484091820701	0.000350631136044881
ctransferencias_emitidas	7.09987631066727e-05	1.83986766564368e-05	0.000350631136044881
ctarjeta_master_debitos_automaticos_delta1	6.97475796276025e-05	0.000461884646814764	0.000350631136044881
Master_mpagado_delta3	6.96384163133067e-05	8.88211976517636e-06	0.000350631136044881
cextraccion_autoservicio_delta3	6.87810831073418e-05	2.47574669428698e-05	0.000350631136044881
mpagodeservicios_delta3	6.7770858441773e-05	0.000560150306229824	0.000350631136044881
Master_delinquency_delta3	6.57487986447903e-05	5.08991603426503e-05	0.000350631136044881
mpagomiscuentas_lag3	6.55233105829722e-05	1.10161355529135e-05	0.000350631136044881
Master_fultimo_cierre	6.40358569161414e-05	0.000499691331919135	0.000350631136044881
Visa_mpagado_delta3	6.20520142731879e-05	0.000486411409348149	0.000350631136044881
Master_msaldototal_delta1	6.18979406631233e-05	3.28753783516268e-05	0.000350631136044881
Master_cconsumos_delta1	6.03787059947725e-05	1.04682125803864e-05	0.000350631136044881
Visa_msaldodolares_delta1	6.02894507795421e-05	8.31689396193787e-05	0.000350631136044881
Visa_fultimo_cierre_delta3	5.9740384722014e-05	2.25657750527614e-05	0.000350631136044881
mcheques_emitidos	5.93545239585452e-05	0.00130858424865067	0.000350631136044881
minversion2_delta1	5.85465783718336e-05	0.00238507986135934	0.000350631136044881
Master_fultimo_cierre_lag3	5.8423903134879e-05	1.19822102676324e-05	0.000350631136044881
Visa_fultimo_cierre_lag3	5.82916279224428e-05	7.08406727375186e-05	0.000350631136044881
mpagomiscuentas_lag1	5.79606143716602e-05	5.03944944469016e-05	0.000350631136044881
mtarjeta_master_descuentos_delta1	5.7254527894223e-05	7.75022625614009e-05	0.000350631136044881
mtarjeta_visa_descuentos_lag1	5.67857738266996e-05	0.000215463499433491	0.000350631136044881
ctarjeta_visa_descuentos_delta3	5.67477851075422e-05	7.71417869215804e-06	0.000350631136044881
ccomisiones_otras_lag1	5.64804649098508e-05	0.00037838406960675	0.000350631136044881
ctarjeta_master_transacciones_delta1	5.64503514828939e-05	7.04081019697341e-05	0.000350631136044881
cprestamos_prendarios	5.61082988169382e-05	0.000269304140997076	0.000350631136044881
ctransferencias_recibidas_delta1	5.60564212575836e-05	0.00113391217261927	0.000350631136044881
Master_mpagospesos_delta3	5.60548907439435e-05	0.00028088261854811	0.000350631136044881
Master_mpagado	5.48675776549901e-05	8.56345929957507e-05	0.000350631136044881
Visa_mlimitecompra_lag1	5.44482740263099e-05	0.000180136886731085	0.000350631136044881
Master_mconsumospesos_delta3	5.39141990072346e-05	0.000153259823026071	0.000350631136044881
Master_mlimitecompra_delta3	5.33787933550319e-05	0.000176863767921515	0.000350631136044881
mtarjeta_visa_consumo_lag3	5.32847010313941e-05	1.79084297862809e-05	0.000350631136044881
Master_mconsumosdolares_lag1	5.31697697365889e-05	0.000161392153460421	0.000350631136044881
tcallcenter_delta1	5.30136916105254e-05	8.73504570412961e-05	0.000350631136044881
active_quarter_delta3	5.28694749651731e-05	0.000179473611553815	0.000350631136044881
Master_msaldototal_lag1	5.28219091140211e-05	8.75234853484099e-06	0.000350631136044881
cpayroll_trx_delta3	5.24263969772246e-05	6.77405822350626e-05	0.000350631136044881
ccallcenter_transacciones_lag1	5.20018564791115e-05	3.27744451724771e-05	0.000350631136044881
cseguro_vivienda_lag3	5.17274205351679e-05	6.31985891733247e-05	0.000350631136044881
ctarjeta_visa_debitos_automaticos	5.09725517908871e-05	0.00013617327769858	0.000350631136044881
Visa_mpagado_lag1	5.08412302940401e-05	5.63783900679214e-05	0.000350631136044881
mttarjeta_master_debitos_automaticos	5.06484369732287e-05	0.000171889204091993	0.000350631136044881
ctarjeta_debito	5.03169037331131e-05	0.000238894416021821	0.000350631136044881
Master_mpagosdolares	4.9971818594236e-05	0.000160325145566552	0.000350631136044881
ctarjeta_debito_lag3	4.97945588446976e-05	0.000389140662698993	0.000350631136044881
cpayroll_trx_lag1	4.93106309908241e-05	9.73140037259339e-05	0.000350631136044881
cseguro_auto_lag3	4.91412522443581e-05	0.000463557253783531	0.000350631136044881
Visa_Finiciomora_lag3	4.86010037728761e-05	0.00105704434718395	0.000350631136044881
ccomisiones_otras_delta1	4.83071851300719e-05	4.4078961237247e-05	0.000350631136044881
Visa_msaldototal_lag3	4.76985746678091e-05	0.00062872719194927	0.000350631136044881
mcuenta_debitos_automaticos_lag1	4.76339304545645e-05	0.000100068037614162	0.000350631136044881
Visa_mconsumosdolares_lag1	4.71352228644943e-05	8.97728533408897e-05	0.000350631136044881
ccajas_extracciones	4.71289351946518e-05	1.28329327776087e-05	0.000350631136044881
matm_delta3	4.68555100750153e-05	1.66539745597057e-05	0.000350631136044881
catm_trx_other	4.6602272887162e-05	3.02511156937338e-05	0.000350631136044881
ctarjeta_debito_transacciones_delta3	4.65474456625271e-05	5.3941574742735e-05	0.000350631136044881
catm_trx_other_lag1	4.62701799816107e-05	0.000480787989366949	0.000350631136044881
mcheques_depositados	4.59600453780981e-05	0.000249665428139657	0.000350631136044881
thomebanking_delta1	4.59531666330251e-05	0.000396537622828109	0.000350631136044881
Visa_mconsumospesos_delta3	4.57640968006218e-05	0.000116794107301832	0.000350631136044881
ctarjeta_visa_debitos_automaticos_lag1	4.54842241067326e-05	0.000135019755651155	0.000350631136044881
mcaja_ahorro_adicional_delta3	4.52649865940904e-05	0.000488891481750113	0.000350631136044881
Visa_Fvencimiento_delta1	4.49303295071047e-05	6.58516898824033e-05	0.000350631136044881
ccuenta_debitos_automaticos_lag1	4.48616362857599e-05	5.37252893588428e-05	0.000350631136044881
Master_mfinanciacion_limite_delta3	4.40819737915961e-05	0.000109094347635267	0.000350631136044881
cinversion1	4.31778285695557e-05	0.000142431134805864	0.000350631136044881
Visa_mconsumosdolares_lag3	4.30258622711821e-05	0.000149755999807016	0.000350631136044881
ccajas_transacciones_delta3	4.29990011857105e-05	0.00016010886018266	0.000350631136044881
ccheques_depositados_lag3	4.13618512920434e-05	0.000503872849341052	0.000350631136044881
cinversion2	4.13596326183524e-05	0.000239557691199091	0.000350631136044881
Visa_mconsumototal_delta3	4.10085082325557e-05	3.20390748672433e-05	0.000350631136044881
matm_lag3	4.09465538399249e-05	8.73216189901105e-05	0.000350631136044881
catm_trx_lag1	4.08663046695099e-05	8.60815827891281e-06	0.000350631136044881
ctarjeta_master_debitos_automaticos_delta3	4.04852895807562e-05	9.63046719344366e-05	0.000350631136044881
thomebanking_lag1	4.02250108879839e-05	1.18812770884827e-05	0.000350631136044881
cseguro_vida_lag1	3.98846400737708e-05	6.11655065647372e-05	0.000350631136044881
cforex_delta3	3.93397600852658e-05	2.05326924441739e-05	0.000350631136044881
tcallcenter_delta3	3.91158310914468e-05	0.000132842482786639	0.000350631136044881
ccheques_emitidos_delta3	3.82886427222336e-05	0.00012302312635793	0.000350631136044881
ctarjeta_debito_lag1	3.82491634655385e-05	0.000449570798958496	0.000350631136044881
Master_mpagominimo_lag3	3.78656612921196e-05	2.21908803873481e-05	0.000350631136044881
internet_delta1	3.77067591399553e-05	2.39644205352648e-05	0.000350631136044881
mtarjeta_visa_descuentos_delta1	3.76586793103421e-05	1.10017165273207e-05	0.000350631136044881
catm_trx_lag3	3.76385684753281e-05	0.000133275053554424	0.000350631136044881
Visa_Finiciomora_delta1	3.75300818993396e-05	0.000471559812987545	0.000350631136044881
Master_mpagospesos_lag3	3.70132137369723e-05	1.06124028363146e-05	0.000350631136044881
ccajas_extracciones_lag3	3.61641555842333e-05	0.000394259416784444	0.000350631136044881
ctarjeta_visa_debitos_automaticos_delta1	3.59426023130796e-05	0.000158392996137114	0.000350631136044881
matm_delta1	3.46108669873894e-05	1.73605068137538e-05	0.000350631136044881
