Feature	Gain	Cover	Frequency
mcaja_ahorro	0.0790080663558326	0.00786712138596137	0.00547387447823494
ctarjeta_visa_transacciones	0.0462144993537485	0.00670950125015711	0.0035778175313059
ctrx_quarter	0.0350176531668858	0.00573993835558512	0.00633571854502087
mcaja_ahorro_lag1	0.0279531991750446	0.00421046138416774	0.00467725104353011
mautoservicio	0.0213995856446974	0.00221138509545187	0.00219886702444842
cpayroll_trx	0.0211034807510238	0.00597667534522916	0.00087116129994037
ctrx_quarter_lag1	0.0154275746773694	0.0069167506649376	0.00682953190220632
Visa_mpagospesos_lag1	0.0152576884016839	0.0016824302796451	0.00346601073345259
mcuentas_saldo	0.0142913895374457	0.00845999211982098	0.00647081842576029
mpayroll	0.0125024010265304	0.00689786013433366	0.00206842576028623
Visa_msaldototal	0.00991985547612969	0.00452178778246342	0.00375018634466309
ctarjeta_debito_transacciones	0.00963503461008972	0.00073580919507097	0.0016677847346452
mtarjeta_visa_consumo_lag1	0.00857398871833013	0.00131622407122159	0.00245974955277281
ctarjeta_visa_delta3	0.00770514344478841	0.000193759083703303	0.000139758497316637
mprestamos_personales	0.00758809976021431	0.0140453281104331	0.00467725104353011
Visa_msaldopesos	0.00750607633192125	0.00449605812887444	0.00461668902802624
mcuenta_corriente	0.00745103945011083	0.00595010930090456	0.00488688878950507
foto_mes	0.0067058322536679	0.0185374445455525	0.00485893709004174
ctarjeta_master	0.00635903970249318	6.39961302215381e-05	0.000144417113893858
Master_status	0.00600245499415342	0.00261437931583974	0.000395982409063804
cproductos	0.00587581939351053	0.00171691511027713	0.00251565295169946
mpasivos_margen_lag1	0.00584957292419901	0.00282915662382385	0.00560897435897436
Visa_mconsumototal	0.00583760455127422	0.00164864890596676	0.00338215563506261
cdescubierto_preacordado_delta3	0.0056956347609495	0.00358637342994763	0.000293492844364937
cprestamos_personales	0.00492464606613788	0.00291470873878115	0.00115533691115086
mpasivos_margen	0.0048782785474342	0.0055300780912008	0.00711836612999404
Visa_Finiciomora	0.00480599008773883	0.00790167362494175	0.000922406082289803
mcuenta_corriente_delta1	0.00472166104063513	0.0047029245587931	0.00481235092426953
mcuenta_corriente_lag1	0.00470675692816092	0.00403189403331721	0.00429990310077519
mcuentas_saldo_lag1	0.00447733750842948	0.00311010708807301	0.0051570885509839
mpayroll_delta3	0.00438007985163132	0.00356561580106937	0.00111340936195587
mactivos_margen_lag1	0.00425908621281915	0.00440527753621634	0.00568817084078712
ctarjeta_visa	0.00418792034418328	0.00106600315241053	0.000330761776982707
mpasivos_margen_delta1	0.00418617063984796	0.00190711058950891	0.00507789206917114
ctrx_quarter_delta3	0.004117188195019	0.00619035077149672	0.00711370751341682
mactivos_margen	0.00390023942551897	0.00958751838220952	0.00729073494335122
cpayroll_trx_lag3	0.00386545770176721	0.00079497903818408	0.000475178890876565
mrentabilidad_annual_lag1	0.00369189655248984	0.00267031732406174	0.00697394901610018
Visa_mpagominimo	0.00364212563323147	0.00522359191358276	0.00431387895050686
numero_de_cliente	0.0036044476656678	0.0052030368863325	0.00827836165772212
mtarjeta_visa_consumo	0.00358004831735261	0.00264980711018272	0.00295822152653548
Visa_msaldototal_lag1	0.00356221175373578	0.00135921252148497	0.00312593172331544
cliente_edad	0.00345996177562879	0.00992480113703107	0.00718824537865236
mtarjeta_visa_consumo_delta3	0.0034530981677457	0.000949882292935474	0.00233396690518784
mpayroll_lag1	0.00344439870593471	0.00145778197933218	0.000922406082289803
Visa_mpagominimo_lag1	0.00342240950914611	0.00169451482656375	0.0034893038163387
cliente_edad_lag3	0.00341544390094647	0.00373703598408042	0.00671772510435301
cproductos_delta1	0.0033813910359278	0.00727964444971835	0.00072208556946929
mcuenta_debitos_automaticos	0.00330193641028254	0.00267657876879893	0.00199388789505069
mcomisiones_otras_delta3	0.00323668069957813	0.00124166102337657	0.00369894156231366
Master_mfinanciacion_limite	0.00323656610344504	0.00264858472192165	0.00544126416219439
Visa_cconsumos_delta3	0.00323625569664415	0.00199675729089957	0.00401106887298748
mcuentas_saldo_delta1	0.0031911392264674	0.00725275906305074	0.00571146392367323
mprestamos_personales_delta1	0.00316968299857161	0.00972396982549565	0.00288368366129994
Master_fechaalta	0.00313797545242781	0.00335496245298886	0.00588849135360763
ccomisiones_mantenimiento_delta3	0.0031191837478272	0.00747086950673995	0.000936381932021467
cdescubierto_preacordado	0.00311828480807331	0.00167311286425522	0.00064288908765653
mrentabilidad_annual	0.0030904395461118	0.00311115511842747	0.00666182170542636
cprestamos_personales_lag1	0.00308622576972556	0.00154489841987066	0.000968992248062015
ctarjeta_visa_transacciones_lag1	0.00306473747357568	0.00105617132470869	0.00254826326774001
Visa_cconsumos	0.00303805352332486	0.00194368244285902	0.00308866279069767
mrentabilidad_annual_delta1	0.0030242663886751	0.00352006809306653	0.00644286672629696
Visa_fechaalta	0.00300574961361823	0.00286748297714573	0.00616334973166368
mrentabilidad	0.00299592748766215	0.00332019254906243	0.00638230471079308
mcuenta_corriente_delta3	0.00299198215556046	0.00444512490807996	0.00471451997614788
mpayroll_lag3	0.00298803082046258	0.00108831380938142	0.000899112999403697
Visa_Finiciomora_lag1	0.00297192609341811	0.00110959978414084	0.000377347942754919
cliente_antiguedad	0.00296337323977683	0.004142190284279	0.00606086016696482
mtarjeta_master_consumo	0.00293291562305022	0.00238303537064637	0.00101557841383423
cprestamos_personales_delta1	0.00291449820560739	0.00172735737894361	0.00034007901013715
mpagomiscuentas	0.00281687801218161	0.0034005662718515	0.00145348837209302
mpayroll_delta1	0.00281464390861012	0.00903166499933184	0.00143019528920692
Visa_msaldopesos_lag1	0.00281289424456448	0.00150028539075383	0.00324239713774598
mcaja_ahorro_delta1	0.00280095667468464	0.00222385714622778	0.00388062760882528
Visa_Fvencimiento	0.00278787564914272	0.00446902173244322	0.00664784585569469
mactivos_margen_lag3	0.0027741722615778	0.00205222758309561	0.00525957811568277
Visa_mpagominimo_delta3	0.00275747367936692	0.00215368656193088	0.00417412045319022
Visa_mpagominimo_delta1	0.00275609764304341	0.00254286056457592	0.00275790101371497
Visa_mpagospesos_delta3	0.00275221519302201	0.00286465672209354	0.00491949910554562
mrentabilidad_annual_lag3	0.0027490217170964	0.00592175637047435	0.00584190518783542
mtransferencias_recibidas	0.00273150307187476	0.00314591711411192	0.0025668977340489
Visa_fechaalta_lag1	0.00272704090180875	0.00196821606899353	0.00506391621943948
mcuentas_saldo_delta3	0.00271256668563702	0.00493283861851903	0.00462134764460346
matm	0.00270813878542999	0.000978781268645587	0.0012718023255814
ctrx_quarter_delta1	0.00270630403611961	0.00457837125386455	0.00526889534883721
mcomisiones	0.00270545307846644	0.00187925926757031	0.00601893261776983
mcomisiones_lag3	0.00267734051111246	0.00126221228479731	0.00474247167561121
cliente_antiguedad_lag1	0.00267720551071841	0.00515472769554516	0.00640093917710197
mcomisiones_mantenimiento_delta3	0.00267212520150108	0.00438800819521928	0.00245043231961837
mcomisiones_otras_lag3	0.0026315953775734	0.00172074043990006	0.00489154740608229
Master_Fvencimiento	0.00262881024294648	0.00329521681454267	0.00657330799045915
mpasivos_margen_lag3	0.00261464978427962	0.00206215468628422	0.00556238819320215
mrentabilidad_annual_delta3	0.00260701737871799	0.00312775677785124	0.00539467799642218
mrentabilidad_lag1	0.00260207259135634	0.00223505145104871	0.00598632230172928
cpayroll_trx_lag1	0.00255992245614541	0.000744613327897745	0.000405299642218247
Visa_Fvencimiento_lag1	0.00251675251880822	0.00234127382763948	0.00573009838998211
mcuentas_saldo_lag3	0.00250231996273265	0.00345575676291446	0.00490552325581395
Visa_mfinanciacion_limite	0.00247977069747638	0.00304952995446956	0.00539001937984496
mcomisiones_lag1	0.00247694373025349	0.00165492127160955	0.00532945736434109
mcomisiones_otras	0.0024762520262219	0.00234842928030391	0.0061447152653548
mcomisiones_otras_lag1	0.00246842572837811	0.00159257683421398	0.00492415772212284
mrentabilidad_lag3	0.00245055133641186	0.00136149913316743	0.00545989862850328
mactivos_margen_delta3	0.00241798728495014	0.00151651423305547	0.00436512373285629
cliente_edad_lag1	0.00240472260347369	0.00296821251480364	0.00540865384615385
mrentabilidad_delta1	0.00239552043352287	0.00270648510390472	0.00594905336911151
chomebanking_transacciones	0.002385464440184	0.00251913734495337	0.00480769230769231
cliente_antiguedad_lag3	0.00233912493929078	0.00293661569882786	0.00543194692903995
mprestamos_personales_lag1	0.00231727336530675	0.00256314784134755	0.00163051580202743
Visa_Fvencimiento_lag3	0.00231699352912972	0.00236067651105768	0.00542728831246273
mactivos_margen_delta1	0.00229615337358173	0.00211743819333624	0.00539467799642218
Master_Fvencimiento_lag3	0.00225786464770084	0.00217876096118397	0.00463532349433512
mprestamos_personales_delta3	0.00223770025954075	0.00552264246082034	0.00217091532498509
mcomisiones_delta1	0.00223466149265779	0.00111914992779485	0.00444897883124627
Visa_mlimitecompra	0.00222731794597787	0.00205717625966333	0.00486825432319618
Visa_mconsumospesos	0.00217185913631243	0.00259449385307753	0.00483098539057841
mpasivos_margen_delta3	0.00216842058593583	0.00248927883588244	0.00415548598688134
Visa_mpagospesos	0.00215097559379676	0.00392837401598752	0.00380608974358974
Visa_mpagosdolares	0.0021437229259332	0.000346467989595396	0.000628913237924866
cmobile_app_trx	0.00213029182889896	0.00190278666405799	0.00279051132975552
chomebanking_transacciones_delta3	0.0021260778727058	0.0016813163472741	0.00428592725104353
mrentabilidad_delta3	0.0021240179670663	0.00140818562801608	0.0049148404889684
Visa_mconsumospesos_lag1	0.00212012945249085	0.00152573260712906	0.00339613148479428
Visa_mfinanciacion_limite_lag1	0.00211874031808292	0.0024157457424102	0.0046073717948718
mcaja_ahorro_delta3	0.00211272925433872	0.0020832011542864	0.0043231961836613
ctarjeta_visa_transacciones_delta1	0.0020788936331895	0.00407688251563684	0.00187276386404293
Master_fechaalta_lag1	0.00206883901683436	0.00201514282376534	0.00509652653548002
Master_msaldopesos	0.00203249157474417	0.00207253105293417	0.00199388789505069
Master_Fvencimiento_lag1	0.00202725061361028	0.00158213946112587	0.0050685748360167
Master_mlimitecompra_lag1	0.00202360507822183	0.0015243550666919	0.00396448270721527
internet_lag1	0.00201790286754566	0.00336138959422478	0.00123453339296363
ccaja_ahorro	0.00201660899921451	0.00731487039559924	0.000829233750745379
ctarjeta_master_transacciones	0.00200543894871154	0.000871213361168548	0.000591644305307096
Visa_msaldototal_delta3	0.00196974797778249	0.00174498748640836	0.00365701401311866
cprestamos_personales_delta3	0.00196850141328873	0.00192103361439755	0.000684816636851521
Visa_fechaalta_lag3	0.00196591573948929	0.00177564585766861	0.00489154740608229
mcaja_ahorro_dolares_delta1	0.00196398990250657	0.0019717551955732	0.00243179785330948
Visa_mfinanciacion_limite_lag3	0.00195571876399247	0.00170555736845517	0.00381074836016697
mcomisiones_mantenimiento_lag3	0.00194533913553208	0.00165598135261846	0.00233396690518784
ccomisiones_otras	0.00190721162173992	0.00183283110862649	0.00399709302325581
ctrx_quarter_lag3	0.00190249978702829	0.00290639755303809	0.00487757155635063
mcomisiones_mantenimiento	0.00189690962216254	0.00312905071687314	0.00322842128801431
mcuenta_corriente_lag3	0.00187220730388988	0.00399539335414496	0.00404833780560525
mttarjeta_visa_debitos_automaticos_lag3	0.0018515538486626	0.00152071765196185	0.00271131484794276
cextraccion_autoservicio_lag3	0.00184023489651482	0.000466492884530277	0.00105750596302922
mtransferencias_recibidas_delta3	0.00183314070063308	0.000963157218564314	0.00233862552176506
chomebanking_transacciones_lag1	0.0018325192815162	0.00147727956165419	0.00406697227191413
mcomisiones_otras_delta1	0.00183048585904755	0.0012374854716086	0.00430922033392964
cproductos_delta3	0.00181674867646469	0.00357575379071092	0.000684816636851521
Master_mfinanciacion_limite_lag3	0.00181414852781243	0.00154984860277019	0.00383870005963029
mtarjeta_visa_consumo_delta1	0.00179583928081305	0.00255368016935996	0.00223147734048897
Visa_mlimitecompra_lag1	0.00179332316285249	0.00169597935766275	0.00414616875372689
Master_mlimitecompra	0.0017930349704695	0.00182077103959969	0.00394584824090638
ctarjeta_visa_delta1	0.00178316168988628	6.12331411052351e-05	7.45378652355397e-05
mcaja_ahorro_lag3	0.0017786963937637	0.00212196660332991	0.00425331693500298
Visa_fultimo_cierre	0.00175882682462932	0.0041240822930486	0.00450488223017293
Master_fultimo_cierre	0.00175423150000047	0.00133760343855302	0.00403436195587358
internet_lag3	0.0017229841346208	0.000615194947816746	0.00110409212880143
mcomisiones_delta3	0.00170606881540223	0.000887926112563059	0.00376882081097197
Master_fechaalta_lag3	0.00169976120144688	0.00258014717236827	0.00423934108527132
chomebanking_transacciones_lag3	0.00167609505307166	0.00163726405017229	0.00339613148479428
Master_delinquency	0.00166777677965974	0.000389308066175829	0.000153734347048301
Visa_mpagospesos_delta1	0.00166462555336734	0.0016923886392187	0.00341476595110316
Visa_mpagominimo_lag3	0.00165304756818057	0.000996061907131196	0.00325637298747764
Visa_msaldopesos_delta1	0.00163263173637011	0.00105803390398758	0.00277187686344663
Master_mfinanciacion_limite_lag1	0.00162338889670402	0.00150404933735564	0.00399709302325581
mttarjeta_visa_debitos_automaticos_delta3	0.00161864403769659	0.00380607117077807	0.0024364564698867
Visa_mlimitecompra_lag3	0.0016163195263096	0.001228937038606	0.00321910405485987
Visa_mconsumospesos_lag3	0.00160935297612261	0.00165690586376478	0.00349396243291592
cmobile_app_trx_lag1	0.00159779375452495	0.00349992203490177	0.00269268038163387
Visa_mconsumototal_delta1	0.00159337785856607	0.0010093620638178	0.00235725998807394
Visa_msaldopesos_delta3	0.00158324261081056	0.00162034568448617	0.00237589445438283
mextraccion_autoservicio_delta1	0.00158051628668848	0.000518907959239526	0.00124385062611807
mextraccion_autoservicio	0.0015698883409214	0.000778595420289316	0.00146746422182469
Master_mlimitecompra_lag3	0.0015621927830451	0.00199142977188249	0.00373621049493143
mttarjeta_visa_debitos_automaticos	0.00156197798437767	0.00127568830572234	0.00308866279069767
mcaja_ahorro_dolares_delta3	0.00154211174851209	0.00334199293613382	0.00222681872391175
chomebanking_transacciones_delta1	0.00153306209552413	0.0033416378184104	0.00356850029815146
Visa_status	0.00152603487111372	0.00393070054546286	0.000521765056648778
mcaja_ahorro_dolares	0.00152043325655168	0.00408646014984632	0.00352657274895647
Master_Finiciomora	0.00151587559515135	0.00279769274163	0.000330761776982707
ccomisiones_otras_lag1	0.0015150736036345	0.00131806141944272	0.00348464519976148
ccomisiones_otras_lag3	0.0015105283488407	0.00194068070015137	0.00296753875968992
cmobile_app_trx_lag3	0.00149626867257952	0.00168912140553013	0.00275790101371497
mtransferencias_emitidas	0.00148724033185958	0.00180135517577819	0.00186344663088849
Visa_fultimo_cierre_delta1	0.00146114121150797	0.000341823968635569	0.00166312611806798
Visa_msaldototal_delta1	0.00145996106834093	0.00111768087770044	0.00227806350626118
ctarjeta_visa_transacciones_delta3	0.0014582857646041	0.00131020476932231	0.00194730172927847
Visa_Finiciomora_delta1	0.0014375925518964	0.00304960903688941	0.000251565295169946
Visa_mconsumospesos_delta1	0.00143127638754361	0.0010997009246736	0.00288834227787716
Master_mpagominimo	0.00142770837082119	0.00243937933529025	0.00169573643410853
Master_mconsumospesos	0.00141661693789531	0.00112489168805876	0.00109943351222421
cmobile_app_trx_delta3	0.00139772645129972	0.00102377502312654	0.00284175611210495
Visa_fultimo_cierre_lag1	0.00138602939592401	0.00126443450079504	0.00363372093023256
Visa_Fvencimiento_delta3	0.00137869593225697	0.000841468580149015	0.0023479427549195
Visa_mconsumospesos_delta3	0.00137440614113716	0.000702863835545309	0.0024364564698867
Visa_msaldototal_lag3	0.00136220178162723	0.0010191848535288	0.00303741800834824
mtarjeta_visa_consumo_lag3	0.00136001189284592	0.000621942937727477	0.00242713923673226
mcaja_ahorro_dolares_lag3	0.00135616432867118	0.0035546756897408	0.00256223911747168
mcomisiones_mantenimiento_delta1	0.00132316215577706	0.00356890111073963	0.00122521615980918
mplazo_fijo_dolares	0.00132287110144912	0.00372556677370477	0.000815257901013715
ccomisiones_mantenimiento_delta1	0.00131156403309679	0.00325749374710935	0.000461203041144902
Visa_mconsumototal_lag1	0.00130905696159264	0.00125892396246345	0.00278119409660107
Visa_cconsumos_lag1	0.00130762737549163	0.00101366151137686	0.00237123583780561
mcaja_ahorro_dolares_lag1	0.00129503495030126	0.000765269279379051	0.00248770125223614
mcomisiones_mantenimiento_lag1	0.00129481829477733	0.00325758902259611	0.00277653548002385
mtransferencias_recibidas_lag1	0.00129218356248326	0.00147081513870606	0.00199388789505069
Master_fultimo_cierre_lag1	0.00128922009977706	0.00199563808636725	0.00301878354203936
ccaja_seguridad	0.00128682293463208	0.00691650588601902	0.000437909958258796
Visa_mpagospesos_lag3	0.00128659952250198	0.00154688263544294	0.00330761776982707
mtransferencias_recibidas_lag3	0.00126767027504448	0.00255546178330425	0.00261348389982111
mprestamos_personales_lag3	0.0012648996439677	0.00203702568250314	0.00167244335122242
Visa_cconsumos_delta1	0.00126385469036166	0.00215165226082603	0.002105694692904
Master_fultimo_cierre_lag3	0.00126124079776996	0.0010113406306458	0.00280448717948718
Master_fechaalta_delta3	0.00124589355611468	0.000413245561497868	0.0018215190816935
mttarjeta_visa_debitos_automaticos_delta1	0.00122954238808653	0.00177626496004113	0.00191935002981515
Master_msaldototal	0.00122823308109435	0.00252713446051475	0.00193798449612403
ccallcenter_transacciones_delta3	0.00122617399959508	0.00136476486052419	0.00141621943947525
Visa_mconsumototal_lag3	0.00122585037913088	0.00125742892814537	0.00271131484794276
Visa_cconsumos_lag3	0.00121913220452813	0.00107521889040347	0.0022594290399523
ctarjeta_visa_transacciones_lag3	0.00121265419782204	0.000447754493438806	0.00217091532498509
cproductos_lag1	0.00121076283837711	0.00136438677124073	0.00249235986881336
ctarjeta_visa_debitos_automaticos_delta3	0.00121004686483128	0.00182211657048596	0.00114601967799642
ccomisiones_mantenimiento	0.00120523459850913	0.00314164741660604	0.000955016398330352
Visa_msaldopesos_lag3	0.00117344241437841	0.000904033695154259	0.00264143559928444
mtransferencias_recibidas_delta1	0.00115107752800974	0.000778875221422397	0.00232930828861061
Visa_fechaalta_delta3	0.00114465455588444	0.000306618734817018	0.00110409212880143
Master_mpagominimo_delta3	0.00113059835985705	0.000849670933419043	0.00143019528920692
Master_fultimo_cierre_delta3	0.00110175599451025	0.000838309802350521	0.00159324686940966
Visa_status_delta3	0.00107655365251117	0.00185853741407246	0.00026554114490161
mextraccion_autoservicio_delta3	0.00106665132454516	0.000542341209989298	0.00139292635658915
mttarjeta_visa_debitos_automaticos_lag1	0.00106354454911042	0.00098350399544231	0.00203581544424568
Visa_delinquency	0.00105953385919156	0.000500034751451362	0.000214296362552177
ctransferencias_recibidas	0.0010527464523091	0.000582704500496686	0.00126248509242695
Visa_fultimo_cierre_lag3	0.00104540898146692	0.00193227160284088	0.00260882528324389
Master_status_delta1	0.00104118541877438	0.00020957971008534	6.98792486583184e-05
Visa_mconsumosdolares_lag3	0.00103785084723659	0.00109580781011938	0.00177493291592129
Visa_mconsumototal_delta3	0.00102569122817039	0.00077219652277477	0.00227806350626118
mautoservicio_lag1	0.0010024932022403	0.000989824940285863	0.00211501192605844
mtransferencias_emitidas_delta1	0.00100164268720648	0.0027245885761397	0.00148609868813357
ccomisiones_otras_delta3	0.000992754236717548	0.000632203316828308	0.00194730172927847
mcuenta_debitos_automaticos_lag1	0.000982024995678075	0.00143617063690252	0.00172368813357185
mtransferencias_emitidas_delta3	0.000978993834771894	0.0009636200390119	0.00156995378652355
mautoservicio_delta3	0.000973925882899021	0.000648146332669633	0.00168176058437686
internet	0.000963181162499693	0.00398795320476908	0.00145814698867024
cproductos_lag3	0.000939346083394308	0.001268711353377	0.00211967054263566
ctarjeta_visa_debitos_automaticos_lag3	0.00093625172053813	0.000723241492225341	0.00170039505068575
mautoservicio_lag3	0.000928136548710285	0.00178036820788238	0.00193798449612403
Visa_mconsumosdolares_delta3	0.000927439281617305	0.00168377543394842	0.00187276386404293
mcuenta_debitos_automaticos_delta3	0.00091611811042947	0.00264740714703182	0.00129975402504472
ctarjeta_debito_transacciones_delta3	0.000916081095453391	0.000819801880025463	0.00148144007155635
mcuenta_debitos_automaticos_lag3	0.000909126224591587	0.00141429192057719	0.00171902951699463
mtransferencias_emitidas_lag1	0.000909055800482619	0.00109705919526773	0.00149541592128801
ctransferencias_recibidas_lag3	0.000908954571606001	0.000915508554274181	0.00130441264162194
mautoservicio_delta1	0.000903813170596838	0.00118037854990467	0.00168176058437686
ccuenta_debitos_automaticos_lag1	0.000894791224830668	0.00105049621962723	0.000768671735241503
ccallcenter_transacciones_delta1	0.000887401181413209	0.00439834163141274	0.00134634019081694
cmobile_app_trx_delta1	0.000880666018027042	0.000986032373379731	0.002063767143709
Visa_mconsumosdolares_lag1	0.000872099535651971	0.000558263890351234	0.00176561568276685
ccomisiones_otras_delta1	0.000862999869936501	0.00241214485622646	0.00181220184853906
ctarjeta_debito_transacciones_lag1	0.000861554044305038	0.0010941406773924	0.00158858825283244
Visa_mconsumosdolares	0.000859828328044826	0.00127190854263656	0.00199388789505069
Master_msaldototal_delta3	0.000856616690772086	0.000738473519453939	0.00139292635658915
Master_msaldopesos_lag1	0.000853841090047049	0.000837329180344407	0.00153734347048301
ccallcenter_transacciones	0.000851555027684346	0.00206432907624709	0.00112738521168754
ccaja_ahorro_delta3	0.000846094942582404	0.00229883179923895	0.000242248062015504
Master_Fvencimiento_delta3	0.000832287256416627	0.000298137710162764	0.00123453339296363
ctarjeta_debito_transacciones_delta1	0.000798535227861836	0.00095175014437569	0.00122055754323196
cextraccion_autoservicio	0.000795637014256012	0.000463744205566137	0.00115067829457364
ctransferencias_recibidas_lag1	0.000788213202737814	0.000610258698486434	0.00135565742397138
Master_mpagospesos	0.000780694532604717	0.00154236062735945	0.00158392963625522
ctransferencias_recibidas_delta3	0.00077913373540616	0.000686130748671408	0.00137429189028026
mextraccion_autoservicio_lag1	0.000778642809307561	0.000572766099819522	0.00139758497316637
tmobile_app_delta3	0.000772619702059169	0.000632696263912026	0.000959675014907573
matm_delta1	0.000772414915271405	0.000514860822258075	0.00130441264162194
ctarjeta_visa_debitos_automaticos	0.000769627093761864	0.000903875153731611	0.00154200208706023
cpayroll_trx_delta3	0.000759534920913901	0.00202703907920817	0.000377347942754919
mpagomiscuentas_lag1	0.000758055040064841	0.00096190131442054	0.00103421288014311
ccaja_seguridad_lag1	0.000756088003794161	0.00100796230498649	0.000144417113893858
tmobile_app_lag1	0.000752776088705037	0.000309631021847318	0.000913088849135361
mtransferencias_emitidas_lag3	0.000736699168827729	0.000732158976520564	0.00113670244484198
Visa_mfinanciacion_limite_delta3	0.000735519723139316	0.000722618624023301	0.00111806797853309
ctarjeta_visa_debitos_automaticos_lag1	0.000721455416218613	0.00108470049596027	0.00149075730471079
ctarjeta_debito_transacciones_lag3	0.000712638918240637	0.000677178995327584	0.00158392963625522
ccuenta_debitos_automaticos	0.000710364998868125	0.00118834290274925	0.000913088849135361
Master_fultimo_cierre_delta1	0.000710267709880805	0.000610274138387452	0.00154666070363745
ctransferencias_emitidas	0.000707387452606324	0.00168878775303496	0.000973650864639237
cdescubierto_preacordado_delta1	0.000699000847801249	0.00502785802888097	0.000298151460942159
Visa_mfinanciacion_limite_delta1	0.000697715908969471	0.00095194333142989	0.00124385062611807
Master_mlimitecompra_delta3	0.000697445101828034	0.00145547164292377	0.00146280560524747
thomebanking	0.000684536895296322	0.00413096396990717	0.00128111955873584
Visa_delinquency_delta3	0.00068427896050803	0.000222344365814686	0.000167710196779964
Master_mpagominimo_lag1	0.000682351701406803	0.000488379885680548	0.00105750596302922
cpagomiscuentas	0.000681827668035625	0.00130016845707771	0.000768671735241503
Master_mfinanciacion_limite_delta3	0.000669222026770171	0.00088373625064293	0.00112272659511032
matm_other	0.000666940603038708	0.00190973537268196	0.000768671735241503
Visa_mpagado	0.000661245673208187	0.00190355037428395	0.000768671735241503
matm_lag1	0.000659045420663966	0.000533430504187204	0.00115999552772809
Master_msaldopesos_lag3	0.000654306093091997	0.000749240779207699	0.00125316785927251
thomebanking_lag3	0.000654047512506113	0.00025290105967799	0.000726744186046512
Master_mconsumospesos_lag3	0.00065062340043236	0.000511244496173318	0.0009876267143709
ctransferencias_emitidas_delta3	0.000642350062272945	0.00150013174490956	0.000927064698867025
mextraccion_autoservicio_lag3	0.000639366459108762	0.000571791126557684	0.00104818872987478
mcuenta_debitos_automaticos_delta1	0.000632611555462438	0.0010099642199575	0.000861844066785927
ctarjeta_debito	0.000631379327000495	0.00190054185308317	0.00155597793679189
ccajas_consultas_delta3	0.000629071741051765	0.0037972561170457	0.000941040548598688
Visa_mconsumosdolares_delta1	0.00062760255078356	0.00115041158494366	0.00130907125819917
ccomisiones_mantenimiento_lag3	0.000627327410359662	0.000864550855587842	0.000745378652355397
ctarjeta_master_delta3	0.000624963457284908	0.00138668876680373	0.000172368813357185
cdescubierto_preacordado_lag1	0.000624850679893551	0.000483070819228096	0.000503130590339893
cextraccion_autoservicio_lag1	0.000623674466896906	0.000411050836055615	0.00111340936195587
ccaja_ahorro_lag1	0.000621194931586214	0.000427749277297963	0.000335420393559928
ccaja_ahorro_delta1	0.00061632399496556	0.00415336801945006	0.000288834227787716
mtarjeta_master_consumo_delta3	0.000615410013511226	0.00114106630241535	0.000717426952892069
Visa_mlimitecompra_delta3	0.000596693940285757	0.000878519823596585	0.0012950954084675
Visa_delinquency_delta1	0.000595934598528164	0.000328118985275937	0.000186344663088849
Master_mpagospesos_lag3	0.000569571702512601	0.000466000690612462	0.001052847346452
Master_mconsumototal	0.00056840119900694	0.000743662455944813	0.000899112999403697
Visa_fultimo_cierre_delta3	0.000567440712983953	0.000827309437749685	0.00127646094215862
Master_mpagospesos_lag1	0.0005664986836365	0.00043466221054152	0.00109477489564699
Master_msaldototal_lag1	0.000565880507863424	0.000423653184532796	0.00118794722719141
ctransferencias_emitidas_lag3	0.000564692466843781	0.000700651410704328	0.000819916517590936
Master_mpagospesos_delta3	0.000563973519442037	0.00102931644126017	0.000945699165175909
ctarjeta_debito_lag3	0.000563765519256759	0.000889181640123881	0.00119260584376863
mpagomiscuentas_lag3	0.000560252094689598	0.00074096084984963	0.000922406082289803
Master_mpagominimo_delta1	0.000556764379025254	0.000499104214977819	0.000829233750745379
cprestamos_personales_lag3	0.000548279500859891	0.00217189208814576	0.000810599284436494
catm_trx_lag3	0.000547631109382464	0.000308848105890824	0.000717426952892069
matm_delta3	0.000547079832325307	0.00046707093936107	0.00108545766249255
catm_trx	0.00054655003478174	0.00113573840681532	0.0010761404293381
cpagomiscuentas_delta3	0.00054261006892283	0.00299564846574656	0.000750037268932618
ctarjeta_visa_debitos_automaticos_delta1	0.000541304223138721	0.000462097408318544	0.000689475253428742
Master_msaldopesos_delta3	0.000539896436586101	0.000620701343735866	0.0008338923673226
internet_delta3	0.00053899736477282	0.00166598979772464	0.0009876267143709
Master_mconsumospesos_lag1	0.000537568302487799	0.000289505299161944	0.000894454382826476
mpagomiscuentas_delta1	0.000536736761406421	0.00189564552154573	0.000927064698867025
Visa_Fvencimiento_delta1	0.000534838305150556	0.000474867336209212	0.000852526833631485
Visa_msaldodolares_delta3	0.000529411973563817	0.00055314763437003	0.000829233750745379
Master_msaldototal_delta1	0.000526098181046272	0.00059481390189015	0.00090843023255814
Master_mlimitecompra_delta1	0.000523975585551226	0.00104054765121037	0.00120192307692308
thomebanking_lag1	0.000518898095979349	0.000494544172016211	0.00107148181276088
ctransferencias_emitidas_lag1	0.000518217154853347	0.000477690955180732	0.0008338923673226
Visa_msaldodolares	0.000517900412488809	0.000734997282227199	0.000750037268932618
Master_msaldototal_lag3	0.000514410700041567	0.000498538963967383	0.00112272659511032
Master_mpagominimo_lag3	0.000507439679732229	0.000244327395617628	0.000922406082289803
mpagomiscuentas_delta3	0.000499719041753387	0.000607675716021023	0.000894454382826476
active_quarter	0.000497750800668594	0.000452257672374714	0.000815257901013715
Visa_mlimitecompra_delta1	0.000491690391650272	0.00213091609717602	0.00107148181276088
ccomisiones_mantenimiento_lag1	0.000490005071131248	0.00184558296053548	0.000777988968395945
Visa_mpagado_lag1	0.000488380879406239	0.000454524701743685	0.000740720035778175
Visa_mpagado_delta1	0.000488359369056299	0.000526692682016167	0.000927064698867025
Master_mconsumototal_lag3	0.000476168051843984	0.000532266486283634	0.00075935450208706
ctransferencias_emitidas_delta1	0.000471012752297316	0.0014354845027646	0.000712768336314848
ccajas_consultas_delta1	0.000468212357122297	0.00305306267913905	0.00075935450208706
mprestamos_prendarios	0.000465245315978217	0.0058442288616339	0.000647547704233751
cplazo_fijo	0.000464686929735395	0.00301091024302834	0.000288834227787716
ccajas_consultas	0.000462487180485492	0.00240928433212568	0.000847868217054264
ctarjeta_debito_lag1	0.000461061861027115	0.000570682842930959	0.0010761404293381
tcallcenter_delta1	0.00045866170171269	0.000436249884265703	0.000489154740608229
catm_trx_delta3	0.000457462320338031	0.000624138039752682	0.000973650864639237
thomebanking_delta1	0.000454639805479322	0.00138800567738567	0.000927064698867025
cextraccion_autoservicio_delta3	0.000452862425024146	0.00045310498401594	0.000913088849135361
matm_lag3	0.000449610245286325	0.000249372854003921	0.000955016398330352
thomebanking_delta3	0.000448117656372387	0.00157261718461029	0.000819916517590936
tmobile_app_lag3	0.000446721748203062	0.000180179879049524	0.000852526833631485
cpagomiscuentas_lag1	0.000445129430885202	0.000405875079968049	0.000633571854502087
ctarjeta_visa_descuentos_delta1	0.000436897587715398	0.00103008692997926	0.00079662343470483
Visa_fechaalta_delta1	0.000433712027903029	0.000281943890075635	0.000903771615980918
matm_other_delta1	0.000433686753250104	0.000575298620169411	0.000815257901013715
mplazo_fijo_dolares_delta3	0.000429477929758865	0.000931299807185989	0.000382006559332141
tmobile_app_delta1	0.000425682637318359	0.00135421451255059	0.000777988968395945
mcajeros_propios_descuentos_delta1	0.00042463177924027	0.00221549135595673	0.000740720035778175
ctransferencias_recibidas_delta1	0.000422497400196626	0.00111872288272767	0.000917747465712582
catm_trx_lag1	0.000422297026079136	0.00100291534026839	0.000838550983899821
tmobile_app	0.000413080011497703	0.000240112302639738	0.000922406082289803
Master_mconsumospesos_delta1	0.000404770824831866	0.000357351613481218	0.000726744186046512
Master_mfinanciacion_limite_delta1	0.00040416357510418	0.000983561612633913	0.00110409212880143
cpayroll_trx_delta1	0.000403736882487491	0.000358782628697512	0.000195661896243292
ccuenta_debitos_automaticos_delta3	0.000403398966044276	0.00374526884056953	0.000586985688729875
Master_Fvencimiento_delta1	0.000401822982703954	0.000568991985478022	0.000913088849135361
Master_mconsumototal_delta1	0.000400521142085162	0.00039746108707919	0.000689475253428742
cextraccion_autoservicio_delta1	0.000399263335229371	0.00155205236620328	0.00102489564698867
matm_other_lag1	0.000396250292617151	0.000545568525884993	0.000731402802623733
ccuenta_debitos_automaticos_lag3	0.000393915061686388	0.000562104659875177	0.000880478533094812
Master_msaldopesos_delta1	0.000378180828785019	0.000441444846083803	0.00075935450208706
Master_cconsumos	0.000375476516792654	0.000915668602028635	0.00075935450208706
mtarjeta_master_consumo_lag1	0.000369923669861512	0.000237757529443031	0.000628913237924866
ccaja_ahorro_lag3	0.000369748663135691	0.000187330812718528	0.000223613595706619
Master_status_delta3	0.000364294238571309	8.94079477993125e-05	0.000195661896243292
Master_mconsumototal_delta3	0.000362417573996837	0.000282056111795229	0.000545058139534884
Master_mconsumototal_lag1	0.000361458121077728	0.000314560869267452	0.000670840787119857
Master_cconsumos_delta3	0.000360894164035721	0.00118689418813423	0.000675499403697078
ctarjeta_debito_delta3	0.000360596509443925	0.0028224282162266	0.000358713476446035
catm_trx_other	0.000359734457918385	0.000745882412444827	0.000638230471079308
Visa_status_delta1	0.000358983071221431	0.0022634668942489	0.000218954979129398
Visa_msaldodolares_delta1	0.00035773024849895	0.00182479181577453	0.000694133870005963
ccajas_transacciones	0.000357313698802066	0.000297531411610597	0.000456544424567681
tcallcenter_delta3	0.000357236521503627	0.000308237664926189	0.000423934108527132
Visa_mpagado_delta3	0.000355425282678171	0.000811640197714214	0.000791964818127609
Visa_mpagado_lag3	0.000352627038123263	0.000856572192591098	0.000764013118664281
tcallcenter	0.000344534318575277	0.000333597137473683	0.000377347942754919
cpagomiscuentas_delta1	0.000340936978981446	0.000811754302348566	0.000465861657722123
Visa_msaldodolares_lag1	0.000335415009731282	0.00029614069077013	0.000470520274299344
ctarjeta_visa_descuentos_delta3	0.000331399264517201	0.00117320765733923	0.000736061419200954
active_quarter_lag1	0.000326027779212847	0.000537784556274255	0.000810599284436494
Master_mpagospesos_delta1	0.000325268697554416	0.00105904126338326	0.0008338923673226
mttarjeta_master_debitos_automaticos_delta3	0.000325012741747777	0.00223233176897185	0.000419275491949911
mtarjeta_visa_descuentos_delta1	0.000323403753319765	0.000951639052404951	0.000647547704233751
internet_delta1	0.000323133394927621	0.00118659103885814	0.000922406082289803
Master_mconsumospesos_delta3	0.000310122447734188	0.000461539312384189	0.000577668455575432
ccallcenter_transacciones_lag1	0.000309034684602708	0.000654172789644991	0.000586985688729875
Master_Finiciomora_delta1	0.000308013796026264	0.00360122661472686	0.000232930828861061
ccajeros_propios_descuentos_delta1	0.000306792785880316	0.00044631632314643	0.000554375372689326
ctarjeta_visa_descuentos_lag1	0.00030584497745911	0.000276970735616061	0.000600961538461539
Visa_mpagosdolares_lag1	0.00030272600604676	0.000392348220344551	0.000633571854502087
ccaja_seguridad_lag3	0.000299242299725283	0.000426946402445031	8.38550983899821e-05
Visa_mpagosdolares_delta3	0.000295531376300622	0.000218912188793289	0.000386665175909362
Visa_mpagosdolares_lag3	0.000294032566626712	0.00102552500410289	0.000600961538461539
ctarjeta_master_descuentos_delta1	0.000293072001488676	0.000161958536350678	0.000414616875372689
mtarjeta_master_consumo_lag3	0.000292746124759718	0.000732750964920568	0.000661523553965415
catm_trx_delta1	0.000291446030873752	0.00048715034234339	0.000680158020274299
mtarjeta_visa_descuentos_delta3	0.000287863041868564	0.000543843775966407	0.000661523553965415
ctarjeta_master_transacciones_delta1	0.000286378400851698	0.00187315184526034	0.000470520274299344
mplazo_fijo_dolares_delta1	0.000284097566987463	0.00185765395046787	0.000423934108527132
cliente_edad_delta3	0.000283103829803284	0.000408313831162976	0.000801282051282051
mtarjeta_visa_descuentos_lag1	0.000279433362622511	0.00054390591215343	0.000549716756112105
ccallcenter_transacciones_lag3	0.000279121037177575	0.00132699622655372	0.000596302921884317
Master_fechaalta_delta1	0.000276939107663168	0.000129058743362167	0.000670840787119857
matm_other_lag3	0.00027655047257258	0.000182920273188728	0.000600961538461539
Visa_mpagosdolares_delta1	0.000273858158547681	0.000421588003625912	0.000503130590339893
tcuentas_lag1	0.000273255852441116	0.0016506707798342	0.000260882528324389
mtarjeta_master_descuentos_delta1	0.000272075079698588	0.000123382885114802	0.000470520274299344
mprestamos_hipotecarios	0.000271730889723322	0.00328403418379323	0.000284175611210495
catm_trx_other_delta3	0.0002703852687078	0.00059786497696447	0.000479837507453787
minversion2	0.000269962515276975	0.00365880275878856	0.000409958258795468
ccajas_transacciones_delta1	0.000268456276282104	0.000397293507665703	0.000521765056648778
ctarjeta_master_transacciones_lag3	0.000268118920448909	0.000126017082861638	0.000386665175909362
mcajeros_propios_descuentos_lag1	0.000267070818879278	0.000333900286749766	0.000503130590339893
ctarjeta_master_transacciones_delta3	0.000266085633930089	0.000761737307875465	0.000559033989266547
minversion1_pesos	0.000263811481748873	0.00262580785525661	0.000274858378056052
cseguro_vida_lag3	0.000262597948771911	0.0007947677751482	0.000405299642218247
mttarjeta_master_debitos_automaticos	0.000262544495164199	0.000523371220382558	0.000414616875372689
cseguro_vida	0.000261115714440325	0.000408693803361197	0.000461203041144902
Master_cconsumos_delta1	0.000260351536213622	0.000179757729560718	0.000368030709600477
mforex_sell_delta3	0.000260230899888351	0.0013526829496862	0.000507789206917114
Master_msaldodolares_lag3	0.00025920353447241	0.000319369080394201	0.000181686046511628
mcheques_emitidos_rechazados	0.000259074048530863	0.00303915170490486	0.000223613595706619
cpagomiscuentas_lag3	0.000256291280938385	0.000328635280502658	0.000624254621347645
Master_cconsumos_lag1	0.000252231136231849	0.000373552212061476	0.000461203041144902
mtarjeta_master_consumo_delta1	0.000249904088942633	0.000204149383922455	0.000484496124031008
catm_trx_other_lag1	0.000248757282526322	0.000433164916725734	0.000526423673225999
mtarjeta_visa_descuentos_lag3	0.000246584531089876	0.00037042469064797	0.000517106440071556
Master_Finiciomora_lag1	0.00024536917232246	0.000468103529814512	0.000135099880739416
Visa_msaldodolares_lag3	0.000242588037348213	0.00053399575519764	0.000498471973762671
mttarjeta_master_debitos_automaticos_lag3	0.000240735887012025	0.000309309796589555	0.000312127310673822
Master_mconsumosdolares	0.000240306226037704	0.000311734990798222	0.000293492844364937
mtarjeta_visa_descuentos	0.00023883750168838	0.00162580237145567	0.000507789206917114
Master_delinquency_lag1	0.000237560350764983	6.01621391907243e-05	9.78309481216458e-05
mcaja_ahorro_adicional	0.000236890472825738	0.000899720314025986	0.000349396243291592
ccuenta_debitos_automaticos_delta1	0.000236746699131074	0.00172620880094106	0.000358713476446035
mplazo_fijo_dolares_lag1	0.00023508092181673	0.000648050680599913	0.000293492844364937
ccajeros_propios_descuentos_delta3	0.000233280527997932	8.9351460356564e-05	0.000517106440071556
ccajas_otras_delta3	0.000231455091703256	0.0016908766586678	0.000377347942754919
ccajas_consultas_lag1	0.000226538781754369	0.000663613724243017	0.000433251341681574
matm_other_delta3	0.000224899461770354	0.000254231903829144	0.000489154740608229
catm_trx_other_delta1	0.000222108012309623	0.000487726890842376	0.000512447823494335
catm_trx_other_lag3	0.00022205211749083	0.000219354297178534	0.000321444543828265
mforex_sell	0.000214614349552368	0.000568668124139597	0.000354054859868813
ccajas_transacciones_delta3	0.000214454851917354	8.93842230733581e-05	0.000395982409063804
Visa_delinquency_lag1	0.000213683370887733	0.000114796417234084	0.000153734347048301
ccajas_otras	0.000213408668230908	0.00223773611091107	0.000475178890876565
active_quarter_lag3	0.000212832322139564	0.000549967391343291	0.000628913237924866
tcuentas	0.000211477285327679	0.00062905508335246	0.000382006559332141
cseguro_accidentes_personales	0.000210463255370017	0.000213962005893766	0.00049381335718545
Visa_Finiciomora_lag3	0.00021035466160146	0.00115382229673681	0.000274858378056052
Master_cconsumos_lag3	0.000210308196446774	0.000224871990586203	0.000498471973762671
cdescubierto_preacordado_lag3	0.000205662781410947	0.000438551935849179	0.000409958258795468
ccajas_transacciones_lag1	0.000199912859320652	0.000228410740582919	0.000382006559332141
Visa_status_lag1	0.000199081206909712	0.00126708451502584	0.00019100327966607
cseguro_accidentes_personales_lag3	0.000197306625183529	0.000162689107276891	0.000447227191413238
ccajeros_propios_descuentos_lag3	0.000197082866890994	0.000324733504540546	0.000400641025641026
ccajas_extracciones_lag3	0.000196612340689178	0.00117830470758989	0.000251565295169946
ccajas_depositos	0.000196398088017515	0.0017501914862173	0.000321444543828265
mttarjeta_master_debitos_automaticos_lag1	0.000194309270528739	0.000487400393423289	0.000377347942754919
ctarjeta_master_transacciones_lag1	0.000192953476733259	0.00029799573838999	0.000321444543828265
ccajas_extracciones_delta1	0.000191811733393039	0.000557577003047412	0.000372689326177698
mcheques_depositados	0.000190955284680214	0.001061380220096	0.000316785927251044
ccheques_emitidos_rechazados_delta1	0.000187065629963721	0.000608501562434005	6.98792486583184e-05
mcheques_emitidos_delta3	0.000185378015660944	0.00185144259126325	0.000218954979129398
ccheques_emitidos_rechazados	0.000181569163566961	0.00187619162284611	0.000163051580202743
ctarjeta_master_descuentos_lag1	0.000177842672450944	0.000389129189273792	0.000368030709600477
mcheques_depositados_delta3	0.000177552188085856	0.000464778678934337	0.000270199761478831
Master_msaldodolares_delta3	0.000177428886483508	0.000232013886264367	0.000218954979129398
mtarjeta_master_descuentos_delta3	0.000177290242921076	0.00035670200788961	0.000368030709600477
mtarjeta_master_descuentos	0.000175367546637882	0.000861190605910212	0.00030281007751938
mprestamos_prendarios_lag1	0.000175071627868473	0.00175799880397104	0.000232930828861061
mcajeros_propios_descuentos_delta3	0.000173882548203597	0.000824617246228294	0.000391323792486583
mcheques_depositados_delta1	0.000173072086997854	0.000382264835230999	0.00022827221228384
Master_delinquency_lag3	0.000169181522881782	2.49418420541071e-05	6.52206320810972e-05
ccajeros_propios_descuentos_lag1	0.000167686270671873	9.20911013298644e-05	0.000400641025641026
mtarjeta_master_descuentos_lag3	0.000167102152714801	0.000182204388997629	0.000223613595706619
mforex_sell_delta1	0.000166534066616553	0.000796828060476712	0.000330761776982707
mtarjeta_master_descuentos_lag1	0.000166384865365304	0.000429098574013748	0.000330761776982707
tcallcenter_lag1	0.000165827047843555	0.000323151479560638	0.000270199761478831
ccajas_consultas_lag3	0.000163481866095698	0.00047428250288529	0.000326103160405486
ccheques_emitidos	0.000162448270904315	0.00132983114301379	0.000223613595706619
cseguro_vivienda	0.000162079337715073	0.00033604492665945	0.000382006559332141
ccajas_otras_lag1	0.000161083653964734	0.000408711879342877	0.000279516994633274
ctarjeta_master_debitos_automaticos_delta3	0.000159412073473176	0.000457104294962531	0.000135099880739416
mforex_sell_lag3	0.000155082111690264	0.000281296543981738	0.000288834227787716
ccajas_extracciones_delta3	0.000153389681059624	0.000203415800332628	0.00026554114490161
cseguro_vida_lag1	0.000153136745578768	0.000369407163512594	0.000391323792486583
cplazo_fijo_delta3	0.000152896534542807	0.00227342638357136	0.000246906678592725
mcaja_ahorro_adicional_lag1	0.000152782205464283	0.000886681129324883	0.000260882528324389
ccajeros_propios_descuentos	0.000151866588534905	0.00117238520017281	0.000391323792486583
active_quarter_delta1	0.000150822970811816	0.0021613763858037	0.000377347942754919
mprestamos_prendarios_delta1	0.000150358761482339	0.0019499984921242	0.000260882528324389
mcajeros_propios_descuentos_lag3	0.000148847244633613	0.000121364777076875	0.000288834227787716
active_quarter_delta3	0.000147020130959187	0.000908734580139785	0.000479837507453787
Master_msaldodolares_delta1	0.00014701905510361	0.000917555282616433	0.000237589445438283
ccheques_depositados_lag1	0.000146390142810981	0.000312476482630033	0.000125782647584973
mcheques_emitidos_delta1	0.000146209731153384	0.00107883747598594	0.000153734347048301
mcajeros_propios_descuentos	0.00014535495729368	0.000807240202507061	0.000372689326177698
cforex_lag3	0.000144175604645485	0.000312481754791357	0.00022827221228384
mcheques_emitidos	0.000141824421939967	0.00107633056327676	0.000177027429934407
Master_mpagado	0.000141014296402543	0.000216505823732205	0.000307468694096601
cseguro_accidentes_personales_lag1	0.000140392434077726	0.000345907257580379	0.000405299642218247
ctarjeta_master_descuentos_delta3	0.000138167164546426	5.71777192988472e-05	0.000437909958258796
ctarjeta_master_debitos_automaticos	0.000137248781066677	0.000677307033531147	0.000200320512820513
cprestamos_hipotecarios	0.000137093271685796	0.00047268428483846	4.65861657722123e-05
ccajas_depositos_lag1	0.00013695364743267	0.000182747045030966	0.000260882528324389
ctarjeta_visa_descuentos	0.000136766600813144	0.00096727364680887	0.000386665175909362
ccajas_otras_delta1	0.000135366199372666	0.000447387325060941	0.000288834227787716
Master_mconsumosdolares_lag3	0.000135049048268569	0.000342171554699948	0.000298151460942159
Master_mpagosdolares	0.000134671338670671	0.00110517116862937	0.000293492844364937
ccajas_depositos_lag3	0.000133360565652635	0.000493531163876256	0.000242248062015504
cprestamos_prendarios	0.000130110500185931	0.00145379547220595	0.000135099880739416
cinversion1	0.000129922884981714	0.00118186341648305	9.31723315444246e-05
mforex_sell_lag1	0.000129823243588557	0.000567056725689459	0.00026554114490161
ccajas_extracciones	0.000129321372609702	0.000548938943302318	0.000335420393559928
Master_mpagado_lag3	0.000128022175447107	0.000369811237019721	0.00026554114490161
Master_msaldodolares	0.000127501862406967	0.000373799250477763	0.000260882528324389
Master_mpagado_delta1	0.000126736260511325	0.000135340523578748	0.000204979129397734
mpagodeservicios	0.000125608600640578	0.0016060185860904	0.000326103160405486
mprestamos_prendarios_lag3	0.000125581642391823	0.000681325550208273	0.000125782647584973
cforex_delta3	0.000125355057405114	0.000276399459278398	0.000237589445438283
cseguro_vivienda_lag1	0.000125349240589849	0.000122777339728538	0.000293492844364937
mcheques_emitidos_rechazados_lag1	0.000125218228938032	0.000624397881989325	9.78309481216458e-05
mcheques_depositados_lag3	0.000124206484889944	0.000331920213589957	0.000163051580202743
ctarjeta_master_descuentos	0.000123884924991652	0.0005705103679391	0.000321444543828265
ccajas_transacciones_lag3	0.000118418845090706	6.92837314457457e-05	0.000312127310673822
mcheques_depositados_lag1	0.000117998645320279	0.000977845460010721	0.000167710196779964
mcaja_ahorro_adicional_lag3	0.000117174450066278	0.000258480512689731	0.000195661896243292
mcheques_emitidos_lag1	0.000116299910895472	0.000588351738439726	0.000135099880739416
Master_mpagado_lag1	0.000115148595797011	5.75945966263309e-05	0.000237589445438283
mpagodeservicios_lag1	0.000115069020785693	0.000660495617403302	0.000223613595706619
ccajas_depositos_delta1	0.000114663315521233	0.00136891405148554	0.000330761776982707
minversion2_lag1	0.000112125654321493	0.000240617676960861	0.000125782647584973
minversion2_lag3	0.000111855389414598	0.000592322052499039	0.000158392963625522
cseguro_vivienda_lag3	0.000110871092202021	0.000603679794320996	0.000251565295169946
mcheques_emitidos_lag3	0.000110201261206382	0.000318841864261882	0.000144417113893858
Master_mpagosdolares_lag3	0.00010915257668904	0.000657672375014734	0.000200320512820513
ctarjeta_master_descuentos_lag3	0.000108207394252968	0.000389858253868199	0.000274858378056052
ccajas_extracciones_lag1	0.000108067226674257	0.000123383638280705	0.000200320512820513
ccajas_otras_lag3	0.000105577080486348	0.00011055534003253	0.000209637745974955
Master_mpagado_delta3	0.000104054374736749	0.000125390448830082	0.000195661896243292
mpagodeservicios_delta3	0.000104052742434346	0.000527640164722535	0.000130441264162194
ctarjeta_visa_descuentos_lag3	0.000103687818932511	0.000388233298431801	0.000279516994633274
mforex_buy_delta1	0.000103380635262395	0.000589372654821666	0.000163051580202743
mprestamos_prendarios_delta3	0.000100171118850103	0.00180672901449833	0.000279516994633274
mcaja_ahorro_adicional_delta3	9.83993747859586e-05	0.000975577677475846	0.000200320512820513
ccheques_depositados_lag3	9.7401917730128e-05	0.000965017161762545	0.000163051580202743
Master_mconsumosdolares_delta3	9.72267600813312e-05	8.78763849349259e-05	0.000181686046511628
ctarjeta_debito_delta1	9.61872854401413e-05	0.00148478071746823	0.000163051580202743
cplazo_fijo_lag1	9.58122528695782e-05	0.000175040651508269	0.000102489564698867
ctarjeta_master_debitos_automaticos_lag3	9.55649288580106e-05	0.000133765653674921	0.000130441264162194
mcheques_emitidos_rechazados_delta1	9.53984677204253e-05	0.000140748631347485	5.59033989266547e-05
ccheques_emitidos_lag1	9.50524533472235e-05	0.000813415786331274	0.000125782647584973
mplazo_fijo_dolares_lag3	9.4542628298284e-05	0.000280747486038223	0.000177027429934407
cforex	9.43583225895937e-05	0.000217943994024581	0.00019100327966607
cliente_edad_delta1	9.38200000871375e-05	0.000232271845586252	0.000326103160405486
ccheques_depositados	9.36281396304875e-05	0.000477513584610502	0.000111806797853309
Visa_cadelantosefectivo	9.34922492316034e-05	4.71323690634126e-05	0.000172368813357185
minversion1_dolares_lag1	9.29989702821363e-05	0.00164980576879425	0.000153734347048301
ctarjeta_visa_lag1	9.16709109558354e-05	6.8281644211388e-05	7.91964818127609e-05
minversion2_delta1	9.14336022693414e-05	0.000235392588506629	6.0562015503876e-05
mforex_buy	9.03113712328492e-05	0.00134004030683319	0.000195661896243292
cforex_delta1	8.97750422545145e-05	0.000114497786953421	0.000177027429934407
ccajas_depositos_delta3	8.66981627046552e-05	0.000237308642564656	0.000167710196779964
Master_mpagosdolares_lag1	8.49365961004737e-05	0.000276500383509442	0.000158392963625522
cforex_sell_lag1	8.48363086082515e-05	0.00015552273370687	0.000139758497316637
mforex_buy_delta3	8.48299328913117e-05	0.000151624723574274	0.000111806797853309
cforex_lag1	8.37456435005565e-05	0.000280529444509214	0.000195661896243292
Master_status_lag3	8.32961575378934e-05	0.000341044065342688	0.000125782647584973
Visa_madelantopesos_delta3	8.30664510597757e-05	0.000183305140965321	0.000172368813357185
tcallcenter_lag3	8.26281211805289e-05	0.000162294448343555	0.000209637745974955
Visa_madelantopesos	8.2376081489913e-05	0.000146675293840654	0.000172368813357185
ccheques_emitidos_delta1	8.19416810919793e-05	0.00135100828530018	0.000158392963625522
mttarjeta_master_debitos_automaticos_delta1	8.1683957018749e-05	0.00119996914821574	0.000232930828861061
minversion1_pesos_lag3	8.13568891998633e-05	0.00136824975915882	0.000144417113893858
mcaja_ahorro_adicional_delta1	8.10800969639719e-05	0.000396295186260861	0.000125782647584973
ccheques_depositados_delta1	7.99830923017052e-05	0.0010331323563093	0.00019100327966607
ccheques_emitidos_delta3	7.9723868502281e-05	0.000865947225172585	0.000125782647584973
Master_madelantopesos	7.83124468205498e-05	3.03217061014706e-05	9.78309481216458e-05
cplazo_fijo_delta1	7.83120204089487e-05	0.000374824685855123	7.45378652355397e-05
Visa_delinquency_lag3	7.80349980632517e-05	3.00468005467614e-05	0.000130441264162194
Visa_madelantopesos_lag3	7.60652010778517e-05	0.000338310826279566	0.000214296362552177
ctarjeta_master_debitos_automaticos_lag1	7.55449562566772e-05	0.000219158850626624	0.000130441264162194
mpagodeservicios_lag3	7.54842726301717e-05	0.000631812423724488	0.000158392963625522
cforex_sell_delta3	7.40260434643251e-05	0.00028084464443975	0.000149075730471079
mcheques_emitidos_rechazados_delta3	7.064747301953e-05	0.000126491577380725	3.72689326177698e-05
tcuentas_lag3	7.02029385449905e-05	0.000884793695571181	0.000167710196779964
cforex_sell	7.00713873144637e-05	6.91086203732255e-05	0.000149075730471079
Master_mconsumosdolares_lag1	6.97439888661607e-05	7.59311737083846e-05	0.000181686046511628
cinversion2_lag1	6.92710484996703e-05	0.00076363905178133	0.000121124031007752
ctarjeta_visa_lag3	6.65165338376367e-05	4.94253826560484e-05	0.000102489564698867
minversion2_delta3	6.53272471758624e-05	0.000842407778030446	0.000102489564698867
cinversion2	6.43638497018048e-05	0.00049385502521468	9.78309481216458e-05
mcheques_depositados_rechazados	6.39211943496749e-05	0.000651309629463547	8.85137149672034e-05
cseguro_accidentes_personales_delta3	6.35084413712693e-05	0.00116124474671396	0.000135099880739416
cforex_sell_lag3	6.31229576896661e-05	0.000175948593004713	0.000125782647584973
cplazo_fijo_lag3	6.27194443183641e-05	0.0001061380220096	8.38550983899821e-05
cseguro_vida_delta3	6.21801160311998e-05	0.00038422720899208	0.000116465414430531
mprestamos_hipotecarios_lag3	6.17329786987877e-05	0.000377601608540637	6.98792486583184e-05
mforex_buy_lag3	6.15735808943046e-05	9.79013996909711e-05	5.12447823494335e-05
minversion1_pesos_lag1	6.13178889480574e-05	0.000596880965711792	0.000107148181276088
mprestamos_hipotecarios_lag1	6.06651495595645e-05	0.000210185632054555	3.72689326177698e-05
ctarjeta_master_debitos_automaticos_delta1	6.05813474128876e-05	0.00056611338539556	0.000102489564698867
cinversion2_lag3	6.04727749627576e-05	0.00095100676962912	0.000121124031007752
mpagodeservicios_delta1	5.97973769291643e-05	0.000218095380371146	0.000153734347048301
Master_Finiciomora_lag3	5.92025627350351e-05	0.00055546437268862	6.52206320810972e-05
cforex_buy_lag3	5.47462173369345e-05	0.000111234319094366	6.98792486583184e-05
cforex_sell_delta1	5.47123260774193e-05	0.000172268624401127	0.000125782647584973
ccheques_depositados_rechazados	5.41303488062142e-05	0.000246036329052245	5.59033989266547e-05
Visa_madelantopesos_lag1	5.39978773948705e-05	2.9731600616225e-05	0.000116465414430531
ccaja_seguridad_delta3	5.38746272007956e-05	0.000612543427254133	5.12447823494335e-05
mforex_buy_lag1	5.36217612022193e-05	0.000149933866121337	9.78309481216458e-05
Master_madelantopesos_lag3	5.33674139964863e-05	1.80537632853598e-05	9.78309481216458e-05
Master_delinquency_delta1	5.26086476641437e-05	4.31232669600785e-05	0.000121124031007752
cpagodeservicios	5.24966660028024e-05	0.000448843571334997	0.000130441264162194
cpagodeservicios_lag3	5.23801863687699e-05	0.000116204460890327	6.0562015503876e-05
Master_mconsumosdolares_delta1	5.21703246613457e-05	3.69284774053306e-05	0.000125782647584973
Visa_cadelantosefectivo_lag1	5.18575450549642e-05	8.27443124697523e-05	0.000135099880739416
Visa_madelantodolares	5.07820931785094e-05	0.000193404342562842	0.000102489564698867
ctarjeta_master_delta1	5.06574977845332e-05	1.03142304629173e-05	2.32930828861061e-05
minversion1_pesos_delta3	4.9686839756804e-05	0.000813164605502519	8.38550983899821e-05
Visa_cadelantosefectivo_lag3	4.96055125861513e-05	1.88027867762044e-05	0.000158392963625522
cpagodeservicios_delta1	4.86238848999814e-05	6.47858246711616e-05	6.52206320810972e-05
cseguro_auto_lag3	4.85136174698383e-05	0.000639492833023521	7.91964818127609e-05
cpagodeservicios_lag1	4.76497577253968e-05	0.000142049348862507	9.78309481216458e-05
Master_msaldodolares_lag1	4.76483960019204e-05	5.58257865024007e-05	0.000121124031007752
Master_mpagosdolares_delta1	4.76087711623173e-05	8.24532138481219e-05	6.98792486583184e-05
Visa_madelantodolares_lag3	4.58329194464937e-05	1.06478829580849e-05	0.000116465414430531
Master_cadelantosefectivo_lag3	4.51439500306987e-05	7.50239853778443e-05	6.98792486583184e-05
tcuentas_delta3	4.47158674956581e-05	0.000883666582796873	0.000116465414430531
ccheques_emitidos_lag3	4.28790903147998e-05	0.000132206600255063	7.45378652355397e-05
Master_cadelantosefectivo	4.26488861052536e-05	2.64726517525904e-05	8.85137149672034e-05
cforex_buy_delta3	4.25141447911013e-05	4.18835558832256e-05	5.59033989266547e-05
Master_delinquency_delta3	4.22090298553685e-05	0.000252306435197324	4.65861657722123e-05
ccheques_depositados_delta3	4.16996976568709e-05	0.000287921391267277	7.91964818127609e-05
cliente_vip_lag3	3.96110901222975e-05	0.00183692117606443	0.000111806797853309
minversion1_pesos_delta1	3.84440467336658e-05	0.000568305474757152	7.45378652355397e-05
Master_mpagosdolares_delta3	3.76547793602391e-05	0.000363552428363192	7.45378652355397e-05
minversion1_dolares	3.7268897763383e-05	0.00084971122779487	9.31723315444246e-05
Master_madelantopesos_lag1	3.72078650027787e-05	0.000177311823289709	9.31723315444246e-05
mcheques_emitidos_rechazados_lag3	3.70279304759752e-05	6.50607302258708e-05	2.32930828861061e-05
Visa_status_lag3	3.67782364583066e-05	8.63003852822438e-05	9.78309481216458e-05
cforex_buy_lag1	3.47718466878107e-05	0.000123641974185541	4.65861657722123e-05
Master_status_lag1	3.4414031036546e-05	0.000473227317454749	9.78309481216458e-05
ctarjeta_master_lag1	3.41068625836243e-05	3.76115988796353e-05	5.59033989266547e-05
mprestamos_hipotecarios_delta3	3.40680176251856e-05	0.00108213860214016	9.31723315444246e-05
cinversion1_lag1	3.34846646909808e-05	8.705204485375e-05	4.19275491949911e-05
ccheques_depositados_rechazados_delta1	3.3368267775315e-05	3.99441536821951e-06	2.79516994633274e-05
Master_madelantopesos_delta3	3.17633001604888e-05	0.000240859819798776	4.65861657722123e-05
Master_cadelantosefectivo_lag1	3.11461290667206e-05	7.15921849393995e-06	7.91964818127609e-05
Master_madelantodolares	2.94278774859104e-05	1.65372637390395e-05	9.31723315444246e-05
Master_cadelantosefectivo_delta1	2.9056255275026e-05	8.68099020158349e-06	3.72689326177698e-05
cseguro_vivienda_delta3	2.8437046642122e-05	0.000368485288446939	9.31723315444246e-05
minversion1_dolares_lag3	2.77486870338208e-05	0.000433431537455506	3.26103160405486e-05
cforex_buy_delta1	2.71971965196362e-05	0.000292684412439828	6.52206320810972e-05
mprestamos_hipotecarios_delta1	2.64219414824811e-05	0.000251463642551517	4.19275491949911e-05
mcheques_depositados_rechazados_delta3	2.57188120805705e-05	0.000315107291130305	4.65861657722123e-05
cseguro_auto	2.5133766606846e-05	0.00114127455278762	0.000102489564698867
ctarjeta_master_lag3	2.47676721419742e-05	4.29206653320873e-05	7.45378652355397e-05
cpagodeservicios_delta3	2.44470164464459e-05	4.61046741883422e-05	1.86344663088849e-05
cinversion2_delta3	2.4144175964324e-05	0.000667777601939482	4.19275491949911e-05
Visa_Finiciomora_delta3	2.38345708367669e-05	0.000721881651186909	6.52206320810972e-05
Visa_madelantodolares_lag1	2.36889150480339e-05	2.26299993138885e-05	8.38550983899821e-05
cinversion1_lag3	2.36090705488338e-05	8.03130929338586e-05	4.65861657722123e-05
mpayroll2_lag1	2.28151574954486e-05	0.000960036475643938	5.12447823494335e-05
ccheques_emitidos_rechazados_lag1	2.19415931437968e-05	6.88747623602469e-05	3.26103160405486e-05
cprestamos_hipotecarios_lag1	2.12648135756639e-05	0.000255100304115663	2.79516994633274e-05
cprestamos_hipotecarios_lag3	2.09829655133828e-05	0.000279358648112514	4.19275491949911e-05
Master_madelantodolares_lag3	2.08524724807464e-05	8.62864517130325e-06	5.12447823494335e-05
Visa_madelantopesos_delta1	2.04499101840351e-05	6.35521389215352e-06	6.52206320810972e-05
mpayroll2	1.90574333195631e-05	0.00056757302091618	7.91964818127609e-05
cinversion2_delta1	1.7511945866578e-05	0.000817984867283721	4.65861657722123e-05
cforex_buy	1.72846144621739e-05	0.000270472420202278	4.65861657722123e-05
mcheques_depositados_rechazados_delta1	1.60517872898042e-05	0.000103629602968617	4.19275491949911e-05
Master_madelantopesos_delta1	1.59214976794614e-05	3.12752141350646e-06	1.86344663088849e-05
Visa_madelantodolares_delta1	1.43654911548761e-05	1.58108352252942e-05	4.19275491949911e-05
ccheques_emitidos_rechazados_lag3	1.4205364130998e-05	0.000293844287930929	2.79516994633274e-05
cprestamos_prendarios_lag3	1.36338664671811e-05	0.000274025856934108	6.0562015503876e-05
Master_madelantodolares_lag1	1.2431571631633e-05	3.68787684557119e-06	2.32930828861061e-05
tcuentas_delta1	1.15688929136735e-05	0.000174753318716156	4.65861657722123e-05
Master_madelantodolares_delta1	1.15352739414302e-05	1.62307252163911e-07	4.65861657722123e-06
Master_cadelantosefectivo_delta3	1.13709815410288e-05	2.96483757839089e-06	2.32930828861061e-05
minversion1_dolares_delta3	1.09626494587939e-05	0.000121069536042777	1.39758497316637e-05
cprestamos_prendarios_lag1	1.06304440857051e-05	0.00034343160125619	4.19275491949911e-05
ccuenta_corriente_lag3	9.84408145917095e-06	1.83282922571173e-06	9.31723315444246e-06
cseguro_accidentes_personales_delta1	8.86911578851545e-06	0.000120344237277886	2.79516994633274e-05
ccaja_seguridad_delta1	8.38206581056222e-06	0.000652762863073989	3.72689326177698e-05
Visa_cadelantosefectivo_delta1	8.23158977482123e-06	8.67458829140533e-06	3.72689326177698e-05
mplazo_fijo_pesos_delta3	7.98719659471268e-06	0.000114814869798715	1.39758497316637e-05
cseguro_auto_delta3	7.80107472833966e-06	0.000172476874773393	2.32930828861061e-05
cprestamos_prendarios_delta3	7.7557642715198e-06	0.000293047061822273	2.79516994633274e-05
cprestamos_prendarios_delta1	7.58871951149808e-06	7.0006770712926e-07	4.65861657722123e-06
cseguro_auto_lag1	7.5261484218382e-06	0.000201253084441265	2.79516994633274e-05
mpayroll2_lag3	7.28549218247806e-06	1.83004251186947e-05	9.31723315444246e-06
cseguro_auto_delta1	7.15192794695094e-06	0.00010864116888926	9.31723315444246e-06
mcheques_depositados_rechazados_lag3	6.81625306811074e-06	3.55660002862377e-05	2.79516994633274e-05
mplazo_fijo_pesos_lag1	6.45465035985016e-06	0.000146650062782893	2.32930828861061e-05
mpayroll2_delta1	6.02053593030666e-06	7.85649948722695e-05	4.65861657722123e-06
mcheques_depositados_rechazados_lag1	5.85492856340914e-06	1.38413063881312e-05	2.32930828861061e-05
Visa_cadelantosefectivo_delta3	5.37347094711734e-06	7.35553118663844e-05	2.79516994633274e-05
cinversion1_delta3	4.18708393591129e-06	0.000857120120785758	5.12447823494335e-05
mplazo_fijo_pesos_delta1	4.02257057037629e-06	1.88754672858741e-05	4.65861657722123e-06
cseguro_vivienda_delta1	3.99894016391536e-06	1.67794065769545e-05	4.65861657722123e-06
cliente_vip	3.21891475195046e-06	0.000255603418939076	1.86344663088849e-05
Visa_madelantodolares_delta3	2.6817907183254e-06	7.21156352422019e-07	9.31723315444246e-06
mpayroll2_delta3	2.20231986455313e-06	2.1825994712102e-05	9.31723315444246e-06
ccheques_depositados_rechazados_lag3	1.99796088090739e-06	3.07028080485469e-06	9.31723315444246e-06
mplazo_fijo_pesos	1.94404969505969e-06	0.000229627480099721	1.39758497316637e-05
cinversion1_delta1	1.69623563243959e-06	8.42728626705257e-05	4.65861657722123e-06
mcuenta_corriente_adicional_lag1	1.31466433434069e-06	8.73672447842864e-08	4.65861657722123e-06
Master_madelantodolares_delta3	1.21050362135364e-06	1.24423007227277e-06	4.65861657722123e-06
ccheques_depositados_rechazados_delta3	9.18130343171577e-07	6.96678460564353e-08	4.65861657722123e-06
mcuenta_corriente_adicional_delta3	7.96587747895544e-07	2.4982513012886e-06	4.65861657722123e-06
mplazo_fijo_pesos_lag3	7.02292197865509e-07	5.69001776634765e-05	4.65861657722123e-06
ccheques_depositados_rechazados_lag1	6.88451500051421e-07	8.37539313631432e-05	4.65861657722123e-06
minversion1_dolares_delta1	6.27919456890843e-07	0.000111825554328467	9.31723315444246e-06
mcuenta_corriente_adicional_lag3	5.18764518435956e-07	1.28791369466491e-07	4.65861657722123e-06
cseguro_vida_delta1	4.92357419201023e-07	2.19924443767342e-06	9.31723315444246e-06
ccheques_emitidos_rechazados_delta3	3.83745576638129e-07	9.76479593645063e-07	4.65861657722123e-06
cpayroll2_trx	3.02817498417486e-07	4.85302449799612e-06	4.65861657722123e-06
cprestamos_hipotecarios_delta3	1.39700654922007e-07	8.88490986990544e-05	4.65861657722123e-06
