Feature	Gain	Cover	Frequency
mtarjeta_visa_consumo	0.0330808826347486	0.00564045778877811	0.00433784020774303
mcaja_ahorro	0.029258219266367	0.00759096465133448	0.00425543603428859
mcaja_ahorro_lag1	0.023609604680906	0.0061233609189231	0.00476042571263763
ctarjeta_debito_transacciones	0.0203963531038893	0.0037221709056634	0.00300247001227611
mcuentas_saldo	0.020120112767158	0.00910128424338931	0.00595211683644039
mpayroll	0.0189010940237108	0.0101311780244976	0.00228407465395529
mpayroll_lag1	0.0148421832618705	0.00469351419680989	0.00203474920606748
Visa_msaldopesos	0.0133483363404168	0.00572767733024911	0.00440122803347722
mtarjeta_visa_consumo_lag1	0.0132930168391909	0.00330451678573112	0.00420683870122571
Visa_mconsumospesos	0.0128149282321396	0.00383590184534713	0.00531612565157403
ctrx_quarter	0.012212426069142	0.00340454127175474	0.00176640741045941
mcuentas_saldo_lag1	0.00998554940237541	0.00413876917607845	0.00541754617274873
ctrx_quarter_lag1	0.00940876592166238	0.00230230211711001	0.00200939407577381
mpayroll_delta1	0.00909805700890332	0.0105285015029108	0.00302359928752084
mcaja_ahorro_delta1	0.00861479971097923	0.00547149898043284	0.00493791162469336
mcuenta_corriente	0.00807546137903047	0.00770269154579269	0.00519568878267907
mactivos_margen	0.00777725137249163	0.00963867338295468	0.00627962060273371
ctarjeta_visa_transacciones	0.00777623197063598	0.00249577084162842	0.0012276108917188
Visa_mpagospesos	0.00774855703762665	0.00210873159749335	0.0017283747150189
ctarjeta_visa	0.00773495885990298	0.00246608457147564	0.000925462255719167
ctarjeta_debito_transacciones_lag1	0.00740412586693236	0.00227616805648268	0.00355394409616356
cproductos	0.0073994005119292	0.00521320838232798	0.00322010154729683
Visa_msaldototal	0.00703024062487681	0.0026242684785225	0.00196502259775987
Visa_Finiciomora	0.00701097189862835	0.00653631287427223	0.0020178457858717
cproductos_delta3	0.00685919431150228	0.00765048988428742	0.00193332868489278
mpayroll_delta3	0.00680773776038598	0.0116582449241456	0.00351379847319857
cextraccion_autoservicio	0.00631912340260341	0.00276776185159798	0.00281864531764696
mpayroll_lag3	0.00627800684389687	0.00360829954000782	0.00217842827773165
Visa_mconsumototal_lag1	0.00621545583240745	0.00230788967934624	0.00502454165319675
ctarjeta_visa_transacciones_lag1	0.00613597062409162	0.0015427861865996	0.00151074317999818
mcuenta_corriente_lag1	0.00592081763032579	0.00426474079324143	0.00498017017518282
mcaja_ahorro_delta3	0.00587440515282455	0.00399652901783658	0.00522738269554616
mpasivos_margen	0.0057482825512675	0.00291021017715407	0.00221434804564769
mcuentas_saldo_delta3	0.00574655437560701	0.00811162827038712	0.00569222675093022
Visa_cconsumos	0.00569418253608877	0.0011136709638793	0.00126564358715932
mcuenta_corriente_delta3	0.00566176761560008	0.00612596749592618	0.0054196591002732
mcaja_ahorro_lag3	0.00563631606574105	0.00385224325414022	0.00526964124603562
mpagomiscuentas	0.00555394905595655	0.00511357350056528	0.00227984879890635
Visa_mfinanciacion_limite	0.00549744332622158	0.00428630231325965	0.00480691011817604
Visa_status	0.00543112508482392	0.0014800998130598	0.000329616693817785
Visa_msaldopesos_lag1	0.00542335941444634	0.00337996507891692	0.00485128159618997
matm_lag1	0.00528764209385643	0.00139669374299411	0.00261157842024861
ctarjeta_visa_delta1	0.00518550692840636	0.0018975464980167	0.000650781677537679
mactivos_margen_lag1	0.00518213901480976	0.0061128829810228	0.005865486807937
mcuentas_saldo_delta1	0.00496185719255654	0.00775997563882185	0.00491466942192416
cprestamos_personales	0.00486468699685802	0.00724841499150436	0.00220378340802532
cproductos_delta1	0.00474570697518213	0.00871511776406239	0.00146637170198425
matm	0.00467269971019766	0.00203139313777108	0.0027531445643883
Visa_mconsumototal	0.00460393586654592	0.00278120740954766	0.00403357864421893
cextraccion_autoservicio_lag1	0.00454928739740051	0.00178277545410072	0.0021974446254519
ctarjeta_visa_delta3	0.0045275386747546	0.00163628388582945	0.000646555822488733
mttarjeta_visa_debitos_automaticos	0.00442277025299931	0.00202877502643132	0.00434417899031645
Visa_Finiciomora_lag1	0.00436198993461221	0.00196070394851295	0.00139030631110322
cpayroll_trx	0.0042136378272715	0.0030705543006833	0.000321164983719893
Visa_cconsumos_delta3	0.00401429758526156	0.00499247541527313	0.00615073202374085
mcuenta_corriente_delta1	0.00399822908657239	0.00316327462223841	0.00451743904732324
mautoservicio	0.00395807488802803	0.00150862093212404	0.00117056184855803
mcuenta_debitos_automaticos	0.00394774624560571	0.00488126701671102	0.00345886235756227
mrentabilidad_annual_lag3	0.00380686364895364	0.00442979275697978	0.00569856553350364
ctrx_quarter_lag3	0.00378293022105785	0.00111587713462364	0.00145158120931294
ctarjeta_visa_lag1	0.00367406818850703	0.000577557009312632	0.000521893098544827
mcomisiones_mantenimiento_delta3	0.00362592587784475	0.00534473881742787	0.00287569436080773
cprestamos_personales_delta3	0.0035571004213737	0.0053159324523869	0.00208123361160589
mtarjeta_visa_consumo_delta1	0.00355602375584052	0.00311451861495791	0.00438643754080591
Master_mfinanciacion_limite	0.00354763415934253	0.00331823751999854	0.00518935000010565
mtarjeta_visa_consumo_delta3	0.00340377830248006	0.00274756632659417	0.0039807554561071
mcuentas_saldo_lag3	0.00334098452735795	0.00272541985093047	0.00473295765481948
mextraccion_autoservicio	0.00333779812972571	0.00104445963439282	0.00115999721093567
mprestamos_personales_delta1	0.00330547886319868	0.00375604816789159	0.0015487758754387
Master_Finiciomora	0.00329332870553951	0.00308072703637357	0.00110717402282384
mtarjeta_visa_consumo_lag3	0.00327108393503232	0.0014309543846031	0.00380960832662479
mcaja_ahorro_dolares_delta1	0.00309107269613574	0.00567454193672756	0.00396596496343579
Visa_delinquency	0.00308267411472791	0.00326850731898106	0.000990963008977829
Visa_madelantodolares_delta1	0.00300375931583175	0.000218614676970873	0.000160582491859947
cdescubierto_preacordado_delta1	0.00296704647822619	0.00220104400631665	0.000177485912055731
cdescubierto_preacordado_delta3	0.00296004573880813	0.00276170284623589	0.000190163477202568
mactivos_margen_delta1	0.00292163015887301	0.00330665924299671	0.00668107683238357
internet	0.00292147162145487	0.00528596295018918	0.00171358422234759
cprestamos_personales_lag1	0.00288125830276575	0.00469938132939688	0.00252283546422074
Visa_mconsumototal_delta1	0.0028690329716391	0.00204779368292521	0.00409907939747759
mrentabilidad_annual	0.00284616891642704	0.00312470910986497	0.00573025944637073
mcomisiones_mantenimiento	0.00282747346856124	0.00466988638276508	0.00373776879079271
Visa_mpagominimo	0.00281467141854635	0.00349517735698176	0.00168189030948049
mtransferencias_recibidas	0.00277686530129724	0.00234298024394146	0.0013142409202222
Visa_mconsumospesos_lag1	0.0027629268288346	0.00181828400108677	0.00392370641294633
mcuenta_corriente_lag3	0.00271878890100175	0.00372148854895268	0.00465477933641398
Visa_msaldototal_lag1	0.00271362639582548	0.00103311442422564	0.00142622607901926
Visa_delinquency_lag1	0.00269227682938188	0.00110664197572854	0.000876864922656288
mttarjeta_visa_debitos_automaticos_delta3	0.00269085122248596	0.00580003167493626	0.00525696368088878
Visa_mconsumospesos_delta3	0.00268708777843436	0.00145103090454602	0.00322855325739472
ctarjeta_debito_transacciones_lag3	0.00268547437742539	0.00111479601941656	0.00270877308637436
mcomisiones_otras_delta3	0.0026655261541594	0.00248776656123242	0.00456181052533717
mcomisiones_mantenimiento_delta1	0.0026576286682417	0.00457953078331236	0.00238760810265447
Visa_mpagospesos_lag1	0.00261791484091194	0.00108433585019852	0.00167766445443155
Visa_mpagominimo_delta3	0.00261105632573789	0.0035450721511527	0.00438432461328144
mcomisiones_otras_lag1	0.00259788596794892	0.00212610249160557	0.005396416897504
mcomisiones_otras_lag3	0.00258769691800163	0.00240719921958092	0.00526752831851115
mrentabilidad_annual_lag1	0.00256420516829496	0.00297377865282219	0.00549572449115423
ctarjeta_visa_transacciones_delta3	0.00254018749766969	0.00192921520939933	0.00175584277283705
Visa_madelantodolares	0.00251418023825438	0.00045721488078425	0.000270454723132542
cpayroll_trx_lag1	0.00247611950304976	0.00192517141743002	0.000422585504894597
internet_lag1	0.0024732717772158	0.00555007564204258	0.00161850248374631
ctarjeta_debito_transacciones_delta1	0.00245365182140918	0.00252840916963031	0.00385186687711425
Master_msaldopesos	0.00245083645003464	0.0041697522352256	0.00404203035431682
foto_mes	0.00244763786010848	0.00411120467461912	0.00153609831029186
mcomisiones_otras	0.0024113764739761	0.00274402748225248	0.00532880321672086
matm_delta1	0.0024107463432592	0.00134642307591544	0.00277427383963303
Visa_mconsumospesos_lag3	0.00239230401820766	0.00158339547358044	0.00402723986164551
Visa_mlimitecompra	0.00238247762900813	0.00221097525327566	0.00465477933641398
mactivos_margen_delta3	0.0023702175246597	0.00321832068778385	0.00580209898220281
mactivos_margen_lag3	0.00236748759147962	0.00384626004584769	0.00500763823300097
ctarjeta_master	0.00235530053375008	0.00049636296870197	0.000257777157985704
Visa_delinquency_delta3	0.00234066892034957	0.000968840523173454	0.000815590024446571
mcaja_ahorro_dolares	0.00233458540488784	0.00317184847916434	0.00379481783395348
mextraccion_autoservicio_lag1	0.00229191814633458	0.000726477013165064	0.000997301791551248
ctarjeta_debito_transacciones_delta3	0.00228991500812383	0.00155261801856158	0.00343773308231754
Visa_msaldopesos_delta1	0.00226970186874048	0.0029475283334046	0.00427867823705779
matm_lag3	0.00222191705784258	0.00125262200532266	0.00264538526064018
ctransferencias_recibidas	0.00221786862575523	0.00215232296821559	0.00278695140477987
Visa_cadelantosefectivo_delta1	0.0022137384113706	0.000372732089544494	0.000359197679160407
mrentabilidad_annual_delta1	0.00217779165136476	0.00311267495193754	0.00534993249196559
mcuenta_debitos_automaticos_delta3	0.0021244370333799	0.00397218186396981	0.00340603916945045
mcomisiones_otras_delta1	0.00211087778582559	0.00184122140269367	0.00539430396997953
mprestamos_personales	0.00206689938549674	0.00343758403387898	0.00109027060262806
cextraccion_autoservicio_lag3	0.00206646447248926	0.00124787004169865	0.00216575071258481
internet_lag3	0.00205035978123926	0.00194770035705098	0.00137974167348086
cproductos_lag1	0.00203771742601517	0.00176051601517152	0.00249325447887812
mttarjeta_visa_debitos_automaticos_lag3	0.00203211026550725	0.00274148425255874	0.00479845840807815
mcomisiones_mantenimiento_lag3	0.00203113994319094	0.00345918400168609	0.00369339731277877
ccomisiones_otras	0.00202972057401137	0.000819340873132094	0.00136283825328507
Visa_mpagospesos_delta3	0.00202337890601644	0.00374237869734272	0.00465266640888951
mprestamos_personales_delta3	0.00198846971303013	0.00485701268679175	0.0015952602809771
cliente_antiguedad	0.00198776175968434	0.00278363254960405	0.0048407169585676
Visa_mfinanciacion_limite_delta1	0.00194682196750455	0.000976497674961051	0.00203897506111643
ctarjeta_master_transacciones	0.00194451059298298	0.00228492554737181	0.00180866596094887
Visa_madelantopesos_delta1	0.00193637681980545	0.000219649471746559	0.000160582491859947
Visa_mconsumospesos_delta1	0.00193224193907537	0.00177402656819292	0.00383707638444294
Master_mfinanciacion_limite_lag1	0.0019294116838782	0.0020259397766266	0.00471182837957475
ctransferencias_emitidas	0.00192896592362118	0.00202105672435089	0.00238338224760553
mcomisiones_mantenimiento_lag1	0.00191176496530264	0.00327829026732571	0.00339336160430361
mcuenta_debitos_automaticos_lag1	0.00190568698898019	0.00240718530514303	0.00317150421423395
cliente_antiguedad_lag1	0.00190135712782469	0.0032688694605356	0.00508581655140647
mpasivos_margen_lag1	0.00189276194343323	0.00135997555533522	0.00180866596094887
matm_other	0.00189081842621514	0.00175399472091902	0.0019861518730046
ctrx_quarter_delta3	0.0018579978916237	0.00340077961332211	0.00216363778506034
mrentabilidad_annual_delta3	0.00183778377673444	0.00228973060556145	0.00533514199929428
ccomisiones_mantenimiento_delta3	0.00181366857183039	0.00266052712356162	0.000576829214181124
mpagomiscuentas_lag1	0.00178543073899241	0.00216380549191457	0.00221012219059874
cprestamos_personales_lag3	0.00176059826980909	0.00331911907287273	0.00192276404727041
ccuenta_debitos_automaticos	0.0017484049734632	0.000976156588148046	0.000633878257341895
mprestamos_personales_lag1	0.0017139985983123	0.00380175416700363	0.00127832115230615
numero_de_cliente	0.00170450452457518	0.00290909628978407	0.00511328460922462
Visa_msaldototal_delta3	0.00169799001059457	0.00206287620125871	0.00333208670609389
cliente_antiguedad_lag3	0.00169460597484804	0.00252993408217219	0.0045047614821764
Master_delinquency	0.00167441673812702	0.00146044292327009	0.00078600903910395
Master_mconsumototal	0.00166650044039816	0.00136047977062401	0.00248268984125576
ctarjeta_master_delta3	0.00166292356063725	0.000893214271650438	0.000272567650657015
Visa_mfinanciacion_limite_delta3	0.00165480077774117	0.00107498662952967	0.00195234503261304
mttarjeta_visa_debitos_automaticos_delta1	0.00164572566151839	0.00257082971363802	0.00420895162875018
cprestamos_personales_delta1	0.00163757040599339	0.00502885233303431	0.00121493332657197
Master_mfinanciacion_limite_lag3	0.00163236902329754	0.00181951817511063	0.00474986107501527
mautoservicio_lag3	0.0016208928754689	0.00147172789856798	0.00129099871745299
Visa_mfinanciacion_limite_lag1	0.00161463201284785	0.00189911095685573	0.00443714780139326
cproductos_lag3	0.00159572254853389	0.00152846603299468	0.00297077609940901
Visa_mfinanciacion_limite_lag3	0.00157727251118967	0.00180598656734769	0.00413288623786915
Visa_mconsumototal_lag3	0.00157497308996801	0.00135602074253451	0.00387088322483451
Visa_msaldopesos_lag3	0.00156465948175769	0.00230589863313506	0.00404625620936576
mcaja_ahorro_dolares_delta3	0.00155809693889335	0.00327609123688502	0.00331307035837364
Master_mlimitecompra_lag1	0.00155390624998214	0.0017808863860725	0.00433572728021856
cpayroll_trx_lag3	0.00154973218820875	0.00117433901158628	0.000350745969062515
mprestamos_personales_lag3	0.00153541284220217	0.00305970946102602	0.00127620822478168
Visa_msaldopesos_delta3	0.00153413781653273	0.00254174029963682	0.00348421748785595
Master_mlimitecompra	0.00151993891081144	0.00186977767402205	0.00413499916539363
mpagomiscuentas_delta3	0.00150580004039607	0.003050064558552	0.00324968253263945
mautoservicio_lag1	0.00149601632323521	0.000928913226733915	0.00125507894953695
Visa_status_delta3	0.00148926296170801	0.0011734375024788	0.000519780171020354
mautoservicio_delta3	0.00147925895062531	0.000830988905408083	0.00167766445443155
mautoservicio_delta1	0.00147083891859486	0.000820734513937565	0.00128677286240405
Master_mconsumospesos	0.00146777190125485	0.00146590049536287	0.00290104949110141
Master_mlimitecompra_lag3	0.00146736053194621	0.00194128946287805	0.00432938849764514
Visa_cconsumos_delta1	0.00145790854853521	0.00200817470113575	0.00181711767104677
ccomisiones_mantenimiento_delta1	0.00143911786529599	0.00195257388892181	0.000473295765481948
Visa_madelantopesos	0.00143151716035712	0.000324203839642083	0.000179598839580204
Master_msaldopesos_lag1	0.00142999757054504	0.00200673803542364	0.00324334375006603
Visa_mlimitecompra_lag1	0.00142853815421079	0.00169874671293947	0.00386031858721214
mttarjeta_visa_debitos_automaticos_lag1	0.00141971943541607	0.00173205934192488	0.00381594710919821
Master_status	0.00140616571804608	0.00157681907083051	0.000266228868083596
ctarjeta_visa_transacciones_delta1	0.00140322371398469	0.00250796922653989	0.00156356636811001
ctransferencias_emitidas_lag1	0.00138734323598262	0.00176233734185739	0.00222702561079452
Visa_fechaalta_delta3	0.00135227608753822	0.00230490979262135	0.0020178457858717
mpasivos_margen_lag3	0.0013327164119265	0.00124871058359801	0.00200939407577381
Visa_mlimitecompra_lag3	0.0013206035125812	0.00178575149604672	0.00381806003672268
ccaja_seguridad	0.0013125999068257	0.00490296072388918	0.00066557217020899
ctrx_quarter_delta1	0.00130521534437358	0.00215940816337204	0.00137551581843191
mcaja_ahorro_dolares_lag3	0.00129408443244321	0.00191537437156277	0.00326869888035971
Visa_mconsumototal_delta3	0.00123919634330694	0.00121694447115015	0.00249114155135365
mpagomiscuentas_delta1	0.00123255317538296	0.00175331602590248	0.00192698990231936
Visa_Finiciomora_delta1	0.00122290274487356	0.0025615720353237	0.000836719299691301
mcuenta_debitos_automaticos_lag3	0.00121699276864211	0.00152167413954217	0.00261580427529755
Visa_fultimo_cierre_delta3	0.00120727935981662	0.00331552035983117	0.00189318306192779
Visa_Fvencimiento_delta3	0.00120435865749597	0.00279928208128156	0.00227773587138188
Visa_fechaalta	0.00120229510661088	0.00194383122789412	0.0026200301303465
Master_msaldototal	0.00119102202958876	0.00139007083672807	0.00139875802120111
cliente_edad	0.00118740288112248	0.00353485181343807	0.00221434804564769
mcaja_ahorro_dolares_lag1	0.00117682236251566	0.00127762460244792	0.00296232438931112
mtarjeta_master_consumo	0.00117102854863993	0.00149458236280167	0.000819815879495518
Visa_delinquency_delta1	0.00116740679160208	0.000988543916479275	0.00111562573292174
mtransferencias_recibidas_lag1	0.00116485430194841	0.0012196008471941	0.00111985158797068
ctransferencias_recibidas_lag3	0.00115069232217238	0.00166105140218825	0.00255664230461231
mpasivos_margen_delta3	0.00114358446005072	0.00115848479120402	0.00184458572886491
cplazo_fijo	0.00114319233423645	0.00566243820661069	0.00109238353015253
Visa_cadelantosefectivo	0.0011339948868813	0.000707537998519627	0.000509215533397989
matm_other_delta1	0.00112236339794863	0.00134560139174112	0.0026665145358849
Master_mpagominimo	0.00111734747641809	0.00164835063283509	0.00134382190556482
ctransferencias_emitidas_delta1	0.00111010380869054	0.00205546712925191	0.00230097807415108
Master_msaldopesos_delta3	0.00110981855877839	0.00140354275887585	0.00274469285429041
ccaja_ahorro	0.00110878216647894	0.00286772848285354	0.000507102605873516
Visa_status_delta1	0.00109274018003617	0.000914993296303029	0.000316939128670947
Master_status_delta3	0.00109238412611574	0.000580349600380136	0.000316939128670947
matm_delta3	0.00108700620945216	0.00133358407760693	0.00269398259370305
mrentabilidad_lag1	0.00106660101591362	0.00117528684112515	0.00225449366861267
ctarjeta_visa_transacciones_lag3	0.00104894311657242	0.0005492760973867	0.00122338503666986
mcomisiones_lag3	0.00104385413654304	0.000908962485986136	0.00200094236567591
Visa_msaldototal_delta1	0.00104240658413908	0.00104278019835648	0.00172626178749443
Master_delinquency_delta3	0.00103471266870581	0.000924201541745899	0.000690927300502665
cpagomiscuentas	0.001033240976873	0.00168921202746032	0.000895881270376545
ccomisiones_mantenimiento	0.00102603728630292	0.00241561763758885	0.000661346315160044
Master_fechaalta_delta3	0.00102456973240528	0.00109890664677017	0.00127620822478168
ctransferencias_emitidas_delta3	0.00101735203924388	0.00223837973869925	0.00256720694223467
Master_status_delta1	0.00101344076250927	0.00107975452152337	0.000454279417761691
mcomisiones_delta1	0.0010075501426317	0.000658518715427479	0.00194600625003962
Master_msaldopesos_delta1	0.000997415313564703	0.00113993776092071	0.00230520392920002
ctransferencias_recibidas_lag1	0.000982841027448964	0.00110209103911509	0.0020960241042772
catm_trx_lag1	0.000976126432021805	0.000641279825390502	0.000650781677537679
Master_mfinanciacion_limite_delta3	0.000975198255763873	0.00175296596793873	0.00242141494304604
mrentabilidad_delta1	0.000960325162035302	0.00105661590982119	0.00230520392920002
Master_mpagominimo_delta3	0.000956491814376634	0.00149668362600771	0.00190586062707463
Master_msaldopesos_lag3	0.000956251670947966	0.00101459943376641	0.00268341795608069
ctarjeta_master_transacciones_delta3	0.000945748753548457	0.0014475358174498	0.0019629096702354
cextraccion_autoservicio_delta3	0.000944688604746062	0.000982473010611094	0.0023538012622629
mpasivos_margen_delta1	0.000940893680963877	0.00153450508212348	0.00185937622153623
Visa_mpagado_delta1	0.000939878265034027	0.00151497030983472	0.0025186096091718
cextraccion_autoservicio_delta1	0.000938150510369268	0.00158920804692412	0.00232844613196923
tmobile_app	0.000936441948034082	0.000985063109990362	0.00158892149840368
Visa_Fvencimiento	0.000931825896762871	0.00141877302656958	0.00197981309043119
cmobile_app_trx	0.00093156699075283	0.0015752773144954	0.00124028845686564
mtransferencias_recibidas_lag3	0.000930010389540843	0.00132539067070645	0.00127620822478168
ccaja_seguridad_lag1	0.000929067813163256	0.00417719481173416	0.00066557217020899
mcuenta_debitos_automaticos_delta1	0.000923709650516899	0.00185318818544815	0.0024636734935355
Master_Fvencimiento	0.0009070566296347	0.00154163110517006	0.00207066897398352
tmobile_app_lag1	0.000901219724749536	0.000632201570091074	0.00131846677527114
cliente_edad_lag3	0.000900343240809985	0.00328577715033387	0.00180444010589993
Visa_mpagado	0.000891826739331303	0.00132087854805133	0.00197136138033329
Visa_mpagosdolares	0.000887889257361514	0.000555439277948254	0.00113041622559305
mcomisiones	0.000884983320963983	0.00101912931563832	0.0018614891490607
cliente_edad_lag1	0.000884355144701386	0.00294942655566828	0.00170090665720075
Master_mconsumospesos_lag1	0.000883985146081884	0.000966767455012611	0.00255875523213678
Visa_msaldototal_lag3	0.000883545677540998	0.0010347339915621	0.00170724543977417
Visa_mconsumosdolares_delta3	0.000869409432977125	0.00138426082657032	0.00226717123375951
Visa_mpagominimo_lag1	0.000856869087600557	0.00149237912141268	0.00139030631110322
matm_other_lag1	0.000855322834882705	0.000853154055712111	0.00191431233717252
ctransferencias_recibidas_delta3	0.000853789942518865	0.00178634926762185	0.00255030352203889
Master_fechaalta	0.000852586333642647	0.00178546313762993	0.00209179824922825
mrentabilidad	0.000852067544609158	0.00147136374308163	0.00223970317594136
mtransferencias_emitidas	0.000846047509031413	0.00136600691490624	0.00142200022397032
Visa_mpagospesos_lag3	0.000837780188338526	0.00090717063593843	0.00161216370117289
Master_mconsumospesos_delta1	0.000825392899538067	0.000689569149747571	0.00198826480052908
Visa_mpagado_lag3	0.000816038796926893	0.00111913604244516	0.00198826480052908
Visa_mpagospesos_delta1	0.000815742462751196	0.000548346942488151	0.00104378619708965
Visa_fultimo_cierre_lag1	0.000812134548555337	0.00119441077132675	0.00114520671826436
Master_delinquency_delta1	0.000804352517708819	0.000855769603865941	0.00064444289496426
mrentabilidad_lag3	0.000796018091429641	0.000762247188200371	0.002072781901508
ctarjeta_master_transacciones_delta1	0.000794091385466097	0.00139307598914281	0.00177697204808178
Master_fechaalta_lag1	0.000794082681062573	0.00121162091706441	0.00175584277283705
Visa_mlimitecompra_delta1	0.000783051638383699	0.00145276673067275	0.00189952184450121
Visa_mpagado_lag1	0.000782277049722151	0.000998783844257777	0.00183613401876702
mcomisiones_lag1	0.00077956029842683	0.000617023664624141	0.00180866596094887
thomebanking	0.000775776164474429	0.00416675605396161	0.00101420521174703
cpayroll_trx_delta3	0.000772251177348561	0.00172164127272445	0.000646555822488733
Visa_mconsumosdolares	0.000764669048624343	0.00133544842919943	0.00102688277689387
mpagomiscuentas_lag3	0.00076046843027974	0.00119616417358555	0.00185726329401175
cdescubierto_preacordado	0.000754701492406376	0.002093563395516	0.000137340289090744
tcallcenter_delta3	0.000752651277912901	0.00154094307283336	0.00121704625409644
Master_mconsumospesos_lag3	0.000740455335510595	0.000978945883690786	0.00249959326145154
Master_Fvencimiento_lag1	0.000740204515021671	0.00135230778463449	0.00210447581437509
Master_Fvencimiento_lag3	0.000739941336662033	0.000802026002940851	0.00206221726388563
tmobile_app_delta1	0.000737275741084842	0.00151662594485888	0.00166709981680918
Master_mfinanciacion_limite_delta1	0.000732160980033499	0.000812988566066067	0.00193544161241725
ctransferencias_emitidas_lag3	0.000727240288656397	0.00124385609253691	0.00204320091616537
Master_mconsumototal_lag1	0.000724307421964219	0.000678437782520589	0.00197347430785777
tcallcenter_delta1	0.000721229414162762	0.00159088290584273	0.00124028845686564
Visa_fultimo_cierre_delta1	0.000717870165437358	0.000864987186628974	0.00100364057412467
Master_mconsumospesos_delta3	0.000716585495183332	0.000713837943358858	0.00181289181599782
Master_mconsumototal_delta3	0.000715082895095052	0.000773708107903687	0.00177485912055731
ccaja_ahorro_delta1	0.000715056107989804	0.00184952813902906	0.000350745969062515
internet_delta3	0.000713405978742252	0.00144041400535153	0.00140087094872559
ctarjeta_master_delta1	0.000709384667883752	0.000482136920637512	0.000181711767104677
mcomisiones_delta3	0.000708151961454469	0.000707947925183243	0.00140932265882348
Master_delinquency_lag1	0.000708112793843603	0.000528059692045093	0.000538796518740611
matm_other_delta3	0.000707333116063381	0.000703656968856679	0.00195657088766198
Visa_fultimo_cierre	0.000707150433568921	0.000952209657455311	0.00140720973129901
mrentabilidad_delta3	0.000704266838857766	0.000746615598824354	0.0018382469462915
active_quarter	0.000703328428967718	0.000401287811618746	0.000608523127048219
ctarjeta_master_transacciones_lag1	0.000701422952497711	0.000978077879085067	0.00160582491859947
cpayroll_trx_delta1	0.000698931471405885	0.00217353241633825	0.000750089271187909
Visa_mconsumosdolares_delta1	0.000698317009825816	0.000641412744889289	0.000944478603439423
thomebanking_lag1	0.000695342786101947	0.00181100803166346	0.000944478603439423
ctransferencias_recibidas_delta1	0.000694674171681308	0.00147850239897313	0.00210447581437509
Master_mpagospesos	0.000692438196706271	0.000852102417143191	0.00114098086321541
chomebanking_transacciones_delta1	0.000691817165828731	0.00194513790346278	0.0018065530334244
Master_fechaalta_lag3	0.000689543677638395	0.000872819916652572	0.00158258271583026
ccaja_seguridad_lag3	0.000687568922766202	0.00219742899873599	0.000667685097733463
mtransferencias_recibidas_delta1	0.000678834753959665	0.000562375442151518	0.00129522457250194
Master_mlimitecompra_delta3	0.000674194735676389	0.00133572287317833	0.00193121575736831
chomebanking_transacciones_lag1	0.00067066907825583	0.00115891064623733	0.00182768230866913
Visa_fechaalta_lag1	0.00067029704334986	0.00108327542356357	0.00164385761403998
Visa_Fvencimiento_lag3	0.000663739402134977	0.00126492914255132	0.00166709981680918
tmobile_app_delta3	0.000662857127642192	0.00136830334641215	0.00165230932413787
Master_mlimitecompra_delta1	0.00066012724956438	0.000937195978972417	0.00185303743896281
chomebanking_transacciones_lag3	0.000654953578337403	0.000761753774909417	0.00144524242673952
cmobile_app_trx_lag1	0.000652710081733885	0.00214824585482922	0.00130790213764878
Visa_Fvencimiento_lag1	0.000649653022019644	0.00121335637702172	0.001916425264697
Visa_mpagosdolares_delta1	0.000648633882715397	0.000842733606410463	0.00145791999188636
Master_mconsumototal_delta1	0.000648384850473979	0.000599678402371192	0.00162272833879525
cmobile_app_trx_lag3	0.000642981360912567	0.00133184532212485	0.00121915918162091
tcallcenter	0.00063280594172316	0.00234568751753454	0.000817702951971045
Master_Fvencimiento_delta3	0.000620812707766396	0.000904252265675792	0.00105857668976096
Visa_mpagosdolares_lag1	0.000620802514071613	0.000805169384310941	0.00146425877445978
Visa_mpagominimo_lag3	0.000613918544979223	0.00118314501992331	0.00119380405132724
Visa_msaldodolares_delta3	0.000611789964304145	0.00119177966097265	0.0018065530334244
Master_Finiciomora_lag1	0.000600950508727415	0.0010306096423208	0.000756428053761328
mttarjeta_master_debitos_automaticos_delta3	0.000593738168203582	0.00185918640668683	0.00166921274433366
cpagomiscuentas_lag1	0.000593706628983249	0.000494467858878347	0.000646555822488733
chomebanking_transacciones	0.000581265427911212	0.000965103947345965	0.00129099871745299
Visa_mpagominimo_delta1	0.000571268021518334	0.00155909280929798	0.00129733750002641
ccomisiones_otras_lag1	0.000564501981181758	0.000583675700289881	0.00105857668976096
chomebanking_transacciones_delta3	0.000556843210443712	0.00120463165829551	0.00137762874595638
Visa_mpagado_delta3	0.000544484941706643	0.000791653155663562	0.00144101657169057
mtarjeta_master_consumo_lag1	0.000537890359471564	0.000396186339285111	0.000788121966628423
tmobile_app_lag3	0.000537291937151782	0.000811291187728244	0.00123183674676775
Visa_mpagosdolares_lag3	0.000531562389891731	0.000743675441481336	0.00116633599350909
Visa_fechaalta_lag3	0.000531490736376998	0.000766429575294455	0.00148750097722898
Master_mconsumototal_lag3	0.000530981291059354	0.000612066829210675	0.00160159906355052
Master_fultimo_cierre	0.000527463312226617	0.00103188446115008	0.00144524242673952
ccomisiones_otras_lag3	0.000526803394514534	0.000569870563971584	0.0012276108917188
Visa_fultimo_cierre_lag3	0.000522268832434339	0.000824291117496034	0.00144735535426399
Visa_cconsumos_lag3	0.000517386504633973	0.000676713124561113	0.00137762874595638
mplazo_fijo_dolares	0.000514730662720909	0.00251265601200747	0.000741637561090017
Visa_mlimitecompra_delta3	0.000513097222845919	0.0010408535979629	0.00156356636811001
ccaja_ahorro_delta3	0.000511552413879517	0.00192161060292324	0.00026200301303465
mtransferencias_recibidas_delta3	0.00050568159529147	0.000677478418645042	0.00113464208064199
Visa_madelantopesos_delta3	0.000504407281451545	0.000337718603611789	0.000519780171020354
matm_other_lag3	0.000501957485125036	0.00060092227988464	0.00153609831029186
Master_cconsumos_delta3	0.000499458191053451	0.000800302809659048	0.00121282039904749
mtarjeta_visa_descuentos_lag1	0.000491449872152704	0.000785543985091185	0.00129733750002641
ccallcenter_transacciones_delta1	0.000491248273942511	0.00139954327340613	0.000976172516306518
Master_Finiciomora_delta1	0.000490246855519004	0.00128214606242321	0.0005240060260693
mtransferencias_emitidas_delta1	0.000489333197010235	0.00176042575440995	0.00144946828178847
ccaja_ahorro_lag1	0.000488617069831201	0.00233749630765057	0.000393004519551975
ctarjeta_master_transacciones_lag3	0.000488092638541356	0.000537723452244139	0.00134170897804034
catm_trx_delta1	0.000485593657060961	0.000611179234541085	0.00103533448699176
cplazo_fijo_lag1	0.000484182585171627	0.00125026131108386	0.000693040228027138
ccuenta_debitos_automaticos_lag1	0.000482028097812612	0.00062769896784082	0.000597958489425854
ccajas_otras_delta1	0.000481908080908048	0.00140556712650408	0.00133325726794245
Master_mpagominimo_lag1	0.000472170483963926	0.000572195007437986	0.000929688110768113
ccomisiones_mantenimiento_lag1	0.000471630819270417	0.000920405280303253	0.000589506779327962
cmobile_app_trx_delta1	0.000465997576916796	0.000617398805193033	0.00123183674676775
cplazo_fijo_delta3	0.00046157403609886	0.00241173019996108	0.00107759303748122
mtarjeta_visa_descuentos_delta1	0.000461000212768495	0.00161094697602542	0.00125296602201248
Master_fultimo_cierre_lag1	0.000459674436874224	0.00119323683217217	0.00112407744301963
ctarjeta_visa_debitos_automaticos	0.000455842391960096	0.000538424666679892	0.00100364057412467
thomebanking_delta3	0.000453982022693565	0.00187720468833034	0.00110083524025042
mtransferencias_emitidas_lag1	0.000453017506117919	0.000515776905082745	0.0010247698493694
mtarjeta_visa_descuentos_delta3	0.000448990478730875	0.000855920099496799	0.00122972381924328
Visa_mpagosdolares_delta3	0.000445166246886506	0.000498592208119654	0.00105646376223649
Visa_mconsumosdolares_lag1	0.000443924397125538	0.000850833640109309	0.00124028845686564
Master_msaldototal_delta1	0.000442869622448123	0.000407353591115072	0.000855735647411558
active_quarter_lag1	0.000440166055602553	0.000277624160298345	0.000496537968251151
mtarjeta_master_consumo_delta3	0.000433679277120716	0.000561550279367722	0.000766992691383693
Master_msaldototal_lag1	0.000427965103551241	0.000452725643717758	0.00105435083471202
ctarjeta_visa_debitos_automaticos_lag3	0.000426162024692131	0.00057226933982987	0.00105012497966307
Master_mpagospesos_delta3	0.0004254018930075	0.000590293297099356	0.00124662723943906
Master_mpagominimo_delta1	0.000424889837745793	0.000425208927367501	0.000707830720698449
ccajas_otras_delta3	0.000423809706732135	0.00169871870097898	0.00120648161647407
mextraccion_autoservicio_lag3	0.00042359370988728	0.000507277563633409	0.00096349495115968
cpagomiscuentas_delta3	0.000418977107008381	0.00166860895589411	0.000747976343663436
ccajas_consultas_delta1	0.000416155118366563	0.00210513196902825	0.000993075936502302
Master_fultimo_cierre_delta1	0.000411963722080815	0.000491520744316384	0.000897994197901018
ccajas_consultas_delta3	0.000409542206965793	0.00184974179888455	0.000887429560278653
mtransferencias_emitidas_delta3	0.000409267707193597	0.000769946449471055	0.0010712542549078
mcajeros_propios_descuentos_lag1	0.000407001909268535	0.000598128956478299	0.00110928695034832
mtarjeta_visa_descuentos_lag3	0.000405957792796456	0.000603434202093133	0.00102054399432045
ccajas_otras	0.000404495738775765	0.00121192849937565	0.00101843106679598
mttarjeta_master_debitos_automaticos_lag3	0.000402759396391993	0.000598754556929205	0.00113886793569094
ccajas_transacciones_delta3	0.000395021686489746	0.00094047118133304	0.00100786642917361
ccuenta_debitos_automaticos_delta3	0.000394845489210609	0.00174112771065002	0.000657120460111098
ccajas_transacciones	0.000393979749808533	0.000883400748159369	0.000878977850180761
mextraccion_autoservicio_delta1	0.000392272078627113	0.000746946615978359	0.000999414719075721
cseguro_vida_lag3	0.000391981866293262	0.000605632500194983	0.00101843106679598
mcajeros_propios_descuentos_delta1	0.000390269433254296	0.0006429625569516	0.000988850081453356
ctarjeta_visa_debitos_automaticos_delta3	0.00038755317265942	0.000911269353320466	0.000684588517929247
ccallcenter_transacciones_delta3	0.000387394211343055	0.000942713969019195	0.000874751995131815
thomebanking_delta1	0.000383830487794513	0.00149904962970307	0.00106280254480991
internet_delta1	0.000383602075906684	0.000636827388350534	0.00115365842836225
mttarjeta_master_debitos_automaticos_delta1	0.000382499508144549	0.00111173813860561	0.00121704625409644
mttarjeta_master_debitos_automaticos	0.000381705674256148	0.000550528579881475	0.00108393182005464
Master_fultimo_cierre_delta3	0.00038126621368023	0.000757257580623981	0.000868413212558396
ctarjeta_visa_debitos_automaticos_lag1	0.000377167141527593	0.000466749017009272	0.000948704458488369
mtransferencias_emitidas_lag3	0.000375695224943231	0.000373686143963478	0.000813477096922098
Visa_mconsumosdolares_lag3	0.000375153509293317	0.000493329621242034	0.000849396864838139
Visa_cconsumos_lag1	0.000372440351840437	0.000422424575111906	0.0011494325733133
mttarjeta_master_debitos_automaticos_lag1	0.000372267005614352	0.000650603597284798	0.00119169112380276
Master_mpagospesos_lag1	0.000371109125231507	0.000306356742201562	0.000921236400670221
Master_fultimo_cierre_lag3	0.00036839420574351	0.000844354638424603	0.00112407744301963
thomebanking_lag3	0.000364464753697572	0.000879581418043379	0.000851509792362612
mtarjeta_visa_descuentos	0.000362290902267203	0.00136264236720759	0.00108815767510359
Master_mpagominimo_lag3	0.000359333136054367	0.000316163308473686	0.00070149193812503
catm_trx	0.000352851861431966	0.00067692934760253	0.000667685097733463
Visa_cadelantosefectivo_lag1	0.000350419918420643	0.00035320335905113	0.000409907939747759
cmobile_app_trx_delta3	0.000349916822576391	0.000484896373372674	0.00100364057412467
Visa_Fvencimiento_delta1	0.00034935537831165	0.00021997939039231	0.000401456229649867
ccuenta_debitos_automaticos_lag3	0.000344138421428564	0.00047853363047823	0.000631765329817422
catm_trx_other_delta3	0.000343865879620664	0.00030378330353082	0.000553587011411922
ccajas_consultas	0.000342109458141034	0.00191059988851954	0.000633878257341895
ccallcenter_transacciones	0.000340856532103982	0.00149371454128066	0.000667685097733463
ccajas_transacciones_delta1	0.000339675574940341	0.000843594836881946	0.000955043241061788
mplazo_fijo_dolares_delta1	0.000338499296204595	0.00174522825887915	0.000633878257341895
ccheques_emitidos_rechazados	0.000338215520486271	0.00225122825741264	0.000682475590404774
Master_mpagado	0.000335548392553002	0.000330644393537884	0.000811364169397625
Visa_Finiciomora_lag3	0.000335340150165651	0.000945784482675072	0.000993075936502302
mtarjeta_master_descuentos_lag1	0.000327949042963449	0.000339134763836475	0.000695153155551611
catm_trx_lag3	0.000327717692790433	0.00026613742565105	0.000735298778516598
ccomisiones_otras_delta1	0.000321516114135953	0.000489919302366115	0.000859961502460504
ccomisiones_mantenimiento_lag3	0.000321102007893785	0.000611058581717805	0.000422585504894597
Master_mpagospesos_delta1	0.000317985134115198	0.000477850724513384	0.000988850081453356
Master_msaldototal_delta3	0.000314044702700269	0.000400690589297747	0.000866300285033923
mtarjeta_master_descuentos_delta1	0.000311274357372037	0.000575563033746109	0.000726847068418706
catm_trx_other	0.000309410158171555	0.000421370556441767	0.000543022373789557
Master_mpagosdolares	0.00030800163504904	0.00121963069000168	0.000914897618096802
mcajeros_propios_descuentos_delta3	0.000307279245673748	0.000575924259877111	0.000908558835523383
cdescubierto_preacordado_lag1	0.000307106867393608	0.00104857409705983	0.000255664230461231
Master_mpagado_delta3	0.000304009554898048	0.000359919455434086	0.000929688110768113
cseguro_vida_lag1	0.000302159037732731	0.000544660348786239	0.000883203705229707
ccajas_depositos_delta1	0.000301516170876696	0.000675275726510174	0.00101209228422256
ccheques_depositados	0.000300937096675835	0.0011485107024231	0.000640217039915314
Visa_status_lag1	0.00030078584783215	0.000184473955846323	0.000238760810265447
cpagomiscuentas_lag3	0.00029939482974878	0.000467360703022287	0.000616974837146111
mextraccion_autoservicio_delta3	0.000298068856012838	0.000462797316648621	0.000914897618096802
Master_mpagosdolares_delta1	0.000292605542532121	0.000445455349920435	0.000612748982097165
mtarjeta_master_consumo_delta1	0.000289245445470273	0.000241267015685747	0.000547248228838503
Visa_fechaalta_delta1	0.00028900055683399	0.000297368747663708	0.000431037214992489
ccajas_depositos_delta3	0.000287210207971535	0.000695424564913172	0.000942365675914951
catm_trx_delta3	0.000286327139232078	0.000357355537168216	0.000798686604250788
Master_mpagado_delta1	0.000283330147808618	0.00035222861606002	0.000792347821677369
cforex_sell	0.000282838572703587	0.000346525527372369	0.000530344808642719
Master_madelantodolares_delta1	0.000280092184239963	0.000118155364763204	0.000194389332251514
mpagodeservicios_delta3	0.000280003959567173	0.000870517992605386	0.000783896111579477
Master_mpagado_lag3	0.000279487306449733	0.000314577977977815	0.000826154662068936
ccheques_depositados_lag1	0.000278869074402965	0.0014384965591934	0.000714169503271868
cpagomiscuentas_delta1	0.000277141596622045	0.000722665555691564	0.000534570663691665
ccajas_depositos	0.000277088000541642	0.00161061193100782	0.000756428053761328
mcajeros_propios_descuentos	0.000274636474354883	0.000811501918228388	0.000834606372166828
cplazo_fijo_lag3	0.000274427367566155	0.000426137716096633	0.000587393851803489
Visa_msaldodolares	0.000271766166895547	0.00047399660830267	0.000597958489425854
mplazo_fijo_dolares_delta3	0.000270967273700848	0.00132262041597346	0.000604297271999273
Master_mpagado_lag1	0.000269864619674074	0.00030498909942478	0.000817702951971045
ccheques_emitidos_delta3	0.000266891183356905	0.00148851713255947	0.000707830720698449
ccajas_transacciones_lag1	0.000263027443118098	0.000338638238105467	0.000688814372978192
mpagodeservicios	0.000262430471547236	0.00112076256700057	0.000695153155551611
cseguro_vida	0.00026144269083408	0.000545606347478024	0.000724734140894233
Master_madelantodolares	0.000261166271369929	0.000149238937415639	0.00028313228827938
ccheques_emitidos_delta1	0.000259834548660578	0.00122290424459992	0.000775444401481585
ccheques_emitidos	0.000258714178793043	0.00220495011858474	0.000640217039915314
ccomisiones_otras_delta3	0.000256569028512401	0.000299347527199378	0.000745863416138963
Master_msaldototal_lag3	0.000255775041084644	0.000345493295782611	0.000737411706041071
ctarjeta_visa_debitos_automaticos_delta1	0.000255187399684684	0.000424076548441879	0.000650781677537679
Master_Fvencimiento_delta1	0.000250858413055515	0.000353536023967517	0.000473295765481948
cforex_sell_delta3	0.000250389295421375	0.000362013578336473	0.000720508285845287
minversion1_pesos	0.000248868421427172	0.00305095453332281	0.000585280924279016
mtarjeta_master_consumo_lag3	0.000247607813112313	0.000220816819851614	0.000726847068418706
active_quarter_delta3	0.000242351058328502	0.000544815787704243	0.000555699938936395
ccajas_otras_lag1	0.000241356521321158	0.000524824951405176	0.000705717793173976
catm_trx_other_lag1	0.000238480189782067	0.000274638414862768	0.000530344808642719
Visa_cadelantosefectivo_delta3	0.000235413179124525	0.000157909829237377	0.000228196172643082
ccajas_depositos_lag1	0.000235129220301969	0.000484375497375359	0.000671910952782409
Master_cadelantosefectivo	0.000230645515838652	0.000239734596670798	0.000327503766293312
mcajeros_propios_descuentos_lag3	0.000230250058125837	0.000310637995038545	0.000703604865649503
mtarjeta_master_descuentos	0.000229825655656816	0.00146231825994513	0.000600071416950327
mtarjeta_master_descuentos_delta3	0.000229557340276205	0.00071567812776976	0.000695153155551611
Master_cconsumos_lag3	0.000227527389805312	0.000208308289442978	0.000551474083887449
Master_mpagospesos_lag3	0.000221247489834041	0.000264453778666407	0.000568377504083232
ccajas_otras_lag3	0.000219766266793679	0.000422733439016113	0.000695153155551611
Visa_madelantodolares_lag1	0.00021816399189809	8.76367915229715e-05	0.00024087373778992
Visa_msaldodolares_delta1	0.000217477309940665	0.00033330790988549	0.000528231881118246
Master_cconsumos	0.000215702835549187	0.000317458266620965	0.0005240060260693
cseguro_vivienda	0.00021371231285557	0.000435403083968734	0.00066557217020899
Master_mpagosdolares_lag1	0.00021328801048863	0.000334146620937758	0.000616974837146111
ctarjeta_debito_delta3	0.000212605875964648	0.00191469878898628	0.000405682084698813
active_quarter_lag3	0.000209432007877398	0.000214301567394511	0.000422585504894597
Master_madelantodolares_delta3	0.000208823304563199	9.14727823474872e-05	0.000177485912055731
mplazo_fijo_dolares_lag1	0.000207787872469728	0.000706799617887932	0.000464844055384056
cprestamos_prendarios	0.000206652673004337	0.0022106956829249	0.000475408693006421
Visa_msaldodolares_lag3	0.000204281310786647	0.000613182547427771	0.000583167996754543
mplazo_fijo_dolares_lag3	0.000201532011172722	0.000590530574882316	0.000492312113202205
cdescubierto_preacordado_lag3	0.000201312301055928	0.000306371938232415	0.000327503766293312
cforex_sell_delta1	0.000199422730646765	0.000441041726838791	0.000631765329817422
Master_status_lag1	0.000198792219928951	0.000139962218291575	0.000196502259775987
ccheques_depositados_lag3	0.000197467649962127	0.00129448340862886	0.000595845561901381
catm_trx_other_lag3	0.000196530875320227	0.000228470309945029	0.00056626457655876
catm_trx_other_delta1	0.000194836474560696	0.000340203429283339	0.000532457736167192
ccallcenter_transacciones_lag1	0.000193822339977977	0.000391508341883565	0.000604297271999273
ccheques_emitidos_lag1	0.000193423547284137	0.00108351489836304	0.000555699938936395
Master_cconsumos_lag1	0.000191964937549013	0.00028115586433638	0.00066557217020899
ccajas_transacciones_lag3	0.000191757555468058	0.000241677674688199	0.000507102605873516
ccheques_depositados_rechazados	0.000189132343644137	0.000654171735179938	0.000312713273622002
cforex_sell_lag1	0.000189008503893093	0.000286439505955543	0.000521893098544827
ccheques_depositados_delta1	0.000188793323592317	0.00052440312423547	0.000600071416950327
mtarjeta_master_descuentos_lag3	0.000188135973051976	0.000349570042999559	0.000555699938936395
Visa_delinquency_lag3	0.000186556019885348	0.000191294593598161	0.000386665736978556
mpagodeservicios_lag3	0.000184589177554997	0.000400150123236561	0.000572603359132178
mforex_sell_delta1	0.000184383190535696	0.000377774059347679	0.000534570663691665
cforex_buy_delta3	0.000182455805457497	0.000385935060254647	0.000488086258153259
ccheques_depositados_delta3	0.000182039029624017	0.000545510594175178	0.000564151649034286
cprestamos_hipotecarios	0.000181778090432495	0.00213126181870727	0.000321164983719893
Master_mpagosdolares_lag3	0.000179183681159495	0.000436551208179337	0.000540909446265084
ccheques_emitidos_lag3	0.00017882703209405	0.000551642284166771	0.000530344808642719
ccaja_ahorro_lag3	0.000178576063735745	0.000932450240228513	0.000312713273622002
mpagodeservicios_lag1	0.000178547458818116	0.00064431079274922	0.000538796518740611
cplazo_fijo_delta1	0.000178379600904032	0.00108261576935677	0.000521893098544827
ccuenta_debitos_automaticos_delta1	0.00017760535460105	0.000769905255411513	0.00038243988192961
ctarjeta_debito	0.000176866939690413	0.00039118300035554	0.000420472577370124
cforex_sell_lag3	0.000176130058845849	0.000297418363619867	0.000538796518740611
ccheques_emitidos_rechazados_lag1	0.000174491654479163	0.000603669649029002	0.00034018133144015
tcallcenter_lag1	0.000173608955908154	0.000411990394457077	0.000585280924279016
mcheques_depositados	0.000173367937660653	0.000552978253288883	0.000447940635188272
cseguro_vivienda_lag3	0.000172573555112052	0.000151338735944007	0.0005240060260693
ctarjeta_visa_descuentos_delta1	0.000171556069753374	0.000249281914994874	0.000445827707663799
Master_cconsumos_delta1	0.00016997239048986	0.000282678213692329	0.000519780171020354
Visa_msaldodolares_lag1	0.000168143594801018	0.000419533118301502	0.000534570663691665
mpagodeservicios_delta1	0.000167810269475334	0.000307748735244651	0.000549361156362976
Master_fechaalta_delta1	0.000167142961624221	0.000308385320778101	0.000378214026880664
mprestamos_prendarios	0.000165940983991167	0.00146800651877135	0.000264115940559123
ccajas_consultas_lag1	0.000164642913445795	0.00061141339988399	0.000509215533397989
ccajas_depositos_lag3	0.000164081022670426	0.000560297796872947	0.000555699938936395
ctarjeta_visa_lag3	0.000162321565458518	0.000169630546142868	0.000272567650657015
ccheques_emitidos_rechazados_delta1	0.000160442312718618	0.00136591354170461	0.000422585504894597
mforex_sell_delta3	0.000159295233775509	0.000311613836537909	0.000500763823300097
minversion1_pesos_lag1	0.000158275895729595	0.00101749217216978	0.000477521620530894
mcaja_ahorro_adicional_lag1	0.000156946492018027	0.000519399968390608	0.000456392345286164
minversion1_pesos_delta3	0.00015668301746963	0.00104407698735085	0.000536683591216138
active_quarter_delta1	0.000156672981679185	0.000683427390096979	0.000426811359943543
ctarjeta_debito_lag1	0.000156591751417084	0.00020657209714683	0.000515554315971408
cinversion2	0.000152530511055911	0.00126243772583024	0.000450053562712745
mprestamos_prendarios_lag1	0.00015190391084421	0.00164215669404241	0.00036131060668488
minversion2	0.000149838355082523	0.00113389505009773	0.000365536461733826
mforex_sell_lag1	0.000148659749946526	0.000171756342699925	0.000310600346097529
Master_Finiciomora_lag3	0.000148509270937115	0.000400172276486358	0.000412020867272232
ccajas_extracciones	0.000148250767067889	0.000271158523797401	0.000412020867272232
mcheques_depositados_lag1	0.000146458177552323	0.00055300663141879	0.000291583998377272
Visa_cadelantosefectivo_lag3	0.000145761048078678	0.000243431626201127	0.00034018133144015
mprestamos_hipotecarios	0.000144026259133396	0.00171368093265863	0.000221857390069663
minversion1_pesos_lag3	0.000141354388467501	0.000928008055932254	0.000409907939747759
cinversion2_lag1	0.000139574255889734	0.00101004263844227	0.000450053562712745
mcheques_depositados_delta3	0.000138139220813319	0.00047800561417726	0.000414133794796705
ctarjeta_debito_lag3	0.000137322220796998	0.000266739591259194	0.000462731127859583
ccajas_extracciones_delta3	0.00013649150342066	0.000225729898019611	0.000431037214992489
cseguro_vida_delta3	0.000135229330394858	0.000385828871123384	0.000435263070041435
mcaja_ahorro_adicional_delta1	0.000134406941583618	0.000481738345225859	0.000422585504894597
tcallcenter_lag3	0.000133771415231823	0.000371725672898715	0.000462731127859583
Visa_madelantodolares_lag3	0.000133761280261794	5.58942970025801e-05	0.000215518607496244
mforex_sell	0.000131222343786332	0.000368528464624158	0.000333842548866731
cseguro_vivienda_lag1	0.000129740968151609	0.000189690039207838	0.000426811359943543
minversion1_pesos_delta1	0.000129365589714651	0.00104725863342514	0.000464844055384056
ctarjeta_master_descuentos_delta1	0.000128927691847183	0.00015865443474918	0.000264115940559123
Master_msaldodolares	0.000128344786902375	0.000164836473035769	0.000314826201146474
ccajeros_propios_descuentos_lag1	0.000127521916908152	0.000207344165364995	0.000335955476391204
ccajeros_propios_descuentos_delta1	0.000127435637217211	0.000140266321993346	0.000323277911244366
Master_mconsumosdolares_lag1	0.000127360089891296	0.000130480627378057	0.000173260057006785
mcaja_ahorro_adicional	0.000126855787782099	0.000511229447078768	0.00040356915717434
ccallcenter_transacciones_lag3	0.000126734387155834	0.000205540414811199	0.000473295765481948
mcheques_depositados_delta1	0.000126393759215752	0.000300456837451657	0.000297922780950691
mcaja_ahorro_adicional_delta3	0.000124641627905644	0.000364867685866226	0.000373988171831718
ccajas_consultas_lag3	0.000124474267014478	0.00029888853383373	0.000371875244307245
tcuentas_lag3	0.000124458620940044	0.000562102829019707	0.000194389332251514
Master_cadelantosefectivo_delta1	0.000124316404728508	0.000114626773165223	0.00019861518730046
ccheques_emitidos_rechazados_delta3	0.000124057527675845	0.000339907930562894	0.000264115940559123
mcheques_emitidos_delta3	0.000122281030812842	0.000756082726045854	0.000342294258964623
cforex_buy_delta1	0.000122102581540643	0.000432348132513128	0.000388778664503029
ccaja_seguridad_delta3	0.000121634947325287	0.00097184622484232	0.000281019360754907
cforex	0.000120871019591563	0.000124239452730438	0.000185937622153623
ctarjeta_master_descuentos_lag1	0.000120440475908278	0.000231727203834744	0.000354971824111461
Master_delinquency_lag3	0.000120316704399448	9.18722731826864e-05	0.000287358143328326
Master_msaldodolares_lag3	0.000120193122834823	0.000243494607341049	0.000348633041538042
Master_mconsumosdolares	0.000117350849853007	0.000164034012755898	0.000314826201146474
ctarjeta_visa_descuentos_lag1	0.000117052058575107	0.000332353672381797	0.000314826201146474
ctarjeta_visa_descuentos	0.000115510818926247	0.00020229011197101	0.000331729621342258
tcuentas_lag1	0.000114529042785428	0.000940330023022344	0.000156356636811001
mcheques_emitidos_delta1	0.000114289257757759	0.000628461698738822	0.000291583998377272
Master_msaldodolares_delta1	0.000113769763667225	0.000223463309321276	0.000306374491048583
cinversion2_lag3	0.000113022827997295	0.000568611490427283	0.000314826201146474
cforex_delta3	0.000112479161043058	0.000156749621435976	0.000357084751635934
Master_msaldodolares_delta3	0.000112293285631978	0.000146883735718112	0.00031905205619542
Master_mpagosdolares_delta3	0.000108517129718645	0.000242736087391355	0.000325390838768839
mforex_buy_delta3	0.000106600316783644	0.000227997768310909	0.000321164983719893
cforex_buy_lag3	0.000105519360000946	0.000144914842756732	0.00030426156352411
mcaja_ahorro_adicional_lag3	0.000103018744802397	0.000164139103378906	0.000281019360754907
ctarjeta_master_descuentos	0.000102794784408414	0.000442364330777141	0.000257777157985704
mcheques_emitidos_rechazados	0.000102342807359946	0.000810794845081944	0.000213405679971771
ccajas_extracciones_delta1	0.000101460206776027	0.000137992043737231	0.000314826201146474
mcheques_depositados_lag3	0.000100823462841833	0.000510305418552073	0.000297922780950691
ctarjeta_master_descuentos_delta3	0.000100486480201476	9.06137488925126e-05	0.000247212520363339
ccajeros_propios_descuentos_lag3	0.000100171497923924	0.000195690457463025	0.000276793505705961
ctarjeta_master_debitos_automaticos_delta3	9.96269197235059e-05	0.000214061726425624	0.000230309100167555
Master_madelantopesos	9.94778068858706e-05	0.000130777590776175	0.00016269541938442
ccajas_extracciones_lag3	9.7880895765305e-05	0.000243374869941314	0.000281019360754907
Master_msaldodolares_lag1	9.77550381102177e-05	0.000166374384591989	0.000276793505705961
cseguro_vivienda_delta3	9.7144296102062e-05	0.000667053209140958	0.000323277911244366
tcuentas	9.66847803476853e-05	0.000670453275273169	0.00016269541938442
mforex_sell_lag3	9.66497582544471e-05	0.000212647763217447	0.000302148635999637
Master_cadelantosefectivo_lag1	9.66369004808283e-05	0.000109439251018324	0.000217631535020717
cprestamos_hipotecarios_lag1	9.44399035324517e-05	0.00105225025493333	0.000194389332251514
mprestamos_prendarios_lag3	9.41384585031719e-05	0.000617474419177881	0.000226083245118609
mcheques_emitidos_lag3	9.21724383193759e-05	0.000226389735311113	0.000253551302936758
ctarjeta_visa_descuentos_delta3	9.08626855079593e-05	0.000281330893318255	0.000276793505705961
mcheques_depositados_rechazados_lag1	9.07459429921746e-05	7.81346951220376e-05	6.12748982097165e-05
mcheques_emitidos_rechazados_delta1	9.02105435832921e-05	0.000398230846231339	0.000207066897398352
mcheques_emitidos_lag1	8.99237206127378e-05	0.000422236913285105	0.000276793505705961
ctarjeta_master_lag1	8.754449962798e-05	9.4701847361423e-05	0.000124662723943906
ctarjeta_master_debitos_automaticos_lag1	8.65937718720513e-05	0.000228576315991582	0.000272567650657015
Visa_Finiciomora_delta3	8.63777803371745e-05	0.000455348149090533	0.000228196172643082
ctarjeta_visa_descuentos_lag3	8.58118737111339e-05	0.000102490637054844	0.000281019360754907
ccheques_depositados_rechazados_delta1	8.38103701410328e-05	0.000234682191039196	0.000247212520363339
minversion2_delta1	8.23936727352728e-05	0.000744559191372036	0.000234534955216501
Master_cadelantosefectivo_lag3	8.1882307230675e-05	0.000114078251376838	0.000266228868083596
mcheques_emitidos	8.16994862942951e-05	0.000543826947190535	0.00024087373778992
Master_mconsumosdolares_lag3	8.15138756171058e-05	0.000139995539708626	0.00026200301303465
Master_mconsumosdolares_delta3	8.11220848039244e-05	0.000111204919952633	0.000207066897398352
minversion2_delta3	8.04988007408268e-05	0.000484266928142878	0.00021974446254519
Master_madelantodolares_lag1	7.99981897636617e-05	3.55405868101288e-05	0.000188050549678096
cforex_buy	7.99591281273514e-05	0.00023607308557403	0.00024087373778992
minversion2_lag3	7.96384539361523e-05	0.000459078500037913	0.000217631535020717
Master_cadelantosefectivo_delta3	7.9619690117283e-05	0.000115883283523597	0.000190163477202568
cforex_buy_lag1	7.94708284235953e-05	0.000238630962044501	0.00024087373778992
cseguro_vida_delta1	7.94643323858172e-05	0.000154412545124648	0.000217631535020717
ccajeros_propios_descuentos_delta3	7.93273944946622e-05	0.000147789455773901	0.000255664230461231
mcheques_emitidos_rechazados_delta3	7.80780010553067e-05	0.000258797925833697	0.00019861518730046
mprestamos_hipotecarios_lag1	7.7729167444611e-05	0.00114166608057437	0.000156356636811001
ctarjeta_master_debitos_automaticos	7.71944496028724e-05	0.000290488241212002	0.000232422027692028
cprestamos_prendarios_lag1	7.58183942043e-05	0.00039896611442298	0.000232422027692028
ctarjeta_master_debitos_automaticos_delta1	7.57550217123655e-05	0.000443067559144694	0.00026200301303465
ccajas_extracciones_lag1	7.4552558418847e-05	0.000138983264352157	0.000257777157985704
mforex_buy_lag3	7.29051231975051e-05	0.000105490480013019	0.000200728114824933
minversion2_lag1	7.1978906163863e-05	0.000593079663286751	0.000215518607496244
cprestamos_hipotecarios_lag3	7.16725948324756e-05	0.000523924540805951	0.000173260057006785
mforex_buy_delta1	7.1325336912677e-05	0.000233654536567164	0.00021974446254519
Master_madelantodolares_lag3	7.02601269814915e-05	5.02706670786671e-05	0.000188050549678096
ccajeros_propios_descuentos	7.02158712419473e-05	0.000105303184355636	0.00021974446254519
ctarjeta_master_descuentos_lag3	6.88449492193633e-05	7.44341869822365e-05	0.000179598839580204
ccheques_depositados_rechazados_lag3	6.8637947296815e-05	9.17395367686078e-05	0.000213405679971771
cprestamos_prendarios_delta3	6.85852856374963e-05	0.000345685351642429	0.000202841042349406
mcheques_emitidos_rechazados_lag1	6.81384679524077e-05	0.000345272495623468	0.000154243709286528
cpagodeservicios_delta1	6.7631365122447e-05	0.000125991573396275	0.000169034201957839
cforex_lag1	6.70265239845634e-05	0.000152417837219288	0.00018382469462915
cinversion1	6.67771241621856e-05	0.000798194955403481	0.000190163477202568
ccheques_emitidos_rechazados_lag3	6.66684386376376e-05	0.000249313588649543	0.000192276404727041
cseguro_accidentes_personales_lag3	6.55974611931212e-05	7.74014408621967e-05	0.000232422027692028
mcheques_depositados_rechazados	6.45432744157426e-05	0.000367602055996244	0.000164808346908893
cseguro_accidentes_personales_delta3	6.30473291245747e-05	0.000270507291487226	0.000173260057006785
cliente_edad_delta3	6.24961622542665e-05	8.13857303010623e-05	0.000223970317594136
cforex_delta1	6.24919993217115e-05	0.000143365579948549	0.000204953969873879
cseguro_accidentes_personales_lag1	6.19921430363837e-05	0.00011667347712796	0.000185937622153623
mprestamos_prendarios_delta1	6.13450600580167e-05	0.00025428616934799	0.000158469564335474
Master_status_lag3	6.06677829261797e-05	0.000107829387171438	0.000114098086321541
cforex_lag3	5.97962775632657e-05	8.35270890583903e-05	0.000188050549678096
cpagodeservicios	5.95040805577316e-05	0.000142117674571501	0.00012043686889496
mcheques_depositados_rechazados_delta1	5.87352542795358e-05	0.000151091754671466	0.000124662723943906
ccheques_depositados_rechazados_delta3	5.8411931444436e-05	7.94201328644452e-05	0.000135227361566271
cprestamos_prendarios_lag3	5.80102353177634e-05	0.000171302475706131	0.000181711767104677
Master_mconsumosdolares_delta1	5.78785521670881e-05	0.000140031973565732	0.000164808346908893
cprestamos_prendarios_delta1	5.74362860779258e-05	0.000103242749039719	0.000111985158797068
mprestamos_prendarios_delta3	5.40962896443447e-05	0.000230007122992995	0.000143679071664163
mprestamos_hipotecarios_lag3	5.37742697562848e-05	0.000703827786890244	0.000154243709286528
Visa_madelantodolares_delta3	5.36696143698484e-05	1.91801372072878e-05	7.18395358320814e-05
mprestamos_hipotecarios_delta3	5.28093217674467e-05	0.000275936485450102	0.000150017854237582
mforex_buy	5.18199695033759e-05	0.000377048860815038	0.000185937622153623
cinversion2_delta1	5.16944668518009e-05	0.000628588027188083	0.000166921274433366
Master_madelantopesos_lag3	5.09108094457557e-05	7.29129361345417e-05	0.00012043686889496
cinversion2_delta3	4.97896501915286e-05	0.000736967950079706	0.000175372984531258
cseguro_vivienda_delta1	4.97196103700339e-05	0.000200480502706524	0.00014156614413969
Master_madelantopesos_delta1	4.94420356932242e-05	3.63159505530567e-05	8.02912459299734e-05
Visa_madelantopesos_lag1	4.79577168008353e-05	0.000105465031238458	0.000133114434041798
cseguro_accidentes_personales_delta1	4.70953770220124e-05	0.00023277572996361	0.000107759303748122
Visa_madelantopesos_lag3	4.6900257839669e-05	6.06889193638066e-05	9.71946661257572e-05
ctarjeta_master_debitos_automaticos_lag3	4.5881313317106e-05	7.52188880453271e-05	0.000145791999188636
Master_madelantopesos_lag1	4.50540712762043e-05	5.2667062835735e-05	0.000105646376223649
minversion1_dolares	4.50487926858245e-05	0.000561337901105196	0.000171147129482312
ccheques_depositados_rechazados_lag1	4.50301678713727e-05	7.53873259776751e-05	0.000114098086321541
cseguro_accidentes_personales	4.50133237444588e-05	6.24633763641506e-05	0.000160582491859947
ctarjeta_master_lag3	4.39350305230995e-05	5.27478031924365e-05	9.29688110768113e-05
cpagodeservicios_delta3	4.36782637140934e-05	0.00014331193612879	0.000156356636811001
ctarjeta_debito_delta1	4.25217574904894e-05	0.000830025696753646	0.000107759303748122
mcheques_depositados_rechazados_lag3	4.17370299214288e-05	0.000101847094302449	0.000103533448699176
mforex_buy_lag1	3.96524807968342e-05	0.000106130910325359	0.00014156614413969
ccaja_seguridad_delta1	3.9619029849512e-05	0.000295414867648471	9.08558835523383e-05
Visa_status_lag3	3.88132124663293e-05	3.36094092988176e-05	6.33878257341895e-05
cpagodeservicios_lag3	3.84480884063996e-05	0.000133065417300762	0.000135227361566271
mprestamos_hipotecarios_delta1	3.76288473544694e-05	0.000323572929734614	0.00012043686889496
Master_madelantopesos_delta3	3.71730073871891e-05	4.75952502249706e-05	9.50817386012842e-05
mcheques_depositados_rechazados_delta3	3.38474179582347e-05	0.000106873318820654	9.50817386012842e-05
cinversion1_lag3	3.1405876014636e-05	9.70392898421692e-05	0.000109872231272595
mcheques_emitidos_rechazados_lag3	3.04885181163693e-05	0.000152262947555412	8.87429560278653e-05
cpagodeservicios_lag1	3.04525849344491e-05	6.43022791820885e-05	0.000103533448699176
cinversion1_lag1	3.0110810399172e-05	0.000169125049261115	0.000101420521174703
cprestamos_hipotecarios_delta3	2.99443783941135e-05	5.73888174827501e-05	5.49361156362976e-05
minversion1_dolares_lag1	2.97795328574068e-05	0.000379516659608644	0.000107759303748122
cinversion1_delta3	2.93534183030607e-05	0.000145527444193293	6.12748982097165e-05
minversion1_dolares_delta1	2.91923845428806e-05	8.95264088053229e-05	8.02912459299734e-05
minversion1_dolares_lag3	2.88623219960239e-05	0.000112045095682573	8.02912459299734e-05
minversion1_dolares_delta3	2.6873777786616e-05	8.31678768591874e-05	8.66300285033923e-05
cliente_edad_delta1	2.61313039829889e-05	2.43431260031709e-05	9.71946661257572e-05
cprestamos_hipotecarios_delta1	2.54335799943355e-05	7.66429209125037e-06	3.80326954405137e-05
cseguro_auto_lag3	2.37751199316937e-05	4.88512113292174e-05	7.39524633565544e-05
tcuentas_delta3	2.37434984292052e-05	6.72821659069748e-05	6.12748982097165e-05
Master_Finiciomora_delta3	2.24324169083566e-05	0.000135118529228316	5.91619706852435e-05
cseguro_auto_lag1	2.17187541889952e-05	5.6565668630754e-05	8.02912459299734e-05
mplazo_fijo_pesos_delta3	2.09024694671764e-05	8.8094137126238e-05	6.55007532586625e-05
mplazo_fijo_pesos_delta1	2.08197858461662e-05	6.81785486426005e-05	6.76136807831355e-05
cseguro_auto_delta3	1.93460439794537e-05	9.3752370060166e-05	6.55007532586625e-05
mplazo_fijo_pesos_lag1	1.79326397273936e-05	6.98091010616124e-05	6.76136807831355e-05
cliente_vip_lag3	1.7145315354215e-05	0.000223319221655235	5.49361156362976e-05
cseguro_auto	1.59431872417918e-05	7.2626225480132e-05	6.33878257341895e-05
tcuentas_delta1	1.55672070448553e-05	0.000128842568485973	5.70490431607705e-05
mplazo_fijo_pesos_lag3	1.45750992623316e-05	3.92288282744219e-05	5.49361156362976e-05
mplazo_fijo_pesos	1.32148237451329e-05	0.000104409181721229	4.85973330628786e-05
cinversion1_delta1	1.15566011014962e-05	3.45189741334966e-05	4.01456229649867e-05
cliente_vip	1.12626713107234e-05	5.27132001824216e-05	4.22585504894597e-05
ccuenta_corriente	9.91623775801926e-06	3.10775308570351e-05	3.16939128670947e-05
ccuenta_corriente_lag3	8.81076699054874e-06	7.40852275267417e-06	1.90163477202568e-05
cliente_antiguedad_delta3	8.54047625321533e-06	0.000238616315267775	3.16939128670947e-05
ccuenta_corriente_lag1	5.92314396377468e-06	6.91547563113824e-06	1.69034201957839e-05
cpayroll2_trx_lag3	5.65173615112243e-06	5.52659502810386e-06	1.90163477202568e-05
cpayroll2_trx_lag1	4.78508615536175e-06	0.000171107307406258	1.90163477202568e-05
cliente_vip_lag1	3.91649426023869e-06	4.33420093484755e-05	1.90163477202568e-05
mpayroll2_lag1	3.3220163089277e-06	0.000174452997379874	1.90163477202568e-05
mpayroll2_delta1	2.59078791317617e-06	9.16174192676555e-06	1.05646376223649e-05
cpayroll2_trx_delta1	1.98636540853832e-06	4.77387886368845e-05	1.05646376223649e-05
cseguro_auto_delta1	1.8119373869875e-06	2.15170304339066e-05	8.45171009789193e-06
mcuenta_corriente_adicional_delta3	1.45055011139861e-06	6.71920882301105e-07	2.11292752447298e-06
mpayroll2_lag3	1.17885756243956e-06	5.37089979150744e-05	6.33878257341895e-06
mpayroll2_delta3	1.00467919984253e-06	3.21862918551864e-06	4.22585504894597e-06
cpayroll2_trx_delta3	8.91827322753858e-07	1.76310574838137e-07	2.11292752447298e-06
mpayroll2	8.03890221258595e-07	5.07378992562236e-05	4.22585504894597e-06
ccuenta_corriente_delta3	5.88556448625332e-07	2.90518816358418e-06	2.11292752447298e-06
mcuenta_corriente_adicional_lag3	3.98543169885297e-07	2.29771309887708e-07	2.11292752447298e-06
mcuenta_corriente_adicional_delta1	2.99797091185584e-07	4.2379166863456e-05	2.11292752447298e-06
