Feature	Gain	Cover	Frequency
ctrx_quarter_lag1	0.175236911613606	0.00561592101822612	0.00772357723577236
mcaja_ahorro	0.0615909466339068	0.00538006728703339	0.00592334494773519
Visa_status	0.060033070123896	0.000891189122977911	0.000464576074332172
mcuenta_corriente	0.0365773935930495	0.00453315178131324	0.00662020905923345
cpayroll_trx	0.0344175150456516	0.00391491785878498	0.00145180023228804
mpasivos_margen	0.0303191328883075	0.00492789912906775	0.0083623693379791
mtarjeta_visa_consumo	0.0242019465360704	0.00347283607927309	0.00400696864111498
mprestamos_personales	0.0206962572262077	0.005019458316734	0.00418118466898955
ctrx_quarter	0.0203671564275517	0.00770904348286962	0.00963995354239257
foto_mes	0.0194302755684803	0.0145277075451147	0.00818815331010453
cdescubierto_preacordado	0.0153715999019861	0.00105481880028769	0.000871080139372822
ctarjeta_visa_transacciones	0.0106447613109498	0.00628234968126224	0.00365853658536585
mcuentas_saldo	0.0088470669405758	0.00707858026272824	0.00882694541231127
Visa_Finiciomora_delta1	0.00823665367459958	0.00114275526794183	0.000232288037166086
cdescubierto_preacordado_delta3	0.00730780054325255	0.0042384428103092	0.000929152148664344
ccomisiones_mantenimiento_delta3	0.00672732324356904	0.00212019339698829	0.000987224157955865
Visa_mpagominimo	0.00623364027673535	0.00493282016492234	0.00470383275261324
ctrx_quarter_delta1	0.00579416160497116	0.00340575293731482	0.00499419279907085
Visa_mpagospesos	0.00534733047825488	0.00160426292374215	0.00360046457607433
cproductos	0.00515243403330544	0.00378540038320769	0.00307781649245064
mpayroll	0.00487046632968908	0.00693739714009848	0.0021486643437863
cproductos_delta3	0.00485034496960493	0.00377061459001763	0.00145180023228804
mactivos_margen	0.00481136435012377	0.0063176048895496	0.00737514518002323
mprestamos_personales_delta1	0.00435140954767151	0.00791560832548664	0.00319396051103368
ccaja_ahorro	0.0042522960079256	0.00194030161573208	0.00116144018583043
cliente_edad	0.00422836639693355	0.00733195078750552	0.00894308943089431
mrentabilidad_annual_lag3	0.00374522177858217	0.00520879080861906	0.00743321718931475
mcuentas_saldo_delta3	0.00371447312687953	0.00551746889026708	0.00574912891986063
mprestamos_personales_delta3	0.00353596501788099	0.00728304406734209	0.00354239256678281
Visa_fechaalta	0.00352199889761826	0.00289469812867072	0.00592334494773519
numero_de_cliente	0.00347984875361901	0.00497824900407221	0.00900116144018583
mrentabilidad_annual	0.00341826596694467	0.00523675869572601	0.00876887340301975
cliente_antiguedad	0.00331393908079117	0.00443618817944781	0.00725900116144019
Master_fechaalta	0.00327421862525944	0.00403460198789397	0.00522648083623693
mcuentas_saldo_delta1	0.00308854696939829	0.00499427727156315	0.00644599303135889
Visa_Fvencimiento	0.00304644163656445	0.00445584440209538	0.00778164924506388
Visa_Finiciomora	0.00297133762552191	0.00559980200823006	0.00145180023228804
mtarjeta_master_consumo	0.00296789060014149	0.00107683083797203	0.000871080139372822
ctrx_quarter_delta3	0.00294513396601869	0.00552917816352393	0.00673635307781649
Visa_Fvencimiento_lag3	0.00286307618985308	0.00417077682226036	0.0070267131242741
mcaja_ahorro_lag1	0.0028543310432461	0.00483426333407278	0.00650406504065041
ccaja_seguridad	0.00275333717232688	0.00498617326783665	0.000929152148664344
mrentabilidad_annual_delta1	0.00274865633979491	0.00547077489119005	0.00696864111498258
cliente_edad_lag3	0.00271807627417254	0.00389654948169085	0.00667828106852497
mcuentas_saldo_lag3	0.00269715687934221	0.00476218062909203	0.00667828106852497
mcuenta_corriente_delta3	0.002670968697847	0.00243684634879784	0.00418118466898955
mpayroll_lag3	0.00266898816533632	0.000760893355914396	0.00116144018583043
mactivos_margen_delta1	0.00266138785348926	0.00352798483675987	0.00720092915214867
chomebanking_transacciones	0.00256556865935136	0.00428663929586524	0.00638792102206736
mpasivos_margen_lag1	0.00255159244759499	0.00424206204022496	0.00644599303135889
cliente_edad_lag1	0.00250160175554865	0.00365563336574132	0.00563298490127759
Master_fechaalta_lag3	0.00248276482555313	0.0040330541301624	0.00609756097560976
Visa_Fvencimiento_lag1	0.00248250636928982	0.00199245412550172	0.00656213704994193
Visa_msaldototal	0.00246989403139502	0.00262382651574248	0.00348432055749129
Visa_mpagominimo_lag3	0.00244151526556322	0.0016938868529819	0.0040650406504065
mrentabilidad_annual_delta3	0.00243724608068636	0.00311297398959276	0.00569105691056911
mcuentas_saldo_lag1	0.00240548524664795	0.00370604431743193	0.00696864111498258
mrentabilidad_lag1	0.00239354204092238	0.0042978023690432	0.00632984901277584
chomebanking_transacciones_lag3	0.00234874569913165	0.00307354811616622	0.00516840882694541
mcuenta_corriente_lag3	0.00234638148952119	0.00555498393594157	0.00499419279907085
mrentabilidad_annual_lag1	0.00229879978314418	0.00175199346712597	0.00598141695702671
Master_Fvencimiento_lag3	0.0022724395215312	0.00419525112292018	0.00627177700348432
mactivos_margen_lag1	0.00224649241996333	0.00518071298347707	0.00516840882694541
mcomisiones_otras_lag3	0.002235296363918	0.000982441182165296	0.00348432055749129
Master_Fvencimiento	0.00220511846718336	0.00395472764281011	0.00609756097560976
cproductos_delta1	0.00219623091087291	0.00252503759348559	0.000987224157955865
Visa_mpagospesos_lag1	0.00219223501220053	0.00144808285709311	0.00499419279907085
Master_Fvencimiento_lag1	0.00216454303291777	0.00422524326591057	0.00580720092915215
mrentabilidad	0.00215665537282225	0.00451935194034228	0.00580720092915215
mpasivos_margen_delta1	0.00211838085317124	0.00491032649394159	0.00534262485481998
Visa_mconsumospesos	0.00211105964164075	0.00236076050330275	0.00528455284552846
mcuenta_corriente_lag1	0.00210864318951125	0.00425787217669397	0.00551684088269454
mcaja_ahorro_lag3	0.00210767136893726	0.00263240342752451	0.00545876887340302
mcomisiones_mantenimiento	0.00208297645443603	0.00345190248136113	0.00354239256678281
mttarjeta_visa_debitos_automaticos_delta3	0.00207896809434412	0.00278318606016708	0.00319396051103368
Visa_mpagominimo_lag1	0.00205858934757609	0.0018376125108032	0.0037746806039489
mactivos_margen_delta3	0.00204433302677507	0.00178026324756725	0.00481997677119628
mcomisiones_otras	0.00202232898291095	0.00212594856587072	0.00418118466898955
chomebanking_transacciones_lag1	0.00201213241303609	0.00208454729790964	0.00557491289198606
ctrx_quarter_lag3	0.00198257259840397	0.00398465347396984	0.00569105691056911
mcuenta_debitos_automaticos	0.00197266001942157	0.00281287281972678	0.00191637630662021
mpasivos_margen_lag3	0.00196102422439927	0.00389577817039733	0.00609756097560976
cprestamos_personales	0.00195841983592948	0.00196774249829005	0.00121951219512195
mrentabilidad_delta1	0.00191770351652069	0.00315492669277726	0.00534262485481998
Visa_mpagospesos_lag3	0.00191742445856603	0.00217529154807799	0.00522648083623693
mcomisiones_lag1	0.00191159498385221	0.00304820303646689	0.00487804878048781
mpagomiscuentas	0.00190167868685255	0.00419708516855251	0.00150987224157956
cliente_antiguedad_lag1	0.00186849508140263	0.00567114481278444	0.00476190476190476
mttarjeta_visa_debitos_automaticos_lag3	0.00186528137108374	0.0015610590210159	0.0040650406504065
chomebanking_transacciones_delta1	0.00184876281114551	0.00232096467966302	0.00447154471544715
cliente_antiguedad_lag3	0.00184238314055912	0.0024231721512955	0.00435540069686411
mcuenta_corriente_delta1	0.00180700127063059	0.00373280637624968	0.00476190476190476
mcomisiones_lag3	0.00179631333619875	0.00247220102483119	0.00499419279907085
Visa_mfinanciacion_limite_lag3	0.00179068746025961	0.00203383096278835	0.00336817653890825
Visa_fechaalta_lag1	0.00176481755845428	0.00217256229273168	0.0040650406504065
mactivos_margen_lag3	0.00175637602121378	0.00514684159839279	0.00505226480836237
Visa_fechaalta_lag3	0.00175179160272501	0.00249063745880417	0.00429732868757259
mpasivos_margen_delta3	0.00175172607284642	0.00379355499333128	0.00481997677119628
mpayroll_delta1	0.00175054870040358	0.0056600375811481	0.00185830429732869
cmobile_app_trx_lag3	0.00174296712913286	0.00180451941720514	0.0037746806039489
Visa_fultimo_cierre_lag1	0.00172797424257306	0.00119897897510466	0.00435540069686411
mcaja_ahorro_delta3	0.00172308135246119	0.00250387888435901	0.00429732868757259
Visa_msaldopesos	0.00172192656803808	0.00303189381621971	0.00284552845528455
Master_delinquency	0.00167016153358691	0.00027208965655466	5.80720092915215e-05
mcaja_ahorro_dolares_delta1	0.00166469981445217	0.00434157166737828	0.00267131242740999
ccomisiones_otras	0.00164659502608852	0.00256119150158328	0.00464576074332172
ccomisiones_otras_lag1	0.00163670798875656	0.00260304473702178	0.00452961672473868
cprestamos_personales_delta3	0.00161786340951278	0.00266683671812126	0.000696864111498258
mrentabilidad_lag3	0.00160052843467922	0.00126790314288795	0.00354239256678281
mcomisiones	0.00158506294871335	0.00190746155411945	0.00429732868757259
mcaja_ahorro_dolares_lag3	0.00158121335235824	0.00365535241298508	0.00371660859465738
Visa_mpagospesos_delta1	0.0015659965232485	0.00265184151915015	0.00418118466898955
cmobile_app_trx	0.00156251602681913	0.0019965323030876	0.00348432055749129
cmobile_app_trx_lag1	0.00154417402258861	0.00249163911645684	0.00342624854819977
mttarjeta_visa_debitos_automaticos	0.00153532838911103	0.00115838042930426	0.00331010452961673
chomebanking_transacciones_delta3	0.00153378132601631	0.00126425250210504	0.00365853658536585
Master_fultimo_cierre	0.0015328719943919	0.00219096208069298	0.00452961672473868
Master_mfinanciacion_limite	0.0015316893716481	0.00271800851081634	0.00336817653890825
Visa_mfinanciacion_limite	0.00151112340096863	0.00250678264452286	0.00360046457607433
mcomisiones_mantenimiento_delta3	0.00150678237194983	0.00248752429285928	0.00267131242740999
Master_fechaalta_lag1	0.00150152745283867	0.00166346717318854	0.00365853658536585
Visa_mpagospesos_delta3	0.00149693925384299	0.0016467443765238	0.0037746806039489
Visa_mconsumospesos_lag1	0.00149680660820611	0.00226543550167401	0.00365853658536585
Visa_fultimo_cierre	0.00148718024563712	0.00332220875591813	0.00435540069686411
mcomisiones_delta1	0.00147542600229916	0.00071104605478444	0.00400696864111498
mrentabilidad_delta3	0.00147226559378083	0.00160802524760829	0.00389082462253194
mcaja_ahorro_dolares	0.00147136338972141	0.00162995526802839	0.00290360046457607
Visa_mfinanciacion_limite_lag1	0.00146338512571605	0.00232314598988226	0.00354239256678281
Visa_mpagominimo_delta3	0.00140501868984094	0.00340055618384852	0.00331010452961673
Visa_mconsumospesos_lag3	0.00138404401952004	0.00205700694760567	0.00389082462253194
ctarjeta_visa_transacciones_delta3	0.00138360973329178	0.0016952549707514	0.00197444831591173
ccallcenter_transacciones_delta1	0.00138137164886241	0.00327207875698376	0.00145180023228804
mtransferencias_recibidas	0.00136898442350171	0.00250071511201703	0.00267131242740999
mcaja_ahorro_dolares_delta3	0.00136299086243063	0.00151529513261635	0.00238095238095238
Visa_mconsumospesos_delta1	0.00135941014851488	0.00223811328239196	0.00313588850174216
Visa_mpagominimo_delta1	0.00135181570601421	0.00444600756553072	0.00284552845528455
internet_lag1	0.00134725035225221	0.000955665162962144	0.000871080139372822
mautoservicio	0.00134161959135424	0.00236659768944942	0.0024390243902439
Master_mlimitecompra_lag3	0.00133738860988872	0.0027618284155485	0.00255516840882695
Visa_mconsumospesos_delta3	0.00132524149270617	0.00162485100211538	0.00319396051103368
mpayroll_delta3	0.00131929403308309	0.00352921160562717	0.00180023228803717
mcomisiones_mantenimiento_lag1	0.00131836830974431	0.00431559837033581	0.0032520325203252
ctarjeta_master	0.00131412569162905	0.000152792928140616	5.80720092915215e-05
Visa_cconsumos	0.00130808199817638	0.00238973353815871	0.00313588850174216
ccomisiones_otras_lag3	0.00130420079118521	0.00141303007439409	0.00383275261324042
mcomisiones_mantenimiento_lag3	0.00129542144541952	0.00178755929398855	0.00313588850174216
Visa_cconsumos_delta1	0.00129532243513023	0.00324751196877065	0.00278745644599303
cdescubierto_preacordado_delta1	0.00128115175838625	0.00191090802426584	0.00040650406504065
mcaja_ahorro_delta1	0.00126823110216694	0.00265350105996495	0.00331010452961673
Visa_cconsumos_lag3	0.00126769642994088	0.00123768588868294	0.0029616724738676
mttarjeta_visa_debitos_automaticos_lag1	0.00126656275367956	0.00168718412294024	0.00313588850174216
Visa_cconsumos_lag1	0.00125832386218804	0.000924798750835882	0.00272938443670151
mttarjeta_visa_debitos_automaticos_delta1	0.00121277224261551	0.00430561320467624	0.00313588850174216
Master_fultimo_cierre_lag3	0.00120724820936179	0.00120903917783577	0.00360046457607433
mcomisiones_otras_lag1	0.00119846751807921	0.00274988356078797	0.00307781649245064
Master_fultimo_cierre_lag1	0.0011944115645111	0.00206682633368858	0.00336817653890825
ccomisiones_mantenimiento_delta1	0.00118889214940646	0.00123369845360218	0.000522648083623693
mtarjeta_visa_consumo_delta1	0.0011807774505977	0.00310284223988646	0.00284552845528455
Visa_msaldopesos_lag3	0.00116720100924983	0.00139248562222525	0.00232288037166086
mprestamos_personales_lag3	0.00116514789863636	0.00277096374274666	0.00174216027874564
Master_msaldopesos	0.00116403018883212	0.00152197866712809	0.00191637630662021
mpayroll_lag1	0.00116096182546437	0.00132704108050368	0.00203252032520325
mcomisiones_delta3	0.00115675171179783	0.00160272902639599	0.00313588850174216
Master_mfinanciacion_limite_lag3	0.00113642158619162	0.000693756117462697	0.00261324041811847
Master_mlimitecompra	0.00112653191329425	0.00242448268247521	0.00284552845528455
internet	0.00111353676145262	0.00261539793305535	0.00185830429732869
thomebanking	0.00110534071820251	0.00389213799990347	0.00139372822299652
mtransferencias_recibidas_lag1	0.00109833708352885	0.00241581153809171	0.00278745644599303
ctarjeta_visa_transacciones_delta1	0.00108287284899431	0.00381672225290773	0.00232288037166086
Visa_msaldopesos_delta3	0.00107739737651915	0.00218262424051097	0.00278745644599303
ctarjeta_master_transacciones	0.00107532258106036	0.00131306673471517	0.000638792102206736
Visa_mlimitecompra	0.00107433640190909	0.00282501311988295	0.00272938443670151
Visa_cconsumos_delta3	0.00107306387083314	0.00112731857178235	0.00226480836236934
Visa_msaldopesos_lag1	0.00106661623280366	0.00129330755422525	0.00249709639953542
mtransferencias_emitidas	0.00106166226689771	0.0024760575812988	0.00267131242740999
mprestamos_personales_lag1	0.00105995180670425	0.00308830598858548	0.0016260162601626
mcomisiones_otras_delta1	0.00105980606117679	0.00195325685338616	0.00267131242740999
mcuenta_debitos_automaticos_lag3	0.00105333802109517	0.00311888097766645	0.00203252032520325
Visa_delinquency	0.001048426047299	0.000269805388493078	0.000174216027874564
Visa_mconsumosdolares	0.00104687052305863	0.00110429789625264	0.00238095238095238
ctransferencias_recibidas_lag3	0.00103903618278504	0.00133849557672692	0.00185830429732869
cmobile_app_trx_delta3	0.00103309104791743	0.00164006433210841	0.00272938443670151
Master_Finiciomora	0.00102597623502567	0.00077842934502887	0.000464576074332172
mcomisiones_mantenimiento_delta1	0.00102099655825572	0.00370120529884158	0.00168408826945412
mautoservicio_delta3	0.00101761775987279	0.00144026853136372	0.00203252032520325
Visa_msaldototal_delta1	0.00101065172033105	0.00161528813811425	0.00238095238095238
ctarjeta_debito_transacciones	0.0010004768636208	0.000982873954112793	0.0021486643437863
Master_mfinanciacion_limite_lag1	0.00099967502285695	0.0015709708946521	0.00249709639953542
mautoservicio_lag1	0.000976525372591033	0.00136576893466006	0.00209059233449477
mtransferencias_recibidas_delta3	0.000956738855699173	0.00138402562867097	0.00255516840882695
mtransferencias_recibidas_delta1	0.000950108575396528	0.00133873464832695	0.00226480836236934
mautoservicio_lag3	0.000949920911717082	0.00133184519813052	0.0021486643437863
mtarjeta_visa_consumo_lag1	0.000949031374567517	0.00178839866216091	0.00261324041811847
ccaja_ahorro_delta3	0.000946236412553714	0.0027987047735908	0.000522648083623693
ctarjeta_visa_transacciones_lag1	0.000925268329859129	0.000722784993860275	0.00180023228803717
Visa_mlimitecompra_lag1	0.000923289239057267	0.00111744683425418	0.00232288037166086
Visa_mconsumosdolares_delta1	0.000922609591307318	0.00196947009598369	0.0021486643437863
Visa_msaldototal_lag1	0.000920735481950115	0.00116033488326069	0.00168408826945412
Visa_mconsumosdolares_lag3	0.000906422904313541	0.00162571829105855	0.0021486643437863
Visa_mconsumosdolares_lag1	0.000899332560216193	0.00125532134554341	0.0021486643437863
ctarjeta_visa_debitos_automaticos_lag3	0.000898581691582521	0.000607311665998505	0.00209059233449477
ctarjeta_debito_transacciones_delta1	0.000892442219515133	0.00136131382666829	0.00220673635307782
Visa_msaldototal_delta3	0.000884675568874832	0.0016856764013167	0.00232288037166086
mplazo_fijo_dolares	0.000871042828797598	0.00314863753915317	0.000696864111498258
ctarjeta_visa_transacciones_lag3	0.000861071460861507	0.000776326561977527	0.00232288037166086
Master_mpagominimo	0.000844393273799473	0.00121437553515611	0.000987224157955865
cproductos_lag3	0.000842345019357478	0.00202170113292122	0.0021486643437863
mcuenta_debitos_automaticos_lag1	0.00084119548102254	0.00154290179475099	0.00191637630662021
mtransferencias_recibidas_lag3	0.000827896992007183	0.00185295148426486	0.0021486643437863
Visa_msaldototal_lag3	0.000827532950700668	0.001072989986938	0.00220673635307782
mcuenta_debitos_automaticos_delta3	0.000818073281266999	0.0018201567939048	0.00156794425087108
Master_mlimitecompra_lag1	0.000806646746066926	0.00139952514656476	0.00185830429732869
ctarjeta_debito_lag3	0.000793117171021666	0.00132067339971169	0.00174216027874564
mcaja_ahorro_dolares_lag1	0.000792178679900228	0.00143667198707425	0.00226480836236934
Master_mpagospesos	0.00077523909090164	0.00110241673431957	0.00191637630662021
ctarjeta_debito_transacciones_delta3	0.000774312759283441	0.00129909238892666	0.00197444831591173
mautoservicio_delta1	0.000761121656745182	0.00138765183877942	0.00209059233449477
Visa_fultimo_cierre_lag3	0.000758378839888275	0.00214520342743795	0.00267131242740999
mextraccion_autoservicio_lag1	0.00075184173142229	0.00109798780205043	0.00185830429732869
ccomisiones_otras_delta3	0.000745345367847527	0.00166555599585448	0.0021486643437863
mextraccion_autoservicio	0.000744483452294237	0.0030538535024588	0.00191637630662021
mtransferencias_emitidas_lag3	0.000721742947756929	0.00184175002002705	0.0016260162601626
ctarjeta_visa_debitos_automaticos_delta3	0.000721028709995386	0.00141827568920931	0.000987224157955865
mtarjeta_visa_consumo_delta3	0.000714120047890149	0.000874953194754102	0.00197444831591173
cproductos_lag1	0.000712126728171188	0.000800649043446084	0.00180023228803717
ctarjeta_debito	0.00070381695164857	0.00289167221513459	0.00197444831591173
Visa_msaldopesos_delta1	0.000702183095342537	0.00122848250460594	0.00168408826945412
mtransferencias_emitidas_lag1	0.000694803525966742	0.00158850862881475	0.00209059233449477
ccomisiones_otras_delta1	0.000687115576478922	0.00115490429333889	0.0021486643437863
cextraccion_autoservicio	0.000679374912874118	0.00100365922292984	0.00150987224157956
Visa_Finiciomora_lag1	0.000677361218018044	0.00121507006432991	0.000638792102206736
ctarjeta_debito_transacciones_lag1	0.000676770171700565	0.000930827892281848	0.00185830429732869
Master_msaldototal	0.00067559641804048	0.00279143490289214	0.00145180023228804
internet_lag3	0.00067521916871522	0.000487339603940585	0.00110336817653891
Master_mconsumospesos_lag3	0.000670969423971135	0.000420359419824671	0.00180023228803717
mpagomiscuentas_delta3	0.000637512440571635	0.0019502972516807	0.00139372822299652
mtransferencias_emitidas_delta1	0.000634421435120083	0.00228722242814372	0.0016260162601626
cplazo_fijo	0.000632217853872119	0.00316940361244028	0.000580720092915215
ctransferencias_emitidas_lag1	0.000621502486015084	0.00108673747646371	0.000871080139372822
mextraccion_autoservicio_delta3	0.000614220391368259	0.00117108263497291	0.00156794425087108
mtarjeta_visa_consumo_lag3	0.000602116546046107	0.00124119518056364	0.00203252032520325
mprestamos_prendarios	0.000595716608216723	0.00331459162063256	0.000522648083623693
ctarjeta_visa_debitos_automaticos	0.000591299706228785	0.000293658452002455	0.00156794425087108
cmobile_app_trx_delta1	0.00057278381763809	0.00201390774776994	0.00185830429732869
Visa_mlimitecompra_lag3	0.000570090874778603	0.000811206584907181	0.00150987224157956
ctarjeta_visa_debitos_automaticos_lag1	0.000562619711488364	0.00145083654311387	0.00156794425087108
mcomisiones_otras_delta3	0.00055278185866127	0.00108570440794388	0.00185830429732869
cpagomiscuentas_delta3	0.000552001252442779	0.0011763579156071	0.000638792102206736
Master_msaldopesos_lag1	0.000550106378967935	0.00203996306207666	0.00139372822299652
ctarjeta_debito_delta3	0.000548219561275157	0.00163648349325252	0.000638792102206736
Master_mpagospesos_lag3	0.000547032662554066	0.00149905047915166	0.00139372822299652
ctransferencias_recibidas_delta1	0.000545645920990623	0.00188378823057214	0.00133565621370499
Visa_mpagado_lag1	0.000544181904536636	0.00156526458711858	0.00104529616724739
mprestamos_hipotecarios	0.000543629172333142	0.00321387791023822	0.000464576074332172
mtransferencias_emitidas_delta3	0.000539562831440222	0.0010012440762551	0.00145180023228804
ctransferencias_recibidas_delta3	0.0005361766314272	0.00101055739836715	0.00145180023228804
ctransferencias_recibidas_lag1	0.000533711149261642	0.00108935330367861	0.00145180023228804
matm_lag3	0.000525241302336573	0.000634126076261516	0.00121951219512195
ccajas_consultas_delta3	0.00051746224644721	0.00375849174034321	0.000929152148664344
mplazo_fijo_dolares_delta3	0.000515700443164404	0.00167052763810616	0.000522648083623693
Master_Fvencimiento_delta3	0.000514187345184761	0.00110115331944059	0.00116144018583043
mpagomiscuentas_lag3	0.000512666500360655	0.000889540052452169	0.00150987224157956
ccaja_ahorro_delta1	0.000508538312265813	0.00205246458720514	0.000290360046457607
ccajas_consultas	0.000506409324002328	0.00109931403866373	0.000464576074332172
Master_msaldototal_lag1	0.000504306081475349	0.00117310514580818	0.00116144018583043
Visa_mpagado	0.000501141491533359	0.00295115218219269	0.00116144018583043
mextraccion_autoservicio_lag3	0.000498435878955498	0.00141720248458144	0.00145180023228804
ctransferencias_recibidas	0.000493328036143925	0.00125570351109382	0.00145180023228804
cextraccion_autoservicio_lag1	0.000492552338756726	0.000571201384105203	0.00110336817653891
tcallcenter	0.000491674208894145	0.000184242186357457	0.000232288037166086
cextraccion_autoservicio_lag3	0.000488194727043952	0.00079471762469794	0.000987224157955865
mttarjeta_master_debitos_automaticos_lag1	0.000483947145331181	0.00126085314825939	0.000638792102206736
internet_delta3	0.000482947156903061	0.000881120195005923	0.00127758420441347
Master_mpagospesos_delta3	0.00047982585824709	0.000975850135206856	0.00104529616724739
ccallcenter_transacciones	0.000473945050741852	0.00203363377234453	0.000754936120789779
cprestamos_personales_lag3	0.000471273549790386	0.00142640935875479	0.000580720092915215
ccuenta_debitos_automaticos_delta3	0.00046975908382567	0.00254483167493902	0.000871080139372822
mpagomiscuentas_delta1	0.00046951285259782	0.00115865091177144	0.00121951219512195
Master_msaldopesos_lag3	0.000466925032311306	0.00117628462358374	0.00110336817653891
Master_fultimo_cierre_delta1	0.000462551261991626	0.000656160799572139	0.00145180023228804
mextraccion_autoservicio_delta1	0.000461461350720647	0.00239036699064638	0.00110336817653891
matm_delta3	0.00046141371160594	0.00133467915636735	0.00110336817653891
Visa_mconsumototal_lag3	0.000459952010779722	0.000282563435703339	0.000638792102206736
Visa_mconsumosdolares_delta3	0.000459772574670374	0.00186071520359716	0.00133565621370499
ctarjeta_debito_transacciones_lag3	0.0004524743174379	0.000850304389276747	0.00145180023228804
Master_mpagospesos_lag1	0.000448623057734649	0.000523640096085005	0.00139372822299652
Master_mpagospesos_delta1	0.00044799576695109	0.00262778428500426	0.00150987224157956
mcheques_emitidos_rechazados	0.000439045212178064	0.00163278224607252	0.000290360046457607
Visa_msaldodolares_delta1	0.000427382851330347	0.00339201591807817	0.00104529616724739
Master_mconsumospesos_lag1	0.00042641375572645	0.000982699449295254	0.000871080139372822
ccomisiones_mantenimiento_lag1	0.000424354111316701	0.00146103460465084	0.000754936120789779
ccallcenter_transacciones_delta3	0.000424290794086679	0.00121775918356818	0.000813008130081301
cliente_edad_delta3	0.000420654842361383	0.00049059935393221	0.00121951219512195
Visa_mfinanciacion_limite_delta3	0.000420276838947517	0.00115370893533874	0.000929152148664344
Visa_mconsumototal_delta1	0.00041629351309944	0.000261256397481852	0.000813008130081301
ctransferencias_emitidas_delta3	0.000415251929967643	0.00295610986405897	0.00104529616724739
Master_mpagominimo_delta1	0.000406916606645613	0.000919863754595885	0.00104529616724739
Visa_mlimitecompra_delta1	0.000406292315365337	0.001042175926257	0.000638792102206736
ctarjeta_debito_lag1	0.000404561977845583	0.00113288876555819	0.00116144018583043
Master_mpagominimo_delta3	0.000401170827107457	0.00168502200825093	0.000987224157955865
thomebanking_lag1	0.00039889967067354	0.00105361122695032	0.000754936120789779
matm	0.000396090128911222	0.000742914124563375	0.000987224157955865
mttarjeta_master_debitos_automaticos_delta3	0.000394638383833335	0.00149002683503673	0.000580720092915215
matm_lag1	0.000392801841522819	0.000161252921694897	0.000929152148664344
ctransferencias_emitidas_lag3	0.000388418835607086	0.000762563367018243	0.000813008130081301
tmobile_app_lag3	0.000384805254709015	0.000217520255062105	0.000813008130081301
Visa_Fvencimiento_delta3	0.000381119474624809	0.000147109306233377	0.000696864111498258
ctransferencias_emitidas	0.000380625409204222	0.00303660719134144	0.000987224157955865
mcuenta_debitos_automaticos_delta1	0.000377419652156284	0.00219321842798375	0.00116144018583043
Master_mpagominimo_lag1	0.000375780377271913	0.000983477740781477	0.000929152148664344
mpagomiscuentas_lag1	0.000372513848218531	0.000609273100147641	0.000987224157955865
Visa_fechaalta_delta3	0.000369193340042296	0.000529257406161579	0.000464576074332172
tmobile_app_delta1	0.000365271066349899	0.000944791767781302	0.000522648083623693
ccomisiones_mantenimiento_lag3	0.000364143518521273	0.00136150578196759	0.000696864111498258
Visa_msaldodolares	0.000363991353410828	0.000971812093729008	0.000638792102206736
cextraccion_autoservicio_delta1	0.000360651164739002	0.000409454613776672	0.000871080139372822
Master_mconsumospesos	0.000355711526048479	0.00128445841492786	0.00104529616724739
ctarjeta_master_descuentos_delta1	0.000352134061126532	8.32754439776871e-05	0.000174216027874564
ctarjeta_master_transacciones_lag1	0.000351429012152314	0.000542429029789407	0.000580720092915215
Master_mconsumospesos_delta1	0.00035140389926981	0.00031574552675834	0.000638792102206736
cextraccion_autoservicio_delta3	0.00035003592519772	0.00108264359344425	0.000871080139372822
cpagomiscuentas_lag1	0.00034924837045762	0.000184914029904981	0.000754936120789779
Master_msaldototal_delta1	0.000347434034909739	0.00198530117303081	0.00104529616724739
tmobile_app	0.00034567534979034	0.000141725832612306	0.000464576074332172
cdescubierto_preacordado_lag3	0.000337841482752985	0.000755537803064131	0.000522648083623693
mcaja_ahorro_adicional_lag1	0.000337685319006962	0.000565803950098728	0.00040650406504065
Master_cconsumos_lag1	0.000336662387280875	0.000142406401400707	0.000580720092915215
Visa_mlimitecompra_delta3	0.000331917705069602	0.00268659589861118	0.00110336817653891
matm_other_delta1	0.00033013188914344	0.000967452963386889	0.000754936120789779
Master_cconsumos_delta3	0.000329596508467281	0.00107031831818148	0.000580720092915215
Master_mfinanciacion_limite_delta3	0.000329195408690908	0.00188512493747449	0.00104529616724739
minversion2	0.000328370315457444	0.00230562396115319	0.00040650406504065
cpagomiscuentas_lag3	0.000325662825849595	0.00064707607877107	0.000754936120789779
Visa_mpagado_delta3	0.000324469611928983	0.00378497633650107	0.00104529616724739
Visa_mfinanciacion_limite_delta1	0.00031885358969515	0.00126896238713042	0.000754936120789779
thomebanking_lag3	0.000318058890304871	0.000216837941225528	0.000813008130081301
ctransferencias_emitidas_delta1	0.000314733938108011	0.000917539350426269	0.000754936120789779
catm_trx_lag1	0.000312690198367819	0.00166608300040344	0.000929152148664344
Master_mfinanciacion_limite_delta1	0.000309945561353528	0.00174865518996645	0.000580720092915215
ccajas_consultas_delta1	0.000308572241724716	0.000893335532233638	0.000580720092915215
mtarjeta_master_consumo_delta1	0.000307112939377714	0.000236654708305233	0.000754936120789779
mtarjeta_visa_descuentos_delta1	0.00030666934757435	0.00193643633402359	0.000638792102206736
catm_trx_delta3	0.000302456560193271	0.00189960534723386	0.000871080139372822
mtarjeta_visa_descuentos_delta3	0.00030223400294763	0.000716687795535469	0.000987224157955865
Master_mpagominimo_lag3	0.000299611012221297	0.000647658924861649	0.000987224157955865
tcuentas_lag1	0.000298698769562102	0.00123186789806619	0.000232288037166086
Visa_mpagado_lag3	0.000293740292230959	0.000697293330114208	0.000813008130081301
cpayroll_trx_delta1	0.000289978458964008	0.000404413169597976	0.00040650406504065
tcuentas_lag3	0.000287943926032501	0.00080346555120116	0.000290360046457607
ccajas_depositos_lag1	0.000283735462841704	0.000464720289491207	0.000464576074332172
mtarjeta_master_consumo_lag3	0.00028274119958909	0.000849222459408007	0.000638792102206736
matm_other_lag1	0.000280071850902931	0.000854799633376547	0.000696864111498258
mcheques_depositados_lag1	0.000279691086710296	0.00106983319478872	0.000348432055749129
ctarjeta_visa_debitos_automaticos_delta1	0.000279626551283131	0.000763233465517592	0.000638792102206736
Master_fultimo_cierre_delta3	0.000276369520188723	0.000589585466632915	0.000754936120789779
ccajas_transacciones	0.000273230604599929	0.000149440690595696	0.000580720092915215
ccheques_emitidos	0.000269640590023995	0.00122082872330869	0.000174216027874564
Visa_mconsumototal	0.000268976802007224	0.000482176006389613	0.000813008130081301
mforex_sell_lag3	0.00026896816766928	0.000788854262828637	0.000348432055749129
ccuenta_debitos_automaticos_lag1	0.000265248515853409	0.00184592766535892	0.000871080139372822
Visa_fultimo_cierre_delta3	0.000263860727880854	0.00096147442833801	0.000638792102206736
mttarjeta_master_debitos_automaticos_lag3	0.000263126089003355	0.0012146878987795	0.000522648083623693
Visa_msaldodolares_lag3	0.000260774256790771	0.000536928637940584	0.000580720092915215
mtarjeta_master_consumo_lag1	0.000258003645847426	0.000888245226706032	0.000638792102206736
ccuenta_debitos_automaticos	0.000257247809871552	6.48756560163968e-05	0.000638792102206736
mtarjeta_visa_descuentos	0.000257143611770954	0.00223380475844692	0.000813008130081301
matm_delta1	0.000256894974106403	0.00029230952976288	0.000754936120789779
mplazo_fijo_dolares_lag3	0.000254971701542313	0.00137735954464099	0.000580720092915215
Visa_fultimo_cierre_delta1	0.000245334785009455	0.000233606109142831	0.000813008130081301
Visa_mpagado_delta1	0.000242781906736169	0.000302109720315859	0.000696864111498258
Master_msaldopesos_delta3	0.000240333585586425	0.000544470736154611	0.000580720092915215
minversion1_pesos	0.00023800377968883	0.00254931644874976	0.00040650406504065
ctarjeta_master_transacciones_delta3	0.000237101833545505	0.00245421481328747	0.000696864111498258
catm_trx_delta1	0.000234910438247713	0.000144205546069532	0.000522648083623693
tmobile_app_delta3	0.000233660629766576	0.000291529493228482	0.000522648083623693
cdescubierto_preacordado_lag1	0.0002330630189931	0.000436047402921408	0.000290360046457607
tcallcenter_delta3	0.000227871871624703	0.000957469542775495	0.000522648083623693
Master_mlimitecompra_delta1	0.000224458482294008	0.00219385362551959	0.000580720092915215
Master_msaldototal_delta3	0.000223773952393741	0.000453974282827168	0.000638792102206736
thomebanking_delta3	0.000221292941666754	0.00125577331302083	0.000696864111498258
mtarjeta_visa_descuentos_lag1	0.000220814695255752	0.00130314090069356	0.000638792102206736
mtarjeta_master_descuentos_delta3	0.000220787484640108	0.000130473761977404	0.00040650406504065
Visa_cadelantosefectivo	0.000219823806912419	3.33426354871371e-05	5.80720092915215e-05
Master_msaldototal_lag3	0.000219212277095622	4.77706938012444e-05	0.000580720092915215
ccaja_ahorro_lag3	0.000218630082308585	0.000286851019070267	0.000464576074332172
Visa_mconsumototal_lag1	0.000217722947885863	0.000160373417414501	0.000580720092915215
mtarjeta_master_consumo_delta3	0.000217130106219627	0.00173752876280018	0.000754936120789779
Master_mlimitecompra_delta3	0.000215316379887339	0.00176055118337807	0.000522648083623693
ccajas_transacciones_lag1	0.00021441538138671	0.000160298380342959	0.000522648083623693
matm_other	0.00021304930049362	0.00130268718816796	0.000638792102206736
Master_mconsumospesos_delta3	0.000212301751066841	0.00103041779165124	0.000522648083623693
ccajas_extracciones_delta1	0.000210853557835226	0.00137460236852387	0.00040650406504065
cpayroll_trx_lag1	0.000209696364634975	0.001303762137844	0.000580720092915215
Master_mconsumototal_lag3	0.000209493833099293	0.000247978325915325	0.000522648083623693
cpagomiscuentas	0.000209214734889122	0.00134394187208231	0.000638792102206736
cpayroll_trx_delta3	0.000205038368677071	0.000931696926273191	0.000348432055749129
ctarjeta_visa	0.00020348529393743	0.000649222488026797	0.000232288037166086
cprestamos_personales_lag1	0.000199832546772485	0.00261404377567125	0.000754936120789779
ccajas_otras_delta3	0.00019859415962095	0.00177626708724561	0.000464576074332172
Visa_msaldodolares_lag1	0.000196593251271025	0.000616792512735388	0.000638792102206736
cplazo_fijo_delta3	0.000196309905402843	0.00136755411894348	0.000290360046457607
tmobile_app_lag1	0.000195304197884351	0.000195094640960194	0.000580720092915215
mttarjeta_master_debitos_automaticos	0.000192935462806088	0.000519481646283056	0.000580720092915215
ccaja_seguridad_lag1	0.000190857107543546	0.000637706915117412	0.000174216027874564
Master_cconsumos	0.00018914797765413	0.000846360580400371	0.000464576074332172
ccajas_extracciones_lag3	0.00018831262862839	0.00122759078498832	0.000290360046457607
Visa_mpagosdolares_lag3	0.000186448995766616	0.00175909057805527	0.000464576074332172
cseguro_vida	0.000185090387418844	0.000670941357617675	0.000464576074332172
ctarjeta_debito_delta1	0.000184622111032835	0.00198214787097788	0.00040650406504065
cseguro_vida_lag1	0.000184229961553319	9.74382549691355e-05	0.00040650406504065
catm_trx_other_delta3	0.000181101693077767	0.000575834487010858	0.000464576074332172
active_quarter_lag1	0.00017994217348374	0.000594061515202785	0.000464576074332172
catm_trx_other	0.000178571930826655	0.000642160278061002	0.00040650406504065
mcajeros_propios_descuentos_lag1	0.00017740687048351	0.000453480434193534	0.000174216027874564
thomebanking_delta1	0.000175038957366508	0.00102239580518898	0.000580720092915215
cinversion1	0.000174885741634167	0.00110381451790805	0.000174216027874564
tcuentas	0.000167917960573711	0.00138402911876732	0.000464576074332172
active_quarter_delta3	0.000167400081914949	0.00136984013205324	0.000638792102206736
ccajas_transacciones_delta1	0.000167126922094039	0.000152066988099654	0.000348432055749129
ccajas_transacciones_lag3	0.000166825477631224	6.40624635666661e-05	0.00040650406504065
cseguro_vida_lag3	0.000165933030851134	0.000620689205311029	0.000464576074332172
matm_other_lag3	0.000164537601821841	0.000573281481530265	0.000580720092915215
Visa_mpagosdolares_lag1	0.000163691390830797	0.000316864102638764	0.00040650406504065
Visa_status_delta1	0.000161657019857489	0.000204873890935068	0.000116144018583043
mforex_sell_lag1	0.000160759804204204	0.000213105283178373	0.000348432055749129
Visa_msaldodolares_delta3	0.000160667476796994	9.04092009186729e-05	0.00040650406504065
Master_msaldopesos_delta1	0.000159490835506486	0.000453475199049007	0.00040650406504065
mprestamos_prendarios_delta1	0.000159264177114153	0.00253020293608474	0.000522648083623693
mprestamos_prendarios_lag1	0.000158930303096578	0.00285147328536636	0.000522648083623693
Visa_mconsumototal_delta3	0.000156924641554382	8.58162341210519e-05	0.000522648083623693
mcheques_depositados_delta3	0.000156707032927452	0.000709269595741895	0.000290360046457607
Visa_Fvencimiento_delta1	0.000154478583840673	0.000625643397080955	0.000580720092915215
catm_trx_lag3	0.000153955342540002	0.000259281002947313	0.00040650406504065
Master_mconsumosdolares_lag3	0.000153918286176536	0.00134913164535591	0.00040650406504065
Visa_Finiciomora_lag3	0.000153101525598765	0.000865947001120925	0.000232288037166086
ctarjeta_master_transacciones_delta1	0.000152887587712276	0.00146814567596554	0.000348432055749129
ccajas_depositos	0.00015065662242233	0.000935408643742241	0.00040650406504065
catm_trx_other_delta1	0.000149810989519075	0.000882333003487817	0.000522648083623693
ccajas_consultas_lag1	0.000149127458283019	0.00175190970481355	0.000522648083623693
Visa_delinquency_delta1	0.000145951963311696	0.000213264082562334	0.000174216027874564
ccuenta_debitos_automaticos_delta1	0.000145929889251804	0.00154162267443843	0.000464576074332172
cseguro_vivienda_lag3	0.000145812765389091	0.000670756382511084	0.00040650406504065
ccallcenter_transacciones_lag3	0.000143928956561341	0.00129102503121184	0.000348432055749129
mcheques_emitidos_delta1	0.00014353650001657	0.00126944402042682	0.000290360046457607
cseguro_vivienda	0.000142926988592119	0.000186327518927046	0.000290360046457607
Master_status	0.00014110660044168	0.00193641713849366	0.000464576074332172
ccomisiones_mantenimiento	0.000135617822117528	0.0020630884404969	0.000464576074332172
cforex_lag3	0.000135149274708985	6.57254944778108e-05	0.000174216027874564
cpayroll_trx_lag3	0.000133441645039298	0.000532159421277249	0.000290360046457607
Master_mconsumosdolares_lag1	0.000132837423469185	0.000574113869509925	0.000174216027874564
cforex_lag1	0.000130932333521394	0.000631981412053964	0.000290360046457607
ccheques_depositados	0.000129936441325051	0.000222915944020404	0.000232288037166086
mtarjeta_visa_descuentos_lag3	0.000129680193965609	0.000443994352312125	0.000348432055749129
ctarjeta_visa_descuentos_delta1	0.000128909706389823	0.000361956147490788	0.000290360046457607
ccuenta_debitos_automaticos_lag3	0.000128758872753643	0.000435565769625001	0.00040650406504065
ctarjeta_master_transacciones_lag3	0.000127680028470196	0.000424905270321556	0.000232288037166086
Master_Finiciomora_delta1	0.00012672771753994	0.00278771097008586	0.00040650406504065
matm_other_delta3	0.000125632453456886	0.000561273805035421	0.00040650406504065
mcheques_emitidos_rechazados_lag1	0.00012542206952306	0.000865599736534023	0.000174216027874564
mforex_sell_delta1	0.000123042186478166	0.00135617116969543	0.00040650406504065
ctarjeta_visa_descuentos_lag3	0.000122706607686723	0.000745282154937376	0.000290360046457607
internet_delta1	0.000122680457054721	0.000740047010411212	0.000464576074332172
mforex_sell_delta3	0.000120363578791591	0.00174465902964481	0.000464576074332172
cseguro_accidentes_personales	0.00011938594597786	0.000459909191671663	0.000580720092915215
tcallcenter_delta1	0.000116850492253526	0.000409772212544592	0.000290360046457607
ccaja_ahorro_lag1	0.000116758887573075	0.000114443749438291	0.000174216027874564
Visa_fechaalta_delta1	0.000116265416389288	0.000835654709844366	0.00040650406504065
mplazo_fijo_dolares_lag1	0.000114480755468486	0.00142654198241612	0.000580720092915215
ctarjeta_master_debitos_automaticos_lag3	0.000113809232777522	0.000845913848067471	0.000290360046457607
catm_trx	0.000112914583646786	0.00167298815603345	0.000522648083623693
cseguro_vida_delta3	0.000112382207856913	0.000585304863458688	0.000232288037166086
mforex_sell	0.000110556283638228	0.000716614503512103	0.000290360046457607
ccajeros_propios_descuentos_delta1	0.000109931014991713	0.00124454043791586	0.000348432055749129
mcaja_ahorro_adicional_delta3	0.000109368396550848	0.00143008966535668	0.000348432055749129
ctarjeta_visa_descuentos_lag1	0.000108406816556298	0.000594511737632035	0.000348432055749129
catm_trx_other_lag3	0.000108350351187863	0.000226510743261703	0.000232288037166086
mcheques_emitidos_lag3	0.000105330714535614	0.000601542536730673	0.000174216027874564
Master_Fvencimiento_delta1	0.0001043213245745	0.000492157681952831	0.00040650406504065
ctarjeta_visa_descuentos	0.000104224338294605	0.000520725865632107	0.000348432055749129
ccheques_emitidos_lag1	0.000103234739063637	0.00152905309243111	0.000348432055749129
mcheques_depositados	0.000103234448849524	0.00149794062851212	0.000290360046457607
ccajeros_propios_descuentos	0.00010233139661596	0.000713572884542402	0.000348432055749129
ccajas_depositos_delta1	0.0001016322034136	0.00102938995827593	0.00040650406504065
Visa_mpagosdolares_delta3	0.000100217302889685	2.05479422651928e-05	0.000174216027874564
cseguro_vivienda_lag1	0.000100066310103831	0.000719043610572243	0.000290360046457607
mplazo_fijo_dolares_delta1	9.92871212536196e-05	0.00167116109059382	0.000290360046457607
mcaja_ahorro_adicional	9.84465797356959e-05	0.00174393483465203	0.00040650406504065
Master_fechaalta_delta3	9.51771628178485e-05	5.37666793318773e-05	0.000232288037166086
mcheques_emitidos	9.44338970918014e-05	0.00101930706991854	0.000348432055749129
mpagodeservicios	9.35889836386942e-05	0.00243092889043509	0.000464576074332172
mpagodeservicios_lag3	9.29939101323132e-05	0.000923509160234271	0.000232288037166086
mcajeros_propios_descuentos_delta3	9.2395475525227e-05	0.000891716127526878	0.00040650406504065
Master_fechaalta_delta1	9.16603294751608e-05	0.000869129968992832	0.000290360046457607
ccajas_depositos_delta3	9.02128472681215e-05	0.000487180804556625	0.000232288037166086
ccallcenter_transacciones_lag1	8.85737844272873e-05	0.000101650801264522	0.000174216027874564
ccajas_otras	8.73909634485249e-05	0.00151153629884656	0.000464576074332172
ccajas_otras_lag3	8.70835326175016e-05	0.000445598051585306	0.000232288037166086
minversion1_pesos_lag1	8.63308421881406e-05	0.000899362928631428	0.000174216027874564
ccajas_otras_lag1	8.61914252006892e-05	0.000175911326368155	0.000174216027874564
Visa_mpagosdolares_delta1	8.5585385111498e-05	0.000690658656951383	0.000232288037166086
ctarjeta_master_descuentos_lag1	8.07792142531578e-05	0.000934366849981534	0.000290360046457607
ccheques_depositados_lag3	7.97197768682877e-05	0.0011337386040196	0.000174216027874564
cpagomiscuentas_delta1	7.87177487498507e-05	0.00128180768674945	0.00040650406504065
cforex_delta1	7.83824955131096e-05	5.16272502688517e-05	0.000174216027874564
ccajas_transacciones_delta3	7.79253380723205e-05	0.000223734371614661	0.000232288037166086
active_quarter	7.7387532001927e-05	0.000524983783180054	0.000348432055749129
Master_mconsumototal_delta1	7.65673438550578e-05	8.46732275661728e-05	0.000232288037166086
cliente_edad_delta1	7.60853216180217e-05	0.00017989003620804	0.000290360046457607
mforex_buy_delta1	7.45310874261912e-05	0.00102476558061116	0.000174216027874564
cprestamos_personales_delta1	7.41869534035541e-05	0.00140966213141559	0.000348432055749129
Master_mpagado	7.39548247092376e-05	0.00050418280892943	0.000174216027874564
active_quarter_delta1	7.18706375472891e-05	0.00109297776873889	0.000290360046457607
ccajas_otras_delta1	7.06801956395414e-05	0.00043099548845366	0.000174216027874564
cseguro_accidentes_personales_lag1	6.94662407716076e-05	6.49053218353784e-05	0.000232288037166086
Master_Finiciomora_lag1	6.94580136695963e-05	0.000857275856737422	0.000232288037166086
mcheques_depositados_lag3	6.93952803784549e-05	0.00122167507167375	0.000174216027874564
Master_mpagado_lag3	6.92798353107664e-05	0.000618237412624609	0.000174216027874564
ctarjeta_visa_descuentos_delta3	6.74485720885801e-05	0.000840715349552991	0.000232288037166086
ccajas_depositos_lag3	6.56781124677286e-05	0.000873094718447314	0.000232288037166086
mforex_buy_lag1	6.55825664923906e-05	0.000593722975856759	0.000174216027874564
Master_mconsumototal	6.55387998637404e-05	0.000405165285361568	0.000174216027874564
ctarjeta_master_debitos_automaticos_delta3	6.52873087391385e-05	0.000713930619418357	0.000116144018583043
ccajeros_propios_descuentos_lag3	6.45963281280839e-05	0.000879621198623265	0.000232288037166086
active_quarter_lag3	6.44102222431011e-05	0.000438668465280841	0.000290360046457607
ccheques_emitidos_rechazados_delta1	6.42519666150293e-05	9.70246785515686e-06	5.80720092915215e-05
Visa_status_lag1	6.4212765007565e-05	0.00127867532527462	0.000232288037166086
Master_mconsumototal_lag1	6.41506865705266e-05	0.000541617582387851	0.000232288037166086
mttarjeta_master_debitos_automaticos_delta1	6.41147566590972e-05	0.000996508015507098	0.000290360046457607
Master_cconsumos_lag3	6.37322617137485e-05	0.000464119992918874	0.000232288037166086
mcajeros_propios_descuentos_delta1	6.27901595329985e-05	0.000324006584820627	0.000290360046457607
cseguro_accidentes_personales_lag3	6.25683133119342e-05	0.000505528241072654	0.000232288037166086
ctarjeta_master_debitos_automaticos_delta1	6.17052291787533e-05	0.000457200876903461	0.000174216027874564
mtarjeta_master_descuentos	5.99434268321222e-05	0.00121651147412278	0.000174216027874564
mcajeros_propios_descuentos	5.87417854681432e-05	9.60474515733513e-06	0.000116144018583043
ccheques_emitidos_rechazados_lag3	5.85871181971502e-05	4.27048189480933e-05	5.80720092915215e-05
Visa_delinquency_delta3	5.6888671931785e-05	0.000184938460579437	0.000174216027874564
cpagodeservicios_lag3	5.66145820214524e-05	0.000584207228156369	0.000174216027874564
Master_mpagado_delta3	5.56189449326756e-05	0.000864400888437531	0.000232288037166086
mcheques_depositados_rechazados	5.47912545169463e-05	0.00122024762226629	0.000174216027874564
mcheques_emitidos_lag1	5.3907295797526e-05	0.000592208274040523	0.000116144018583043
minversion2_delta3	5.37167973815194e-05	5.37719144764035e-05	5.80720092915215e-05
minversion2_delta1	5.31967673936236e-05	0.000634686236725816	0.000116144018583043
ctarjeta_master_descuentos_delta3	5.16833934765296e-05	0.000124167157871552	0.000116144018583043
Master_msaldodolares_delta1	4.87826135461e-05	0.000843284060467162	0.000174216027874564
mtarjeta_master_descuentos_delta1	4.87098306551275e-05	9.27842114853759e-06	0.000116144018583043
ccheques_emitidos_delta1	4.85217896973344e-05	0.000562055586617995	0.000116144018583043
Visa_mpagosdolares	4.763334131878e-05	0.000422013725494938	0.000232288037166086
tcallcenter_lag3	4.6315455628084e-05	8.41444779690303e-05	0.000174216027874564
mpagodeservicios_delta3	4.62687421559704e-05	0.00201132856656672	0.000290360046457607
cpagodeservicios_lag1	4.55560626569785e-05	1.7719219172889e-05	5.80720092915215e-05
ctarjeta_master_delta3	4.53686779575502e-05	0.00101801922436511	0.000174216027874564
cinversion2	4.46521613130908e-05	0.000915490663868363	0.000174216027874564
ccajas_extracciones	4.4390375779011e-05	0.000507280269440743	0.000290360046457607
cforex	4.4079910104116e-05	8.58912711925936e-06	5.80720092915215e-05
cforex_sell_lag3	4.40356440263394e-05	2.58284580439167e-05	0.000116144018583043
ccaja_seguridad_delta3	4.39648811660183e-05	0.00165165319704116	0.000232288037166086
Master_status_lag3	4.23044297791127e-05	0.00111034972332488	0.000174216027874564
ccajas_extracciones_delta3	4.17978488749098e-05	0.0013676239208705	0.000232288037166086
Master_mpagosdolares	4.09010067552728e-05	0.00121497408668026	0.000174216027874564
cforex_sell_lag1	4.01379598948695e-05	3.84085103402882e-06	5.80720092915215e-05
cforex_sell_delta1	3.98737665198278e-05	0.000520842783859858	0.000116144018583043
Master_cconsumos_delta1	3.98444682349201e-05	1.67646778209518e-05	0.000116144018583043
Master_mconsumototal_delta3	3.74558310217394e-05	7.08035846681896e-05	5.80720092915215e-05
mprestamos_hipotecarios_delta3	3.71911421763132e-05	0.000799157027256127	0.000116144018583043
catm_trx_other_lag1	3.66587504714729e-05	5.70683104797113e-05	0.000232288037166086
mprestamos_prendarios_delta3	3.55474551012522e-05	0.00159274735083277	0.000290360046457607
ctarjeta_master_debitos_automaticos	3.47109529425005e-05	0.00162071000279518	0.000232288037166086
cseguro_auto	3.44616611259778e-05	0.000589133499155489	0.000174216027874564
ccheques_emitidos_lag3	3.39379781849586e-05	0.000404329407285557	0.000116144018583043
Master_msaldodolares_lag1	3.20836644728176e-05	0.000222690832805779	5.80720092915215e-05
mpagodeservicios_lag1	3.08546994501162e-05	0.000815665182995297	0.000174216027874564
cinversion1_lag3	2.98344264597717e-05	9.22676772254611e-05	5.80720092915215e-05
ccheques_depositados_delta1	2.92437181013086e-05	0.000134611271201249	0.000116144018583043
Master_msaldodolares_delta3	2.91874746062434e-05	0.00121404746609913	0.000174216027874564
Master_mpagosdolares_lag1	2.81328482224243e-05	0.000823903555431303	0.000116144018583043
cforex_buy_delta3	2.79635227982974e-05	6.55998510091828e-05	5.80720092915215e-05
mtarjeta_master_descuentos_lag1	2.68641131002587e-05	0.000434761302416147	0.000116144018583043
Master_delinquency_delta3	2.59166847884075e-05	0.0012250465047486	0.000174216027874564
cforex_buy_delta1	2.57939719635855e-05	2.98350886546073e-05	5.80720092915215e-05
Master_mpagado_lag1	2.57455553559082e-05	1.23793717562019e-05	0.000116144018583043
ccajas_extracciones_lag1	2.54877492658287e-05	1.27946932219443e-05	5.80720092915215e-05
mcheques_emitidos_delta3	2.52235500396961e-05	0.00121958799405599	0.000174216027874564
ccajeros_propios_descuentos_lag1	2.49591963447614e-05	2.37152047035219e-06	5.80720092915215e-05
cseguro_accidentes_personales_delta3	2.47907476481076e-05	0.000868950229030767	0.000174216027874564
cpagodeservicios	2.47524384490403e-05	0.000808067243239658	0.000174216027874564
Master_msaldodolares	2.40609003460367e-05	0.000812691620904436	0.000116144018583043
Master_msaldodolares_lag3	2.35739575755264e-05	5.78483470141097e-06	5.80720092915215e-05
mtarjeta_master_descuentos_lag3	2.35381694945425e-05	1.36672173096382e-05	5.80720092915215e-05
ccajeros_propios_descuentos_delta3	2.3034297879509e-05	2.9770521872118e-06	5.80720092915215e-05
Visa_status_delta3	2.25935749830768e-05	0.00162883145700344	0.000232288037166086
Master_Finiciomora_lag3	2.21251460006155e-05	0.000603120060281223	0.000116144018583043
tcuentas_delta3	2.18031173997173e-05	0.00067802625320975	0.000174216027874564
cseguro_auto_lag3	2.17922704132068e-05	0.000201160428417843	0.000116144018583043
cseguro_vivienda_delta1	1.94882053372012e-05	0.000245242090376317	5.80720092915215e-05
Master_mpagado_delta1	1.93818802480082e-05	0.000408864787493391	0.000116144018583043
mforex_buy	1.92459907662895e-05	0.00062975822067852	0.000116144018583043
Master_mpagosdolares_delta1	1.92433994351144e-05	0.000412913299260291	5.80720092915215e-05
cseguro_accidentes_personales_delta1	1.89328122915705e-05	0.00026273270823823	5.80720092915215e-05
mforex_buy_lag3	1.83782767818345e-05	6.4570272585704e-05	5.80720092915215e-05
Visa_status_lag3	1.77312434811197e-05	0.000176806536082129	5.80720092915215e-05
cplazo_fijo_delta1	1.77311554807113e-05	0.000403481313872319	5.80720092915215e-05
Visa_madelantopesos	1.72449007985008e-05	2.12197858127172e-06	5.80720092915215e-05
Master_status_lag1	1.70852352915453e-05	0.000635338884743411	0.000116144018583043
minversion1_dolares_delta3	1.70496353816474e-05	8.80708363636531e-05	5.80720092915215e-05
ctarjeta_master_descuentos_lag3	1.67895417490367e-05	1.28854357270644e-05	5.80720092915215e-05
Master_delinquency_lag1	1.65446946552693e-05	3.4970765434774e-06	5.80720092915215e-05
cliente_vip_lag3	1.62227797995798e-05	0.000407271558509261	5.80720092915215e-05
ccajas_consultas_lag3	1.61299716667352e-05	0.000416021230060656	0.000116144018583043
cseguro_auto_delta3	1.52737187993003e-05	0.000412913299260291	5.80720092915215e-05
minversion1_dolares	1.40583339247299e-05	0.000412913299260291	5.80720092915215e-05
mprestamos_prendarios_lag3	1.36076126840237e-05	0.000479996441218553	0.000116144018583043
Master_mpagosdolares_delta3	1.33499484243896e-05	0.000759055820185713	0.000116144018583043
mcajeros_propios_descuentos_lag3	1.27428588835195e-05	0.000105474201816797	5.80720092915215e-05
Visa_cadelantosefectivo_lag1	1.21656379919062e-05	3.12538128211977e-06	5.80720092915215e-05
Master_mpagosdolares_lag3	1.20617488289118e-05	0.000412913299260291	5.80720092915215e-05
cinversion1_delta1	1.17908030608306e-05	0.000399195475553566	5.80720092915215e-05
mcheques_depositados_rechazados_lag3	1.15685056036296e-05	0.000412913299260291	5.80720092915215e-05
minversion1_dolares_lag1	1.10558716287816e-05	0.000825826598520581	0.000116144018583043
Master_mconsumosdolares	1.08775685246919e-05	3.17302109730786e-05	5.80720092915215e-05
mcheques_emitidos_rechazados_delta1	1.02347994990865e-05	0.000398127506070229	5.80720092915215e-05
cplazo_fijo_lag3	1.01437818000831e-05	7.30477166217385e-06	5.80720092915215e-05
cinversion2_lag3	9.95139511999407e-06	0.000412913299260291	5.80720092915215e-05
minversion1_pesos_delta3	9.90363196215793e-06	0.000415607653643089	0.000116144018583043
ctarjeta_master_descuentos	9.62179988823484e-06	0.000407302969376418	5.80720092915215e-05
cforex_sell_delta3	9.05790918614576e-06	0.000393921939967544	5.80720092915215e-05
mcaja_ahorro_adicional_lag3	9.02931326619978e-06	0.000821099263013455	0.000116144018583043
Visa_madelantopesos_lag1	8.72370423086542e-06	2.19666664317832e-05	5.80720092915215e-05
mcaja_ahorro_adicional_delta1	8.653484819875e-06	0.000812469999786162	0.000116144018583043
mcheques_depositados_delta1	8.62277244329816e-06	0.000106742851840304	5.80720092915215e-05
cseguro_vida_delta1	8.38630504799491e-06	0.000210997264982505	5.80720092915215e-05
ccheques_emitidos_rechazados	7.5114967327432e-06	0.000412913299260291	5.80720092915215e-05
cforex_delta3	7.50941608478916e-06	8.02477853933891e-05	5.80720092915215e-05
cprestamos_prendarios_lag1	7.1840647663427e-06	0.000825826598520581	0.000116144018583043
cforex_sell	6.63811327516799e-06	0.000178692933159723	5.80720092915215e-05
mcheques_depositados_rechazados_delta3	5.97689833416895e-06	0.000407022016620181	5.80720092915215e-05
Visa_madelantopesos_lag3	5.04683044331194e-06	0.000406465346252232	5.80720092915215e-05
mprestamos_hipotecarios_lag1	4.92932087668054e-06	0.000412913299260291	5.80720092915215e-05
cinversion1_delta3	4.73185825814079e-06	0.000410293981949033	5.80720092915215e-05
minversion1_pesos_lag3	4.43012170886352e-06	0.000412913299260291	5.80720092915215e-05
tcallcenter_lag1	4.24804137447798e-06	0.000397556875316877	5.80720092915215e-05
cseguro_auto_lag1	3.9968573151309e-06	0.000401108048353791	5.80720092915215e-05
Visa_Finiciomora_delta3	3.34491869377845e-06	0.000402799000035742	5.80720092915215e-05
Master_delinquency_delta1	3.31442116926255e-06	0.000412913299260291	5.80720092915215e-05
Master_status_delta1	2.76596704945202e-06	0.000402516302231329	5.80720092915215e-05
