Feature	Gain	Cover	Frequency
ctrx_quarter	0.234485798350746	0.0202081039906815	0.0145937044538245
mpasivos_margen	0.0610815802792334	0.0120526914584267	0.0143665650848933
cpayroll_trx	0.0382744971315641	0.00788676411529204	0.00335030569173402
mpayroll	0.0329294710894326	0.0103281230621993	0.00459957222085518
mprestamos_personales	0.0298313777842198	0.0114727369715409	0.00751452745547122
mcaja_ahorro	0.0263982087896059	0.0105751232383696	0.0093694989684087
mtarjeta_visa_consumo	0.0232912820681121	0.00583563097910356	0.00488349643201908
mcuentas_saldo	0.0220958498156181	0.0116711420707977	0.0140258560314967
mrentabilidad_annual	0.0140338694221819	0.0208152262490571	0.0209346785031516
mactivos_margen	0.0128017162392821	0.0134839484567204	0.0165622456512275
Master_fechaalta	0.0122678536210054	0.0166201744006427	0.0187200696560731
cliente_edad	0.0121884841247919	0.0216145734107324	0.024531051844561
mcuenta_corriente	0.0121616824221096	0.0143379689869683	0.0187579262175617
Visa_msaldototal	0.01180737797215	0.0039050741768022	0.00571634078476652
Visa_mpagominimo	0.0117107107965835	0.0122163262117572	0.0110162593931593
numero_de_cliente	0.011065396166772	0.0201251264892451	0.0233196418769283
Master_Fvencimiento	0.0108913546171506	0.0189071213613609	0.023225000473207
Visa_Fvencimiento	0.0100468581297751	0.0157200181980524	0.0233953549999054
Visa_msaldopesos	0.00960480643861235	0.00392403522694569	0.00507277923946168
Visa_fechaalta	0.00948119316542024	0.0129509572934715	0.0169975961083455
cliente_antiguedad	0.00943234018240968	0.016659384862412	0.0176411576536503
Visa_status	0.00928549501572185	0.0110021159485514	0.00342601881471106
Master_mfinanciacion_limite	0.0085012555813284	0.00991402467107337	0.0158051144214571
mrentabilidad	0.00790973712169756	0.0147501025090872	0.014631561015313
cprestamos_personales	0.00668605943136689	0.00207761669310577	0.00323673600726846
cdescubierto_preacordado	0.00664724558826164	0.00572547500194442	0.00308530976131438
mrentabilidad_annual_lag1	0.00661511307898286	0.00761944559223556	0.00948306865287426
ctarjeta_visa_transacciones	0.00638188602373011	0.00824423625757921	0.00620847608411728
mrentabilidad_annual_delta1	0.00601295626892018	0.0113110259829628	0.0130037288713066
Visa_mfinanciacion_limite	0.00541167813469277	0.00800875041074818	0.0123223107645133
mcuenta_corriente_delta1	0.00517655486763809	0.00859587973092042	0.0108648331472052
ctrx_quarter_delta1	0.00516210122841103	0.0117950868127211	0.0119058885881395
chomebanking_transacciones	0.00511175930684573	0.011287945943966	0.00948306865287426
mactivos_margen_delta1	0.00479999693174884	0.0077135208142633	0.0100698453559463
mcuentas_saldo_delta1	0.00463274895546185	0.00924815672572756	0.00866915258087108
Visa_mpagospesos	0.00445625739238789	0.00800452609224227	0.00952092521436278
cproductos	0.00433936559295439	0.00697183178948679	0.0062463326456058
mcaja_ahorro_dolares	0.00412762432575064	0.0080521796248222	0.00762809713993678
mcomisiones_otras	0.00411109074924752	0.00682763506692169	0.0078552365088679
mcomisiones	0.00408925505807806	0.00799311152635448	0.0080445193163105
Master_mpagominimo	0.00408568719465919	0.00384282606479876	0.00389922583331756
mcuenta_debitos_automaticos	0.00408470062353152	0.00760438173923791	0.00592455187295338
Visa_mlimitecompra	0.00403450388940803	0.00883685128307252	0.00810130415854328
mtransferencias_recibidas	0.00402695480323081	0.00823391523613335	0.00783630822812364
mrentabilidad_delta1	0.00396153962115918	0.008633175419493	0.0096534231795726
thomebanking	0.00395119005392333	0.00505696182654291	0.00253638961973084
ccomisiones_otras	0.00385187712588612	0.00585915674236194	0.00696560731388768
Master_mlimitecompra	0.00380836508345136	0.00685893424417507	0.0070034638753762
chomebanking_transacciones_delta1	0.00379005005899339	0.00748797834353836	0.00921807272245462
ccomisiones_mantenimiento_delta1	0.00377041235585244	0.00541680174516677	0.0021767522855899
mttarjeta_visa_debitos_automaticos	0.00372918368774013	0.00865421994154504	0.00764702542068104
mcuentas_saldo_lag1	0.00370165639418173	0.00673539326591993	0.00721167496356306
Visa_mconsumospesos	0.00365926218657116	0.00726664135186927	0.008517726334917
mtarjeta_master_consumo	0.00360176438271928	0.00532399989869514	0.0033124491302455
mcomisiones_mantenimiento	0.00354909185561412	0.00596416398345443	0.00562169938104522
mrentabilidad_lag1	0.00354680095510942	0.00752916480671698	0.00844201321193996
cliente_edad_lag1	0.00339443355515349	0.0064236620238626	0.00806344759705476
chomebanking_transacciones_lag1	0.00336810009052373	0.00607543277267487	0.00745774261323844
mpagomiscuentas	0.00335605889475872	0.0057489699370118	0.00389922583331756
Visa_cconsumos	0.00333488974461521	0.00567349481839123	0.00702239215612046
mactivos_margen_lag1	0.00316011594966608	0.0063843188296043	0.00698453559463194
Visa_mpagospesos_delta1	0.00307535927505556	0.00639095673856407	0.00749559917472696
mcuenta_corriente_lag1	0.00306292623678582	0.00480503042432029	0.00664382654123526
tcallcenter	0.00301353014354678	0.00162191394554538	0.00102212716019004
Master_Fvencimiento_lag1	0.00301308299922887	0.00555741982855972	0.00789309307035642
Visa_Fvencimiento_lag1	0.00300600430393211	0.00634091744653605	0.00764702542068104
mcomisiones_otras_lag1	0.00297009278541954	0.00275587714306505	0.00433457629043554
Master_status	0.00296115634645276	0.00156310146416138	0.0007571312297704
ccomisiones_mantenimiento	0.0029019504339423	0.00677884688564516	0.0026499593041964
mpasivos_margen_lag1	0.00281360701821596	0.00439512081364673	0.00588669531146486
ccaja_seguridad	0.00276838677450894	0.00484152928978934	0.001892828074426
internet	0.0027558338636735	0.00151333620049782	0.00181711495144896
Master_fechaalta_lag1	0.00274840035549861	0.00539687774222379	0.00704132043686472
Visa_mpagominimo_delta1	0.00271552874237356	0.00754494198980088	0.00639775889155988
ccaja_ahorro	0.00260619949208308	0.00808683993123344	0.00399386723703886
mcaja_ahorro_delta1	0.00259030589144509	0.00381154187347156	0.00649240029528118
Master_msaldopesos	0.00258691628101773	0.00396682989408825	0.0041642217637372
Master_msaldototal	0.0025001526173723	0.00497556255721814	0.00448600253638962
mpasivos_margen_delta1	0.00249794327025801	0.00534762670991291	0.00670061138346804
mautoservicio	0.00248088006497974	0.00429676946462543	0.00431564800969128
ccuenta_debitos_automaticos	0.00238931375349084	0.00279753716151101	0.0021767522855899
mcaja_ahorro_dolares_delta1	0.00237552184589288	0.00614863388403972	0.00518634892392724
cliente_antiguedad_lag1	0.00228554683519982	0.00377682676138743	0.00533777516988132
mcomisiones_lag1	0.00228551421352673	0.00240929034938681	0.00422100660596998
tmobile_app	0.00226796724754409	0.00887001342503493	0.0025553179004751
ctrx_quarter_lag1	0.00223968717254227	0.00368199881769606	0.00450493081713388
Visa_mpagospesos_lag1	0.00214972709395678	0.00500323685301288	0.00512956408169446
mtransferencias_emitidas	0.00212393596572064	0.0043853589813321	0.0044481459749011
ccomisiones_otras_lag1	0.00209316659145771	0.0056333989024693	0.00431564800969128
ccajas_transacciones	0.00207460295754162	0.00296142025304678	0.00119248168688838
mcaja_ahorro_lag1	0.00201759549313487	0.00407064810898057	0.00475099846680926
Visa_mconsumosdolares	0.00201314863184569	0.00465761772199664	0.00401279551778312
mcomisiones_delta1	0.00195809640549743	0.00261239974495666	0.00486456815127482
mtransferencias_recibidas_delta1	0.00195178105981605	0.0032349669270243	0.0050159943972289
Master_mconsumospesos	0.00189672298524827	0.00446525623268416	0.00478885502829778
Visa_mconsumospesos_delta1	0.00188088210327642	0.00382050945169857	0.00486456815127482
Visa_mpagado	0.00183365402627098	0.00461260171242466	0.00336923397247828
Visa_fechaalta_lag1	0.00180069762637591	0.00285648708524656	0.00442921769415684
mttarjeta_visa_debitos_automaticos_delta1	0.00179770657840349	0.00361946811394177	0.0048267115897863
ctransferencias_recibidas	0.00179626880485875	0.00545643010019183	0.00365315818364218
ctarjeta_visa_transacciones_delta1	0.00178060187339182	0.0058782470996399	0.00393708239480608
mtarjeta_visa_consumo_delta1	0.001775607718412	0.00351549190457056	0.0039749389562946
cproductos_delta1	0.00176870108630824	0.00409846070346549	0.00153319074028506
ccallcenter_transacciones	0.00173493545481735	0.00257021778811026	0.00172247354772766
ctarjeta_debito_transacciones	0.00166007439020874	0.00505759337628914	0.00361530162215366
Master_mfinanciacion_limite_lag1	0.00163843848136664	0.00253343633089036	0.00384244099108478
ctarjeta_master	0.00159125682300799	0.000236712551931319	0.0001892828074426
Master_mpagospesos	0.00157692315336211	0.00344805181139921	0.00389922583331756
cmobile_app_trx	0.00151755299858482	0.00380269418265399	0.0013249796520982
Visa_mfinanciacion_limite_lag1	0.00150516579299547	0.00231870641999004	0.00374779958736348
Visa_cconsumos_lag1	0.00149512299097612	0.00300650691055648	0.00352066021843236
mplazo_fijo_dolares	0.00141243307062977	0.00484328435582986	0.00230925025079972
Visa_mconsumospesos_lag1	0.00141218414582734	0.00281415141561447	0.00333137741098976
Master_fultimo_cierre	0.0014027316088388	0.0033356008466877	0.00266888758494066
mprestamos_personales_lag1	0.00137217587937558	0.000956397527210856	0.00126819480986542
Visa_msaldopesos_lag1	0.00137033435736182	0.00396000359062791	0.00338816225322254
ctarjeta_debito	0.00136098359224618	0.00329850083149411	0.00215782400484564
mextraccion_autoservicio	0.00133162374875658	0.00178189641458077	0.00225246540856694
mcomisiones_otras_delta1	0.00132538865512012	0.00237378954660145	0.00314209460354716
mtransferencias_recibidas_lag1	0.00131934016801807	0.00284957471975301	0.0030285249190816
Visa_msaldototal_lag1	0.0013080428742276	0.00357860320592206	0.002839242111639
mtransferencias_emitidas_delta1	0.00127678636643197	0.00274732574541656	0.00335030569173402
Visa_mpagominimo_lag1	0.00127560741714154	0.00193612600063973	0.00300959663833734
ctarjeta_visa_debitos_automaticos	0.0012634349229939	0.00358208036896549	0.00229032197005546
Visa_msaldopesos_delta1	0.0012490891035245	0.002126125707986	0.0033124491302455
thomebanking_delta1	0.00123984227772364	0.00315266807395931	0.00251746133898658
mcaja_ahorro_dolares_lag1	0.0012322584411672	0.00299587461001536	0.00310423804205864
ccajas_otras	0.00122041267752754	0.00466946773608234	0.00143854933656376
mcomisiones_mantenimiento_lag1	0.00119948231380536	0.001936683905263	0.00187389979368174
ctransferencias_emitidas	0.00119703598095441	0.00307217523908386	0.00240389165452102
mautoservicio_delta1	0.00119414570353546	0.00230764295294421	0.0034070905339668
Visa_mconsumototal	0.00118443112176624	0.0021724065297277	0.00249853305824232
mextraccion_autoservicio_delta1	0.00117665269347439	0.00447270380982706	0.00323673600726846
Visa_fultimo_cierre	0.00117172200879934	0.00301302150675224	0.0025553179004751
mprestamos_personales_delta1	0.00115924994777205	0.00265654528630216	0.00230925025079972
mtransferencias_emitidas_lag1	0.00108561446907736	0.00302571458622798	0.00244174821600954
ccajas_consultas	0.00108509521426716	0.00409184249029442	0.00145747761730802
internet_lag1	0.00108447798703399	0.00217941737416473	0.0017035452669834
tcallcenter_delta1	0.00107363635379451	0.00377654074428202	0.00145747761730802
ccomisiones_mantenimiento_lag1	0.00106926598823789	0.00211873422102396	0.0011356968446556
ccomisiones_otras_delta1	0.00103884183535049	0.0023634227110384	0.00242281993526528
mpayroll_lag1	0.00102625579839671	0.000497782371939427	0.00070034638753762
Visa_cconsumos_delta1	0.000985006819716447	0.00214797518835864	0.00291495523461604
cproductos_lag1	0.000956418448203059	0.00167436168999544	0.00219568056633416
cplazo_fijo	0.000918790315891344	0.00261333829210495	0.00111676856391134
Visa_mlimitecompra_lag1	0.000899722522491044	0.00171082630191893	0.00191175635517026
ctarjeta_visa_transacciones_lag1	0.000896078331311967	0.00174639389911813	0.00230925025079972
Master_mpagospesos_lag1	0.000870316528335676	0.0014875775342384	0.00270674414642918
ctarjeta_debito_transacciones_delta1	0.000864910556051794	0.00182233829131283	0.00215782400484564
ctransferencias_recibidas_delta1	0.000837780074091936	0.00297064815822004	0.00230925025079972
active_quarter	0.000834303296934209	0.000705531838424399	0.00071927466828188
Visa_msaldototal_delta1	0.000798502881563246	0.00142696460086602	0.0022713936893112
ctarjeta_debito_transacciones_lag1	0.000761131400253589	0.0032249794494783	0.0019874694781473
mpagomiscuentas_delta1	0.00072571399140817	0.00110780719013178	0.00219568056633416
Master_cconsumos	0.000716215914898525	0.00158431083140142	0.00185497151293748
cpagomiscuentas	0.000707374663957811	0.00209682865047046	0.00115462512539986
tcuentas	0.000706665349144077	0.00075083215242451	0.00035963733414094
Visa_msaldodolares	0.00068469224691286	0.0018314874133313	0.00136283621358672
ctarjeta_visa_debitos_automaticos_lag1	0.000676199897597102	0.00130011344560204	0.0011356968446556
Master_mlimitecompra_lag1	0.000663482248853169	0.00128159811972012	0.0012303382483769
mextraccion_autoservicio_lag1	0.000649146645412464	0.00218696599926702	0.00162783214400636
Visa_mpagado_delta1	0.000647535900497205	0.00114526729572304	0.001892828074426
catm_trx	0.000644172921433603	0.00211658566737885	0.0011356968446556
mcuenta_debitos_automaticos_lag1	0.000622106614095128	0.00122250090573867	0.0013249796520982
ccallcenter_transacciones_delta1	0.000617852293834969	0.00177436919794445	0.00153319074028506
Master_mconsumospesos_lag1	0.000617550572366657	0.000981874886227384	0.00153319074028506
Visa_mconsumosdolares_lag1	0.000597274338028382	0.00201616326335926	0.00140069277507524
mautoservicio_lag1	0.000583608519557523	0.00129922841961869	0.00158997558251784
mpagomiscuentas_lag1	0.000572405170375202	0.000606381097283645	0.0017981866707047
mpayroll_delta1	0.00056033007219199	0.00196585893452249	0.0015142624595408
ctarjeta_master_transacciones	0.000559136039548456	0.000216240064090096	0.00064356154530484
cpayroll_trx_lag1	0.000555503105685751	0.00129310731102752	0.0007571312297704
Visa_mconsumototal_delta1	0.00054478015071804	0.00126104770506276	0.00130605137135394
ctransferencias_recibidas_lag1	0.000534101060830135	0.000927073066858875	0.0011356968446556
mttarjeta_visa_debitos_automaticos_lag1	0.000525324157911318	0.00119918066375365	0.0015142624595408
catm_trx_delta1	0.000525027553613077	0.00145797861735264	0.00130605137135394
matm_delta1	0.000520531542629892	0.001079876849084	0.00168461698623914
Master_mconsumototal	0.000518875979206896	0.00151539783577108	0.00126819480986542
mtarjeta_visa_consumo_lag1	0.000516457274637329	0.00121054170847651	0.00107891200242282
ctransferencias_emitidas_delta1	0.000493204735157186	0.000625491150350308	0.0014196210558195
mcuenta_debitos_automaticos_delta1	0.00048942151605048	0.00100193761602987	0.00157104730177358
ctarjeta_debito_lag1	0.000484589452974551	0.00143376007613536	0.00107891200242282
Visa_mpagado_lag1	0.00048202345391386	0.00137321522168477	0.00126819480986542
cextraccion_autoservicio_delta1	0.00047405370547374	0.000995546760767436	0.00128712309060968
mcomisiones_mantenimiento_delta1	0.000463449784970725	0.000961890939579679	0.0006624898260491
Master_msaldopesos_delta1	0.000453263617146757	0.000794211698857471	0.00130605137135394
ccajas_consultas_delta1	0.000452936240455857	0.00206907728419822	0.0011356968446556
cextraccion_autoservicio	0.000427141066797717	0.00047531161788423	0.0007571312297704
cinversion2	0.000418082260154023	0.00297135806295172	0.00081391607200318
Visa_mconsumototal_lag1	0.000417898193805179	0.000530329662759072	0.00105998372167856
Visa_mconsumosdolares_delta1	0.000398321996009499	0.000667072385641488	0.0012303382483769
matm_other	0.000398141143320227	0.00146571777780209	0.00090855747572448
Visa_fultimo_cierre_lag1	0.000377126051988109	0.0014813523805026	0.00083284435274744
cprestamos_personales_lag1	0.000360134638512459	0.000168153652328182	0.00062463326456058
Master_mpagospesos_delta1	0.000354613423642718	0.00100940531713078	0.00105998372167856
ctarjeta_visa	0.000349494427179445	0.000435500006390427	0.00026499593041964
Master_mpagominimo_delta1	0.000348701800723904	0.000394278861496923	0.00130605137135394
Master_mpagado_lag1	0.000326765586205545	0.00104868385782184	0.00068141810679336
ctarjeta_master_transacciones_delta1	0.000323367827886973	0.00100715657186491	0.0008517726334917
matm	0.000305806794308519	0.00060727639933066	0.00070034638753762
Master_msaldototal_delta1	0.000300406380430238	0.000239488801798774	0.00068141810679336
minversion2	0.000283887860693407	0.00143934340406127	0.0004732070186065
matm_other_delta1	0.000272445378404701	0.000367311901417953	0.00098427059870152
Master_mpagado	0.000271679460608369	0.000425655109227813	0.00070034638753762
cseguro_accidentes_personales	0.000271530967069376	0.000921747068693966	0.00049213529935076
mtarjeta_master_consumo_lag1	0.000268434556242953	0.000762154661908621	0.00054892014158354
Master_cconsumos_lag1	0.000266453350082568	0.000423932155886259	0.00062463326456058
tmobile_app_delta1	0.000264598149063105	0.00112071050074338	0.00058677670307206
ccuenta_debitos_automaticos_lag1	0.000263597392723758	0.000322649131534536	0.00030285249190816
tmobile_app_lag1	0.000257400701720553	0.00160346669858526	0.00054892014158354
cpagomiscuentas_lag1	0.000238842503664207	0.000685157829526655	0.0006624898260491
tcuentas_lag1	0.000238335631092094	0.00077621060432824	0.00041642217637372
Master_cconsumos_delta1	0.000234203194840053	0.00034365511834782	0.00070034638753762
Master_mpagominimo_lag1	0.000225208873201993	0.000252356146187539	0.0005678484223278
Master_msaldototal_lag1	0.00022359842320673	0.000355581774741705	0.00054892014158354
mttarjeta_master_debitos_automaticos	0.000220297862419852	0.000520196607644454	0.00060570498381632
ctransferencias_emitidas_lag1	0.000217934607915786	0.000467054800727537	0.0004732070186065
Master_mconsumospesos_delta1	0.000217430215664865	0.000402360985571272	0.0008517726334917
Visa_Fvencimiento_delta1	0.000214012439057259	0.00105683962701914	0.00043535045711798
ctarjeta_visa_debitos_automaticos_delta1	0.000210796301980667	0.000596078915287835	0.00068141810679336
ccajas_transacciones_lag1	0.000206257548550452	0.000809151810921799	0.00034070905339668
cpagomiscuentas_delta1	0.000205989510643293	0.000485326926435994	0.00052999186083928
mtarjeta_master_consumo_delta1	0.000198060604132922	0.000219413655086021	0.0006624898260491
internet_delta1	0.000197972820095388	0.000579624368340535	0.00052999186083928
ctarjeta_master_debitos_automaticos	0.000194029787627884	0.00111792140579634	0.00045427873786224
Visa_mpagosdolares	0.000183538197837945	0.000739006972159339	0.00051106358009502
ccaja_ahorro_lag1	0.000182942864232842	0.000354060060980303	0.00043535045711798
ccallcenter_transacciones_lag1	0.000177130590793304	0.000259600771073001	0.00041642217637372
Master_msaldopesos_lag1	0.000176202057279953	0.000178386470894238	0.00062463326456058
mplazo_fijo_dolares_delta1	0.000172484408132326	0.000727351775113999	0.0005678484223278
Visa_mfinanciacion_limite_delta1	0.000162629442859921	0.000387881155525376	0.00045427873786224
Master_fultimo_cierre_lag1	0.000159389633831694	0.000569536271004461	0.00035963733414094
matm_other_lag1	0.000154792136739881	0.000591952647556086	0.0004732070186065
cmobile_app_trx_delta1	0.000153857910126123	0.00023031655863705	0.00045427873786224
Master_mconsumototal_lag1	0.000149183948114293	0.000215024919561436	0.0004732070186065
catm_trx_other	0.000142026800752982	0.000577985336185598	0.0003785656148852
mprestamos_prendarios	0.000135482894186845	0.00111509677279578	0.00030285249190816
cpayroll_trx_delta1	0.000134926278559297	0.000585413217539794	0.00043535045711798
Visa_mlimitecompra_delta1	0.000129696360836425	0.000234429124950576	0.00026499593041964
Visa_madelantopesos	0.00012674306191932	0.000800805078208016	0.00034070905339668
cseguro_vivienda	0.000124229168267257	0.000347047932035314	0.00026499593041964
mcaja_ahorro_adicional	0.000121322063505612	0.000346403537209509	0.00026499593041964
matm_lag1	0.000116873681309609	5.46356896725539e-05	0.00030285249190816
Master_delinquency	0.000104946797943983	8.27343012628876e-05	0.00015142624595408
Visa_msaldodolares_delta1	0.000102835826808876	0.00017449441178024	0.00039749389562946
ccajas_consultas_lag1	0.000101329468958584	0.000293150406269529	0.00022713936893112
ccheques_depositados	0.000100274683980086	0.000805148427784738	0.00026499593041964
Master_mfinanciacion_limite_delta1	9.37494406556417e-05	0.000144997399192511	0.00022713936893112
cextraccion_autoservicio_lag1	9.32246284962761e-05	0.000206271854163475	0.0002839242111639
cmobile_app_trx_lag1	9.31033818674954e-05	0.000331918569131779	0.00017035452669834
active_quarter_lag1	9.11400925811206e-05	3.58480481034529e-05	0.00017035452669834
Visa_Finiciomora_lag1	9.10193440590093e-05	0.000148073367583596	0.00015142624595408
ctarjeta_visa_lag1	9.01597066740873e-05	0.000347263301203008	0.00015142624595408
Master_mpagado_delta1	8.97031879499279e-05	0.000253113577713684	0.0002839242111639
Master_mlimitecompra_delta1	8.70252948338272e-05	0.000184945596699226	0.00024606764967538
cliente_edad_delta1	8.61645416829228e-05	0.000185053067198413	0.00026499593041964
mforex_sell_lag1	8.08491631878056e-05	0.000236118681085211	0.00022713936893112
minversion1_pesos	8.07184213676251e-05	0.000448265018311838	0.00022713936893112
Visa_delinquency_lag1	7.2791562042212e-05	1.20058677179879e-05	0.00011356968446556
cseguro_vivienda_lag1	7.26476882709083e-05	0.000126632788911048	0.00017035452669834
mtarjeta_visa_descuentos	7.23068509031338e-05	0.00037153750443182	0.00020821108818686
Visa_status_lag1	7.18541914932507e-05	0.00031878747244222	0.00015142624595408
ccajas_extracciones	7.04231018040393e-05	0.00037853293477335	0.00020821108818686
Master_mconsumototal_delta1	6.85068090315877e-05	0.000174827955680108	0.0002839242111639
ccajas_extracciones_delta1	6.82957387513949e-05	0.000139006454074462	0.00022713936893112
thomebanking_lag1	6.64254438145245e-05	0.000127135031522789	0.00015142624595408
cdescubierto_preacordado_lag1	6.6012059825009e-05	0.000104031015044093	0.00022713936893112
cforex	6.57032965475278e-05	0.000400105817765614	0.00017035452669834
ccajas_otras_delta1	6.42307435717506e-05	9.29332944527047e-05	0.0002839242111639
ctarjeta_master_transacciones_lag1	5.78719229853246e-05	7.85245405138413e-05	0.00013249796520982
tcallcenter_lag1	5.44939720219616e-05	0.000133732264397209	9.46414037213e-05
Visa_mpagosdolares_delta1	5.41310359026557e-05	0.000142481048101976	0.00020821108818686
mttarjeta_master_debitos_automaticos_lag1	5.296098157541e-05	6.4001465366679e-05	0.00017035452669834
catm_trx_other_delta1	5.21062342281446e-05	7.98180400279655e-05	0.00020821108818686
mttarjeta_master_debitos_automaticos_delta1	5.01377039933348e-05	9.39146585329339e-05	0.00017035452669834
Master_mconsumosdolares	4.97332788810037e-05	9.49628170270008e-05	5.678484223278e-05
ccajas_transacciones_delta1	4.96353404398492e-05	6.56293651193106e-05	0.00011356968446556
catm_trx_lag1	4.77886848813599e-05	7.16734032329738e-05	0.0001892828074426
ccajeros_propios_descuentos_lag1	4.76230958425567e-05	0.000337088713664401	0.00013249796520982
Visa_mpagosdolares_lag1	4.43066699444882e-05	7.03011205640668e-05	0.00013249796520982
cprestamos_prendarios	4.39336991502777e-05	0.000404892750757308	0.00011356968446556
Visa_Finiciomora	4.16073379933627e-05	7.68032998495649e-05	0.00017035452669834
Visa_msaldodolares_lag1	3.94424612931801e-05	2.1682922507369e-05	9.46414037213e-05
mcheques_emitidos	3.84191061588444e-05	0.000163263102361176	7.571312297704e-05
active_quarter_delta1	3.83686014174951e-05	0.00030386491531999	9.46414037213e-05
catm_trx_other_lag1	3.65541733076974e-05	3.77773790569926e-05	0.00011356968446556
ccajas_otras_lag1	3.46293377153466e-05	8.56582695455601e-05	0.00011356968446556
mtarjeta_visa_descuentos_lag1	3.333288437492e-05	3.03619146130614e-05	0.00011356968446556
cseguro_accidentes_personales_lag1	3.22502816619528e-05	6.39663554824823e-05	9.46414037213e-05
Visa_delinquency	3.1334437631693e-05	0.000103683769726001	0.00011356968446556
ccheques_depositados_lag1	3.10134336777301e-05	4.80675723118572e-05	0.00011356968446556
mtarjeta_visa_descuentos_delta1	3.04894870865466e-05	2.74824759396138e-05	7.571312297704e-05
Master_msaldodolares	3.03586743094952e-05	4.82092963566024e-05	9.46414037213e-05
Master_mpagosdolares_lag1	2.84356381693047e-05	3.00403594541381e-05	9.46414037213e-05
mplazo_fijo_dolares_lag1	2.58553906872213e-05	5.56521636369798e-05	7.571312297704e-05
cforex_sell_lag1	2.52713293645794e-05	8.25103687088038e-05	5.678484223278e-05
ccheques_emitidos	2.52565129360768e-05	0.000268984958047863	7.571312297704e-05
mcaja_ahorro_adicional_lag1	2.38298456382463e-05	2.07174006919602e-05	3.785656148852e-05
minversion1_dolares	2.30423201541862e-05	0.000184002767857749	7.571312297704e-05
mcheques_depositados	2.2995842523386e-05	0.000129743439017011	0.00011356968446556
cforex_sell	2.2681607819693e-05	2.39389466516656e-05	3.785656148852e-05
mforex_sell	2.21796972985371e-05	7.01966472501157e-05	7.571312297704e-05
ccuenta_debitos_automaticos_delta1	2.20371060330589e-05	4.14159619338636e-05	5.678484223278e-05
Visa_cadelantosefectivo	2.18781239064736e-05	0.00013429916057619	5.678484223278e-05
ccaja_seguridad_lag1	2.09888466216808e-05	4.82332738384928e-06	1.892828074426e-05
cprestamos_personales_delta1	2.07168321365337e-05	3.24980513479059e-06	5.678484223278e-05
cplazo_fijo_delta1	1.83381738289746e-05	7.07100222641624e-05	7.571312297704e-05
cplazo_fijo_lag1	1.81471838150326e-05	2.54221251743158e-05	5.678484223278e-05
Master_mpagosdolares	1.46378439682122e-05	1.60760452688864e-05	3.785656148852e-05
cseguro_vida	1.4626578200401e-05	6.44364853952623e-05	3.785656148852e-05
ctarjeta_master_lag1	1.37724363635055e-05	3.59165551945684e-05	1.892828074426e-05
mtarjeta_master_descuentos_lag1	1.19284694189584e-05	3.05408893886005e-05	3.785656148852e-05
ctarjeta_master_debitos_automaticos_lag1	1.18807818238484e-05	1.08057091155086e-05	1.892828074426e-05
ccajas_depositos_delta1	1.17310135261822e-05	8.69821690813668e-05	3.785656148852e-05
mtarjeta_master_descuentos	1.08585746766052e-05	4.53589731968789e-05	3.785656148852e-05
mcheques_emitidos_delta1	1.08496196729969e-05	3.62804991161194e-05	3.785656148852e-05
cinversion1	1.07152241902156e-05	4.63900049181669e-05	3.785656148852e-05
mpagodeservicios_lag1	1.0523930804838e-05	2.7403692784831e-05	3.785656148852e-05
ctarjeta_visa_descuentos_lag1	1.00753559048586e-05	4.16009310798754e-06	1.892828074426e-05
minversion2_lag1	9.84540282163831e-06	3.6347293529957e-06	1.892828074426e-05
mtarjeta_master_descuentos_delta1	9.29169906687175e-06	1.95429322486491e-05	1.892828074426e-05
cseguro_accidentes_personales_delta1	8.9956564371627e-06	1.13507686591961e-06	1.892828074426e-05
ccajas_depositos	8.64627043912486e-06	7.83507037701358e-06	5.678484223278e-05
ccajas_depositos_lag1	8.52381754353873e-06	1.14642335288561e-05	1.892828074426e-05
cforex_sell_delta1	8.3315599898607e-06	6.70042168041344e-06	1.892828074426e-05
mcaja_ahorro_adicional_delta1	7.60095212842061e-06	1.39317733169718e-05	1.892828074426e-05
ccajeros_propios_descuentos_delta1	7.22561528351238e-06	4.75143775510997e-05	1.892828074426e-05
ccajas_extracciones_lag1	6.16148336593515e-06	2.33990251398117e-05	1.892828074426e-05
mforex_sell_delta1	5.71611296980307e-06	5.26220093630782e-06	1.892828074426e-05
mcheques_depositados_lag1	5.10053271074872e-06	7.74387031196609e-06	1.892828074426e-05
Master_status_lag1	4.82230817886031e-06	1.58919324615135e-05	1.892828074426e-05
ccajeros_propios_descuentos	3.91312493874019e-06	4.45518740296747e-05	1.892828074426e-05
ccheques_depositados_delta1	3.79999679720634e-06	2.82763018579145e-06	1.892828074426e-05
minversion1_pesos_lag1	3.28956757796582e-06	5.21424597252699e-06	1.892828074426e-05
minversion1_dolares_delta1	2.74941077517778e-06	5.07038108118448e-05	1.892828074426e-05
Master_mconsumosdolares_lag1	2.54138477363987e-06	2.7252977184377e-06	1.892828074426e-05
ctarjeta_master_descuentos_lag1	2.52784310381056e-06	4.3758048111374e-05	1.892828074426e-05
