Feature	Gain	Cover	Frequency
ctrx_quarter	0.0569056491330687	0.0132754104601749	0.0130380081666767
mpasivos_margen	0.0444725566924152	0.0112112554301767	0.016736796946721
mtarjeta_visa_consumo	0.0364926654306707	0.00556528604060321	0.00465349417729735
mcuentas_saldo	0.0330240977982903	0.00964652262335516	0.0182683266759581
cpayroll_trx	0.0303573585751701	0.00612740061106581	0.000804664386043296
numero_de_cliente	0.0277416504461907	0.0163367245664983	0.0358798071472869
Visa_Fvencimiento	0.01876916171564	0.00771147179034478	0.0240332357511053
Master_mfinanciacion_limite	0.018361274897446	0.00575839086858539	0.0190974421897541
Master_fechaalta	0.0175324654973577	0.00949344530993609	0.0216348024015453
Visa_fechaalta	0.0166813925369232	0.00748910887825104	0.0212647012405613
mcaja_ahorro	0.0165189374726824	0.00852728095411795	0.0131769350289079
mrentabilidad_annual	0.0145983818936393	0.0151458622713311	0.0284566670445477
Visa_mfinanciacion_limite	0.0144941449897695	0.00612700870187381	0.0209401680903891
mactivos_margen	0.0143176243998311	0.0128578748821989	0.0222772002125025
mcomisiones_otras	0.0139744139452029	0.00519552250313629	0.0138671236804727
cliente_antiguedad	0.0136274481866986	0.0132666466493248	0.0308928885006346
cliente_edad	0.0135780197742837	0.0151237028324663	0.0347772835686199
mpayroll	0.0128888852096088	0.00771003113933037	0.00131035816456498
Visa_msaldototal	0.0115105303918507	0.0052712478373369	0.00808443196695986
Master_Fvencimiento	0.0114160688651449	0.00983636066021411	0.0201877402045448
active_quarter_lag1	0.0113332909753097	0.000648996051580791	0.00151263567597366
cprestamos_personales	0.0112749061513425	0.00757426061513731	0.00273630347850635
mrentabilidad_annual_delta1	0.010414449213658	0.0091107876673713	0.00858790291568584
mrentabilidad	0.00986821162779021	0.0110121102345034	0.0252446779897616
cliente_antiguedad_lag1	0.00984792370279452	0.00590960663694574	0.00784992342351354
Visa_msaldopesos	0.00973079857385739	0.00454667562441104	0.00689077236666911
mcomisiones	0.00963141945270552	0.00560213721188841	0.0178982255149741
chomebanking_transacciones	0.00908767464938138	0.00749358510246259	0.0124389555367356
cproductos	0.00907190177646827	0.00520812326642265	0.0125523198563163
Visa_mconsumototal	0.00883091457260703	0.00350522835464613	0.00642397810957217
Visa_mlimitecompra	0.00865129167022524	0.00626864171928979	0.0155431373464302
Visa_mpagospesos	0.00836599827293267	0.00587794885253711	0.0081366684671588
cdescubierto_preacordado	0.00775167194930208	0.00534224278699235	0.00170602186819953
mcuenta_corriente	0.0076139455531879	0.0126368853045082	0.0265494790798374
mprestamos_personales	0.00738466616192881	0.0143918971522445	0.0031408585013237
ctarjeta_visa_transacciones	0.00726128741446542	0.00608020873966896	0.00544815582926
ctarjeta_debito_transacciones	0.00724179543278764	0.00536560023494831	0.00371990566310347
Master_status	0.00720388052548069	0.00186742275246987	0.00107473820622081
mtransferencias_recibidas	0.00686330694310598	0.00761991364579206	0.0077532303274006
mpasivos_margen_lag1	0.00642689473320531	0.00751324495186502	0.00436452630385639
mtransferencias_emitidas	0.00633636449102631	0.00437143868330076	0.00412446068592082
Visa_mpagominimo	0.00619648052082424	0.00582520680678198	0.00750205056048653
Visa_mconsumospesos	0.00610441149380833	0.00522411657921427	0.00899468076829889
ctarjeta_debito	0.00593096887177927	0.00423699702489364	0.00685187284524437
Master_msaldototal	0.00546820584850642	0.00377770097807382	0.00392440600430784
mrentabilidad_lag1	0.00513211319460925	0.00617843830973973	0.00560486532985683
mautoservicio	0.00507747964784099	0.0047247389190679	0.00420448255856601
mcaja_ahorro_delta1	0.00498575458299824	0.00698639984835284	0.00349651126863565
mcaja_ahorro_dolares	0.0048465271654835	0.00591265882686603	0.00998717427207881
mcomisiones_delta1	0.00475771308861754	0.00467635451454549	0.0039166261000229
Master_mlimitecompra	0.00469402044896527	0.00517287834690416	0.0143939343420535
mrentabilidad_annual_lag1	0.0046903556020034	0.0099335693403564	0.0081188858287932
Visa_Fvencimiento_lag1	0.00455297257095285	0.00534839380695359	0.00526254954131907
mcomisiones_lag1	0.00451345739022909	0.00335381743420197	0.00444565959139943
mcomisiones_mantenimiento	0.0041317394245082	0.0053679965363702	0.00726976484683591
mttarjeta_visa_debitos_automaticos	0.00403805173778073	0.00555787224409582	0.0050224839233835
mrentabilidad_delta1	0.00399111416109176	0.00666112031730183	0.00594495828859888
mprestamos_personales_lag1	0.00383948222813775	0.00394929602441841	0.000920251535419681
cliente_edad_lag1	0.00377030071304149	0.00916270718533053	0.00988603551637448
mcomisiones_otras_lag1	0.00374037169925504	0.00358806309719826	0.0034598345770066
mcaja_ahorro_lag1	0.00372304055181995	0.00596552379860718	0.00364766369474323
matm	0.0035883905006597	0.0018269257210646	0.00161488584657584
ccomisiones_mantenimiento_delta1	0.0035808369333456	0.00217727271194474	0.000677963087688413
mcuentas_saldo_delta1	0.00351277813892939	0.00738217205083683	0.00569933559617407
Master_Fvencimiento_lag1	0.00350889858415649	0.00558099885177848	0.0054325960206901
chomebanking_transacciones_delta1	0.00349240522929422	0.00786112605879509	0.00401776485572723
mcuenta_corriente_lag1	0.00343933812932514	0.0055536826583586	0.00643064659895927
ccomisiones_otras	0.00341306209516978	0.00583761685540493	0.0102250170602187
mpagomiscuentas	0.00337301017812541	0.00515986074934107	0.00254736294587187
mpasivos_margen_delta1	0.00334879876035938	0.00756527682153191	0.0042689446226413
Master_mpagominimo	0.00331941982473159	0.00418074733994282	0.00237509363670514
mpayroll_lag1	0.00331213062482848	0.00194488453423959	0.000392329458940999
ctrx_quarter_lag1	0.00326025618870095	0.00548491340547317	0.00392218317451214
mcuenta_debitos_automaticos	0.00315343112589757	0.00606673125541007	0.00419670265428106
Master_fultimo_cierre	0.00310234708553882	0.00265872668701818	0.00475241010320599
Master_mfinanciacion_limite_lag1	0.00309280199312945	0.00330522796420978	0.0039144032702272
Master_mpagospesos	0.00305162720536755	0.00527927777438561	0.00241732740282344
mactivos_margen_delta1	0.00298626468977225	0.00902555492395968	0.00634395623692698
ctransferencias_recibidas	0.00295022611644455	0.00330593341963803	0.00515474229622764
ccomisiones_otras_lag1	0.00288441872332175	0.00360061363266238	0.00243177579649549
Visa_fechaalta_lag1	0.00287466228266643	0.00538443179734966	0.00488022281645872
mactivos_margen_lag1	0.00283656134036629	0.00844556075938841	0.0050758318384803
ctarjeta_visa_transacciones_lag1	0.00283581960989368	0.00363215141789418	0.00129146411130153
Visa_mpagominimo_delta1	0.00270822453800494	0.00514164985931461	0.00198276417776414
ccuenta_debitos_automaticos	0.00263789861993753	0.0029181425314049	0.0027151865954472
cextraccion_autoservicio	0.00262418093147204	0.00192610216111528	0.00167379083616188
thomebanking	0.0025850390369315	0.00647499904487595	0.0015715406655597
ccallcenter_transacciones	0.00253343657975577	0.00361728653166552	0.00171824743207588
Visa_mconsumosdolares	0.00252682959039848	0.00349666035677226	0.00298414900072687
cpagomiscuentas	0.00250315436106214	0.00207803716923104	0.00187273410287701
mcaja_ahorro_dolares_delta1	0.00249977205167853	0.00433968403094922	0.00254069445648477
Visa_msaldototal_delta1	0.00249101255884109	0.00292458453284765	0.00176270402798987
ccallcenter_transacciones_delta1	0.00246918113864362	0.00149712445863978	0.000807998630736846
mcaja_ahorro_dolares_lag1	0.00246153009489484	0.00320476420018102	0.00240287900915139
ctransferencias_emitidas	0.00242571993647339	0.00264961845681557	0.00243955570078044
ctrx_quarter_delta1	0.00241248520232444	0.00978830585217189	0.00549594666986754
Visa_fultimo_cierre	0.0024049854923332	0.00180792128809456	0.0046701654007651
ctarjeta_visa_debitos_automaticos	0.00237906397178773	0.00207093927928989	0.00288301024502253
mcuentas_saldo_lag1	0.00237521391067176	0.00618870300722563	0.00536924537151266
mextraccion_autoservicio	0.00234269161891035	0.00397718540037374	0.00259737661627512
Visa_mpagado	0.00233789993661104	0.0034616029418684	0.0030808420968398
Visa_cconsumos	0.00225119889736633	0.00442434160914819	0.00615834994898606
Master_msaldopesos	0.00220029335423749	0.00424188120854114	0.00287523034073758
ccomisiones_mantenimiento	0.00218408483777208	0.00371019393525533	0.00343982910884531
Visa_msaldototal_lag1	0.00216494158621037	0.00378091329278082	0.00156598359107045
catm_trx	0.00215030084917266	0.00263425233090964	0.00115364866396815
Visa_mpagospesos_delta1	0.00207387262126771	0.0077850333628344	0.00239843334955999
mtransferencias_recibidas_delta1	0.00205820003085715	0.00667954656383682	0.00253291455219982
Visa_mpagospesos_lag1	0.00204385389842146	0.00479239249117234	0.00194942173082865
chomebanking_transacciones_lag1	0.00203511873048218	0.0056864938008067	0.00357653314128084
mttarjeta_visa_debitos_automaticos_lag1	0.00202759170759691	0.00185893425051016	0.00130924674966713
mtransferencias_recibidas_lag1	0.00200674488280079	0.00467324435492057	0.00207945727387708
Visa_cconsumos_lag1	0.00198999507517935	0.00349480003908514	0.00142261106924782
ctarjeta_debito_transacciones_delta1	0.0019625672234146	0.00236712972585683	0.00102805878051112
Visa_mpagominimo_lag1	0.00196052027294915	0.00317080131750142	0.00189607381573186
Master_mlimitecompra_lag1	0.00195524616149776	0.00277675385534977	0.00256736841403317
Master_mconsumototal	0.00193576971278069	0.00169566786457817	0.00147040190985536
ccaja_ahorro	0.00186367077504905	0.00399233985188591	0.00166156527228554
mcomisiones_mantenimiento_lag1	0.00185930914511685	0.00152804261004187	0.0015626493463769
Master_fechaalta_lag1	0.00184372349794694	0.00573005623998022	0.00431895829304454
mtarjeta_master_consumo	0.00177107593286227	0.00310017892233204	0.00108918659989286
internet	0.0017697622059049	0.00402306398416259	0.00289523580889888
Master_mconsumospesos	0.00172143012971289	0.00251462854095772	0.00195164456062435
Visa_msaldopesos_delta1	0.00169313511026764	0.00376884766351042	0.00167601366595758
mcuenta_debitos_automaticos_lag1	0.00162575599565617	0.00182777383483761	0.000952482567457327
ccajas_consultas	0.00158553513364479	0.00243159770218979	0.0011458687596832
mautoservicio_delta1	0.00157975091322958	0.00401514082844276	0.0011680970576402
cmobile_app_trx	0.00155865366477733	0.00205207712701182	0.00417558577122191
Visa_mpagado_delta1	0.00155465354725228	0.00166900161162511	0.000806887215838996
Visa_mconsumospesos_delta1	0.00151988189937753	0.00323073009601862	0.00176826110247912
Visa_status	0.00151359213622473	0.0102026473371884	0.00112364046172621
mtransferencias_emitidas_delta1	0.00150253120532942	0.00388978039806314	0.00114920300437675
Visa_mconsumospesos_lag1	0.00149891850639428	0.00281650152918893	0.00180271496431247
mtarjeta_visa_consumo_delta1	0.00149338499044497	0.0040841073105024	0.00136481749455962
mcuenta_corriente_delta1	0.00149107855368327	0.00814458790660326	0.00573712370270096
ctransferencias_recibidas_delta1	0.00144412510245629	0.00294950555780403	0.00128590703681228
ctarjeta_debito_lag1	0.00139080534698102	0.00180399096100375	0.00208501434836633
mcomisiones_otras_delta1	0.00136555669699616	0.00471901389146376	0.00265961585055471
mautoservicio_lag1	0.00135444104831074	0.0025292253881124	0.00103917292948962
Visa_mconsumototal_delta1	0.0013437685732994	0.00221086908258307	0.0011658742278445
ctarjeta_visa_transacciones_delta1	0.00133886891082586	0.00510773682680446	0.0011280861213176
Visa_mfinanciacion_limite_lag1	0.00131529484903574	0.00376181114214908	0.00377769923779166
matm_other	0.00130317678640694	0.00284440336768662	0.00114475734478535
Visa_msaldodolares	0.00128572442808967	0.00330662291923553	0.00134592344129618
catm_trx_other	0.00127628904252504	0.00145483848592636	0.000766876279516401
Master_fultimo_cierre_lag1	0.00127613629152342	0.000959410035510747	0.00093469992909173
mttarjeta_visa_debitos_automaticos_delta1	0.00124952922342529	0.00377471365002173	0.0011903253555972
cproductos_lag1	0.00124889115569647	0.0027254381098027	0.00282855091502789
cseguro_accidentes_personales	0.00124538399445489	0.000578618469838261	0.00135703759027468
ctarjeta_master_transacciones	0.00121664921219566	0.00135077767340177	0.000726865343193806
ccomisiones_otras_delta1	0.00120976930057905	0.0023920883272667	0.00133925495190908
mprestamos_personales_delta1	0.00117004161632743	0.00262837425950877	0.000979156525005724
ctarjeta_debito_transacciones_lag1	0.00113414917399709	0.00396112920839111	0.00108807518499501
cpayroll_trx_lag1	0.0011144796557984	0.00116639955188217	0.000243399862629119
Visa_mpagosdolares	0.00107780745818663	0.00129672139590666	0.00131369240925853
cseguro_vivienda	0.00107156746332793	0.000593297362063487	0.00105250990826381
active_quarter	0.00105568575302517	0.00141546723751445	0.00577157756453431
Master_mpagado	0.00104916847957655	0.00116754280131749	0.00085134381175299
ctransferencias_recibidas_lag1	0.00104628095239539	0.00183555603165027	0.00123700478130689
cextraccion_autoservicio_lag1	0.00104567129035126	0.0010057150837227	0.000392329458940999
cextraccion_autoservicio_delta1	0.00104428941269585	0.00147182521440535	0.000589049895860424
Master_cconsumos	0.00104239094522232	0.00131492454405073	0.0011347546107047
ccaja_seguridad	0.00102792648359641	0.002676622425784	0.000414557756897997
ccallcenter_transacciones_lag1	0.00102648119157189	0.000700492503992113	0.000367878331188303
mplazo_fijo_dolares	0.00102243089323929	0.00395801140129702	0.00093025426950033
Visa_status_lag1	0.000998145689893895	0.00144499647633558	0.00015226384100543
mextraccion_autoservicio_lag1	0.000956156643031474	0.00245435166097318	0.000605721119328172
mtransferencias_emitidas_lag1	0.000936531059062554	0.00417273024308927	0.000890243333177735
ccajas_consultas_delta1	0.000933849219786457	0.00196723563189981	0.000555707448924928
Visa_mconsumototal_lag1	0.000925531942163471	0.00258799911554432	0.00134258919660263
mtarjeta_visa_consumo_lag1	0.000911123844385896	0.00237975050474153	0.00108362952540361
Visa_msaldopesos_lag1	0.000904690294229533	0.00415155978249145	0.0015293068994414
tmobile_app	0.000868464637773544	0.00314555702174922	0.000442343129344243
ctransferencias_emitidas_delta1	0.000856568784555869	0.00226641312327924	0.000659069034424965
Master_mpagado_delta1	0.000845241352905141	0.000362132212947401	0.000263405330790416
Master_mpagospesos_lag1	0.000826223275872325	0.00325625744254356	0.000626838002387319
Visa_mpagosdolares_delta1	0.000818523040775838	0.000690056918614745	0.000265628160586116
mcomisiones_mantenimiento_delta1	0.000804806906351834	0.001487411039827	0.000797995896656197
Master_mpagospesos_delta1	0.000799311685069708	0.00278135451615854	0.000585715651166875
mcuenta_debitos_automaticos_delta1	0.000778136429816958	0.0026927519768228	0.000566821597903427
cpagomiscuentas_delta1	0.000767776834856142	0.00091416364250716	0.000454568693220591
cprestamos_personales_lag1	0.000760003406344874	0.00114329107153386	0.000502359533828135
ctarjeta_visa	0.000758371277307379	0.000454912441957197	0.000790215992371248
Visa_mpagado_lag1	0.000757050453044553	0.00154356234622373	0.000556818863822778
ccaja_ahorro_lag1	0.000749786720235136	0.000557299780516889	0.000507916608317385
Visa_cconsumos_delta1	0.000738426915746853	0.00291488584249403	0.00110696923825846
mextraccion_autoservicio_delta1	0.000737018369987364	0.00382813773673157	0.000846898152161591
mpayroll_delta1	0.000734284435409915	0.00187535516068327	0.000414557756897997
cproductos_delta1	0.000712016798029379	0.00146814961412736	0.000396775118532399
cprestamos_personales_delta1	0.000706040906697938	0.000371972051034587	0.000257848256301167
Visa_Finiciomora	0.000703153384940277	0.000612726371192623	0.000413446342000147
internet_lag1	0.000702989793451284	0.00441386986351533	0.00103139302520467
thomebanking_delta1	0.000702797287497311	0.00195565462558354	0.00092914285460248
tcallcenter	0.000700757802987721	0.00109479743093938	0.000839118247876642
ccuenta_debitos_automaticos_lag1	0.000682162341176134	0.00116144937340807	0.000514585097704484
catm_trx_delta1	0.000660011179677766	0.00148622568210462	0.000471239916688339
Master_mfinanciacion_limite_delta1	0.000657657746476168	0.000883236899503895	0.000562375938312028
Visa_mconsumosdolares_lag1	0.000653660570213045	0.0028239538462818	0.000705748460134659
Master_msaldopesos_lag1	0.000645785159835632	0.00129685848387264	0.000606832534226022
thomebanking_lag1	0.000641072309937574	0.000739984318060053	0.00077465618380135
Master_cconsumos_lag1	0.00063916936044752	0.000727549155525983	0.000264516745688266
cseguro_accidentes_personales_lag1	0.000637770137372254	0.00040103743780553	0.000305639096908711
ccajas_otras	0.000605056187003572	0.00318581745367602	0.000606832534226022
cpagomiscuentas_lag1	0.000600204533029495	0.00240052527961937	0.000534590565865781
mtarjeta_visa_descuentos	0.0005924247924449	0.000813652860704944	0.000351207107720555
cmobile_app_trx_lag1	0.0005851458006517	0.000762128084333708	0.000883574843790636
ccajas_transacciones	0.000563224024060352	0.00136102226087612	0.000861346545833639
matm_other_delta1	0.000563043542263527	0.00162693014570143	0.000409000682408747
Visa_mfinanciacion_limite_delta1	0.00056245825684226	0.000900926345428337	0.000492356799747487
ctarjeta_visa_debitos_automaticos_delta1	0.000557121977622768	0.00192417669832035	0.000522365001989433
ctransferencias_emitidas_lag1	0.000550139585960186	0.00146018859871444	0.000564598768107727
mttarjeta_master_debitos_automaticos	0.000547925286616187	0.0015056070125679	0.00062461517259162
Master_mpagominimo_delta1	0.000538888486516223	0.0012504825313477	0.000367878331188303
Master_mconsumospesos_delta1	0.000537928091471944	0.000867010669348589	0.000300082022419461
Master_mconsumototal_lag1	0.000534776025439552	0.000888334740222345	0.000342315788537756
tmobile_app_delta1	0.000532584487233163	0.000678664738697894	0.00023117429875277
cseguro_vida	0.000531965373161346	0.000587017468084642	0.000865792205425039
mcaja_ahorro_adicional	0.000531678129559233	0.00296001157542838	0.000740202321968005
ccajas_extracciones	0.000524151380372574	0.00155148984495075	0.000433451810161444
mplazo_fijo_dolares_delta1	0.000505204434317288	0.000826215575471825	0.000321198905478609
ccomisiones_mantenimiento_lag1	0.0004868030484271	0.000581833711354454	0.000640174981161518
mpagomiscuentas_delta1	0.000478400838218187	0.0024873901440144	0.000765764864618551
cliente_edad_delta1	0.000471582323462717	0.00101942586299808	0.000650177715242166
tcallcenter_delta1	0.000461960352859466	0.00141810873001599	0.000424560490978645
Master_mconsumospesos_lag1	0.000456969344018703	0.00133294972331335	0.000401220778123798
ctarjeta_master	0.000453772597683031	0.000135989657229596	0.000736868077274455
internet_delta1	0.000442674711604221	0.000735722789464652	0.000770210524209951
Visa_madelantopesos	0.000442572610824858	0.000366714652008624	0.000473462746484039
Visa_mlimitecompra_delta1	0.000437420637828526	0.000978869256863791	0.000414557756897997
mcaja_ahorro_adicional_delta1	0.000434988504084812	0.00020565762936309	0.000133369787741983
Master_msaldototal_lag1	0.000429549428611935	0.00127626857003984	0.000556818863822778
Visa_mlimitecompra_lag1	0.000425083456151715	0.00285481327267367	0.00277964865952249
cdescubierto_preacordado_lag1	0.000414491747013153	0.000894961602710131	0.000726865343193806
Visa_msaldodolares_lag1	0.000414085298030065	0.000451901038539183	0.000253402596709767
mplazo_fijo_dolares_lag1	0.000412853425731653	0.000470855526926567	0.000215614490182872
ccajas_otras_delta1	0.000384888477004367	0.000986687236279144	0.000264516745688266
Master_mpagosdolares	0.000381804520816218	0.000409705324844691	0.000292302118134512
Master_mpagado_lag1	0.000381090696412348	0.000605244219528646	0.000208946000795773
matm_lag1	0.000379878056951318	0.00135560048846946	0.000410112097306597
mttarjeta_master_debitos_automaticos_delta1	0.000378570064564026	0.000410705915935239	0.000210057415693623
mcheques_depositados	0.000376001137143314	0.000693583251623988	0.000195609022021575
Visa_mconsumosdolares_delta1	0.000372475273480565	0.00205276549365092	0.000501248118930285
Master_msaldototal_delta1	0.000372470524228533	0.000797010551578508	0.000452345863424892
cseguro_auto	0.000370107760347916	0.000253514169685915	0.00023673137324202
ccajas_transacciones_delta1	0.000369179424933939	0.000461537982660188	0.000216725905080722
Master_mpagominimo_lag1	0.00036745888112728	0.00247769060394199	0.000495691044441036
tcuentas	0.000364613236314338	0.00131261009887299	0.000973599450516475
matm_delta1	0.000350389652371586	0.00224523784760823	0.00061794668320452
Visa_fultimo_cierre_lag1	0.000348406158583203	0.00153179600679642	0.000769099109312101
mforex_sell	0.000347278886221794	0.000857920755306716	0.000264516745688266
mtarjeta_master_descuentos	0.000345657412775131	0.000182427261573949	0.000180049213451677
Visa_msaldodolares_delta1	0.000345258113074673	0.000563415962007433	0.000242288447731269
cforex_sell	0.000345126941194054	0.000404068762408684	0.000251179766914068
minversion1_pesos	0.000339623948178305	0.001390765062355	0.000280076554258164
mpagomiscuentas_lag1	0.000339534108449202	0.0023951036960391	0.000611278193817421
Master_mlimitecompra_delta1	0.000333750094250917	0.000960509949287392	0.000504582363623835
cmobile_app_trx_delta1	0.000326462309836588	0.00138126822742237	0.000606832534226022
Visa_delinquency	0.000325435450922912	0.000314585064680033	0.000905803141747633
mtarjeta_master_consumo_delta1	0.000323907792432574	0.00164723191044871	0.000274519479768915
catm_trx_other_delta1	0.000320674926009465	0.000726587651500116	0.000291190703236662
ctarjeta_visa_debitos_automaticos_lag1	0.000320071942815657	0.00186526767677324	0.000662403279118515
ctarjeta_master_transacciones_delta1	0.000316258468669736	0.000822793191395464	0.000218948734876422
ctarjeta_master_debitos_automaticos	0.000312370977818685	0.00105510734915204	0.000362321256699053
Visa_status_delta1	0.000306974457178829	0.000240989220198919	0.000107807245091436
mprestamos_prendarios	0.000297399773348331	0.00241401050576063	0.000586827066064724
Master_msaldopesos_delta1	0.000296026845918728	0.00180354495304831	0.000422337661182946
ccuenta_debitos_automaticos_delta1	0.00029096844465226	0.000224038274322624	0.000185606287940926
catm_trx_lag1	0.000287139991946775	0.000603916864353894	0.00030675051180656
cplazo_fijo	0.00028510724478034	0.00119923797335321	0.0003856609695539
minversion2	0.000283206841345158	0.00125191336338933	0.000258959671199017
cseguro_vivienda_delta1	0.000276353557217583	2.12282414760483e-05	5.22365001989433e-05
Master_delinquency	0.000275223621188225	0.000115159745043132	0.000656846204629265
ccajas_transacciones_lag1	0.000275045420746454	0.000777683036639062	0.000208946000795773
ccajas_consultas_lag1	0.000274012943168966	0.000672082628066771	0.000294524947930212
Master_cconsumos_delta1	0.000263854087503467	0.000879562432184303	0.000258959671199017
mtarjeta_visa_descuentos_delta1	0.000258634923315289	0.000111825259655703	0.000118921394069935
matm_other_lag1	0.000254647141688354	0.00118473799414144	0.000251179766914068
cseguro_vivienda_lag1	0.000253933540767213	0.000377300448786734	0.000263405330790416
foto_mes	0.000248807855853257	0.000433305697963503	0.000533479150967931
ctarjeta_visa_descuentos_lag1	0.000247051707272709	5.6281030133128e-05	0.000100027340806487
Master_mconsumosdolares	0.000246740297689687	0.00023678273449895	0.000332313054457107
ctarjeta_master_transacciones_lag1	0.000243883578802638	0.000735114862871706	0.000184494873043076
Master_msaldodolares	0.000237993822518903	0.000279063892139182	0.00038677238445175
ccajas_depositos	0.000235733669185922	0.000722054496129144	0.000380103895064651
Visa_madelantodolares	0.000234577283110626	5.29235079249694e-05	0.000294524947930212
cpayroll_trx_delta1	0.000232406912888279	0.000420041965188761	0.000216725905080722
ccajeros_propios_descuentos	0.000228068859917107	5.07104625237197e-05	0.000142261106924782
ccheques_depositados	0.0002256181799788	0.000818211979705838	0.000185606287940926
minversion2_delta1	0.000225004856722614	3.95550709117466e-05	9.00246067258384e-05
Visa_Finiciomora_lag1	0.000224902910511354	0.000234607265551186	9.22474365215381e-05
mtarjeta_master_descuentos_delta1	0.000218349616753027	5.55914361224315e-05	5.77935746881926e-05
tcallcenter_lag1	0.000216224966075057	0.000205310944093748	0.000187829117736626
ccajas_otras_lag1	0.000212666467092754	4.64845277046099e-05	0.000114475734478535
ccajas_extracciones_delta1	0.000211694140915284	0.000272224977604842	0.00015226384100543
mcajeros_propios_descuentos	0.000208301550044772	3.94720817091998e-05	0.000123367053661334
ccajeros_propios_descuentos_delta1	0.000206427981820336	5.32323335012273e-05	6.55734789731416e-05
mforex_sell_delta1	0.000203091136621864	3.84431666587382e-05	8.66903620322888e-05
minversion2_lag1	0.000196784984305284	2.97239188389342e-05	7.0019138564541e-05
ctarjeta_visa_descuentos	0.000195858219891702	7.45243038870812e-05	0.00015226384100543
ccheques_emitidos	0.000189164243589226	0.000249736508739038	0.000125589883457034
mtarjeta_master_consumo_lag1	0.00018823317817654	0.00144676757354898	0.000305639096908711
cprestamos_prendarios	0.000188210757971816	0.000792868078027943	0.000302304852215161
Master_msaldodolares_lag1	0.000182149574997497	6.2903738440127e-05	0.000114475734478535
mcajeros_propios_descuentos_delta1	0.000180272899676982	2.69849919152887e-05	6.77963087688413e-05
Master_status_delta1	0.000176761240204605	0.000311192326348381	9.89159259086373e-05
cplazo_fijo_delta1	0.000172165206322161	0.000384788454069094	0.000126701298354884
ccajas_depositos_delta1	0.000167881749207484	0.000128032795997466	0.000131146957946283
Master_madelantodolares	0.000167816880688132	3.68046255777362e-05	0.000100027340806487
Visa_delinquency_delta1	0.000166927898565258	8.15843341351463e-05	8.11332875430396e-05
active_quarter_delta1	0.000163714744638165	0.0018459059842555	0.000302304852215161
cinversion1	0.000160255929106202	0.000298838075926465	0.000115587149376385
Master_mpagosdolares_lag1	0.000159942200805297	0.000243240691772452	7.22419683602407e-05
mplazo_fijo_pesos_delta1	0.000159547041776809	4.87356216253435e-05	3.33424469354957e-05
ctarjeta_master_debitos_automaticos_lag1	0.000157465478960994	7.23963247787721e-05	8.78017769301387e-05
Master_status_lag1	0.000156168692704463	0.00031969687855204	0.000110030074887136
ctarjeta_visa_descuentos_delta1	0.000153634819255666	6.89301329777449e-05	9.00246067258384e-05
ctarjeta_master_debitos_automaticos_delta1	0.000151468902681355	8.13616133970256e-05	7.44647981559404e-05
catm_trx_other_lag1	0.000150957347136734	0.000179130635879604	0.000112252904682836
tmobile_app_lag1	0.000150707173175388	0.000548215720093398	0.000111141489784986
Visa_mpagosdolares_lag1	0.000147400638310689	0.000442799889326544	0.000225617224263521
mcheques_emitidos	0.000144724096966386	0.000760800540332558	0.000173380724064578
cseguro_vida_lag1	0.000144413631694906	8.55789566149616e-05	0.000116698564274235
Master_mconsumosdolares_lag1	0.000143874368172663	6.98796465272487e-05	6.33506491774418e-05
Master_mconsumototal_delta1	0.00013552745661858	0.000530383993476989	0.000206723171000073
mcheques_depositados_delta1	0.000131248127002926	0.000194462584207238	9.00246067258384e-05
cforex	0.000129735035381631	0.00024746048973358	0.000187829117736626
minversion1_dolares	0.000124283976436528	0.000101766949424384	8.11332875430396e-05
ctarjeta_master_descuentos_delta1	0.000123574159914729	0.000102596274970654	5.55707448924928e-05
cforex_sell_delta1	0.000122974658427546	2.34782024383853e-05	7.0019138564541e-05
cinversion2	0.000122354392826074	0.00157821982681361	0.000250068352016218
mtarjeta_visa_descuentos_lag1	0.000118697391056571	0.0002115554331227	0.000151152426107581
cinversion2_lag1	0.000118573922749833	5.65166854796092e-06	4.22337661182946e-05
Master_Fvencimiento_delta1	0.000115440977294106	3.659682212517e-05	3.8899521424745e-05
mcajeros_propios_descuentos_lag1	0.00011385345987091	4.24722499564484e-05	7.779904284949e-05
mpagodeservicios_delta1	0.000108508662504247	3.40650377616927e-05	6.44620640752917e-05
Master_mconsumosdolares_delta1	0.000107581105108137	0.00011370162758678	6.77963087688413e-05
Visa_Fvencimiento_delta1	0.00010570614186606	0.000144851091328166	9.78045110107874e-05
Visa_delinquency_lag1	0.000103884735272709	2.93431504044957e-05	0.000110030074887136
mcheques_depositados_lag1	0.000103870118534631	8.70989147171254e-05	3.22310320376459e-05
cforex_sell_lag1	0.000103839492676388	0.00010888230580748	7.89104577473398e-05
mtarjeta_master_descuentos_lag1	0.000102973813343941	7.09435888748034e-05	6.11278193817421e-05
ccajeros_propios_descuentos_lag1	0.000102494678869839	5.53922242710391e-05	6.2239234279592e-05
Master_madelantopesos	0.000101910428843445	7.84609566622734e-05	0.000150041011209731
tcuentas_lag1	0.000101608153832259	0.00503216047663298	0.000358987012005504
Master_Finiciomora	0.000101467240692314	0.000142419196129984	0.000112252904682836
mttarjeta_master_debitos_automaticos_lag1	0.00010128237555502	0.000433550322563957	0.000101138755704337
Visa_cadelantosefectivo	9.96822430511632e-05	0.000142105933133339	0.000178937798553827
mprestamos_prendarios_delta1	9.72233828865507e-05	4.64055982696507e-05	7.22419683602407e-05
mcaja_ahorro_adicional_lag1	9.45984126111554e-05	0.000382187748069827	0.000146706766516181
ccajas_depositos_lag1	8.75505410054324e-05	5.37167676289497e-05	6.89077236666911e-05
mpagodeservicios	8.62784652469764e-05	7.45983238356555e-05	6.77963087688413e-05
ccajas_extracciones_lag1	8.54569974694947e-05	5.21165583070308e-05	6.44620640752917e-05
mpagodeservicios_lag1	8.5111889192684e-05	1.54841424055693e-05	4.55680108118441e-05
ctarjeta_master_lag1	8.09727793070645e-05	0.000135357372031124	0.000204500341204374
ctarjeta_debito_delta1	8.06557120909647e-05	6.84495697912108e-05	6.33506491774418e-05
cforex_delta1	7.90157425348291e-05	1.0803324790247e-05	6.44620640752917e-05
mcheques_emitidos_delta1	7.88929098493565e-05	2.4274294538357e-05	4.6679425709694e-05
Master_mpagosdolares_delta1	7.56336712344543e-05	3.39762893539634e-05	3.44538618333456e-05
ctarjeta_visa_lag1	7.39142901544126e-05	0.000118555315770775	0.00015782091549468
mprestamos_hipotecarios	7.30107642208482e-05	0.000385564908223525	0.000103361585500037
mforex_sell_lag1	7.1524041619272e-05	0.000192215644467292	8.11332875430396e-05
ctarjeta_master_delta1	7.11839694594028e-05	0.000454735228381338	9.55816812150877e-05
cprestamos_hipotecarios_lag1	7.10265786060969e-05	4.27210287376896e-06	2.00054681612974e-05
mforex_buy_delta1	7.05252953946388e-05	4.24686622548594e-05	3.1119617139796e-05
ctarjeta_master_descuentos_lag1	6.95041925677646e-05	0.00012236989227874	5.77935746881926e-05
cliente_vip	6.93292967477026e-05	5.07469060188086e-05	4.55680108118441e-05
ctarjeta_master_descuentos	6.78327995793637e-05	7.04062833552423e-05	7.55762130537903e-05
ccaja_seguridad_lag1	6.4929068440048e-05	0.00019954673501173	9.11360216236882e-05
minversion1_pesos_delta1	6.40548403249788e-05	8.15540274980387e-05	8.33561173387393e-05
cdescubierto_preacordado_delta1	6.35743280898169e-05	0.000231483038359516	7.779904284949e-05
cseguro_auto_lag1	6.3367708517561e-05	1.27873237689953e-05	6.11278193817421e-05
mforex_buy	6.10754816532207e-05	2.468310369311e-05	4.11223512204447e-05
cprestamos_hipotecarios	6.03269607406641e-05	0.000245218365066819	9.89159259086373e-05
minversion1_pesos_lag1	5.98759631456464e-05	0.000217027811004408	6.77963087688413e-05
Master_cadelantosefectivo	5.88348115155582e-05	2.34367550437117e-05	4.89022555053937e-05
cinversion1_delta1	5.78607904180871e-05	9.51854996856591e-06	2.44511277526969e-05
mcheques_emitidos_lag1	5.7531987651439e-05	0.000194910291600272	4.44565959139943e-05
minversion1_dolares_delta1	5.73937615619842e-05	2.86080492315379e-05	2.55625426505467e-05
Master_delinquency_lag1	5.57084981635779e-05	4.38195263163389e-05	4.6679425709694e-05
mprestamos_prendarios_lag1	5.55678501371519e-05	8.69678691959251e-05	8.78017769301387e-05
minversion1_dolares_lag1	5.38927056096643e-05	3.25220428387992e-05	4.11223512204447e-05
ccheques_depositados_rechazados_delta1	5.24414482254528e-05	2.06949957240748e-05	1.5559808569898e-05
Master_madelantodolares_lag1	5.23222365857115e-05	2.44417835546461e-05	1.5559808569898e-05
ccheques_depositados_rechazados_lag1	5.15669673881191e-05	5.35466350430686e-05	2.44511277526969e-05
cforex_lag1	5.00584096919485e-05	2.9354196748862e-05	5.77935746881926e-05
mprestamos_hipotecarios_delta1	4.95218700470739e-05	3.171528204726e-06	2.3339712854847e-05
mplazo_fijo_pesos_lag1	4.81602248023121e-05	1.62544597020196e-05	2.00054681612974e-05
ccheques_emitidos_lag1	4.61528222113236e-05	5.21670693688767e-06	1.22255638763484e-05
cprestamos_prendarios_lag1	4.57834935674844e-05	2.56267636242316e-05	4.55680108118441e-05
cpagodeservicios_delta1	4.55534905301732e-05	1.40757807054652e-05	4.22337661182946e-05
ctarjeta_visa_delta1	4.47937567864162e-05	0.000108206118471143	7.44647981559404e-05
mcheques_emitidos_rechazados_lag1	4.44142835983417e-05	1.08950000071674e-05	1.44483936720481e-05
cpagodeservicios_lag1	4.24336450646866e-05	5.84077818698409e-06	2.00054681612974e-05
ccheques_emitidos_delta1	4.0712774252158e-05	9.49711817223129e-06	4.22337661182946e-05
cinversion1_lag1	4.05447658595252e-05	1.99701855898857e-05	7.11305534623908e-05
ccaja_ahorro_delta1	3.92228394511312e-05	2.59183115849423e-06	2.11168830591473e-05
mcheques_depositados_rechazados_delta1	3.89940710667429e-05	1.51394398134207e-05	7.779904284949e-06
Master_msaldodolares_delta1	3.77788350745831e-05	1.09519311665937e-05	5.22365001989433e-05
mpayroll2	3.73878922582487e-05	9.63326200621601e-06	2.00054681612974e-05
ccaja_seguridad_delta1	3.71052478808302e-05	3.12638925394369e-05	1.11141489784986e-05
Visa_madelantopesos_lag1	3.65707015474301e-05	4.47453421527149e-05	6.11278193817421e-05
cplazo_fijo_lag1	3.49532132516884e-05	0.000188934691364099	8.89131918279885e-05
ccuenta_corriente	3.43340493564326e-05	1.11862647282789e-05	1.88940532634476e-05
cprestamos_prendarios_delta1	3.18202378565499e-05	1.47816137865122e-05	2.66739575483966e-05
ccheques_emitidos_rechazados_delta1	3.16773010207765e-05	1.43385326402637e-05	1.66712234677479e-05
mprestamos_hipotecarios_lag1	3.10092808803921e-05	1.67734490608366e-06	2.11168830591473e-05
tcuentas_delta1	2.89418239087828e-05	0.000216514864090373	6.2239234279592e-05
mcheques_emitidos_rechazados	2.74117768822784e-05	3.7199744818531e-06	1.00027340806487e-05
cliente_vip_lag1	2.58913483527688e-05	1.42139072166438e-06	5.89049895860424e-05
mcheques_depositados_rechazados	2.40751117742468e-05	2.13317183429326e-06	4.44565959139943e-06
mcheques_depositados_rechazados_lag1	2.36816933396494e-05	1.59501659593478e-05	1.88940532634476e-05
mcheques_emitidos_rechazados_delta1	2.34106580124928e-05	1.47716059873427e-05	1.44483936720481e-05
Master_madelantopesos_lag1	2.33243267446152e-05	2.20888177914233e-05	2.11168830591473e-05
ccheques_depositados_delta1	2.24384367768306e-05	5.71614332204426e-05	3.22310320376459e-05
ccheques_depositados_lag1	2.05102131810748e-05	7.95062996094848e-05	2.11168830591473e-05
Visa_madelantodolares_lag1	1.90722238537984e-05	2.06277735258799e-05	3.77881065268951e-05
cforex_buy_delta1	1.83412364763473e-05	3.20570578302175e-06	1.00027340806487e-05
cpayroll2_trx	1.70140936593319e-05	2.1256187783163e-06	1.00027340806487e-05
cpagodeservicios	1.6476504698246e-05	4.31433389800014e-05	4.55680108118441e-05
ccheques_emitidos_rechazados_lag1	1.53949817045415e-05	7.0305733297549e-06	1.66712234677479e-05
cforex_buy	1.53501420781635e-05	1.76444108281799e-05	3.8899521424745e-05
Master_delinquency_delta1	1.47544779113256e-05	2.31548372293716e-05	1.77826383655977e-05
cseguro_auto_delta1	1.40050733165253e-05	4.09753286750145e-07	8.89131918279885e-06
Visa_madelantopesos_delta1	1.37838479728058e-05	2.87481584199105e-05	2.3339712854847e-05
cseguro_vida_delta1	1.27780382796453e-05	4.1914740012149e-06	1.11141489784986e-05
cinversion2_delta1	1.15925921197637e-05	2.75592129959371e-06	6.66848938709914e-06
cseguro_accidentes_personales_delta1	1.15598948685209e-05	2.14978855744258e-06	1.66712234677479e-05
mcuenta_corriente_adicional_lag1	1.12955454006242e-05	4.66684446176489e-07	1.44483936720481e-05
Visa_Finiciomora_delta1	1.00241798976171e-05	4.01992521733817e-06	1.11141489784986e-05
ccuenta_corriente_lag1	9.5924648907827e-06	6.81946541519883e-07	1.44483936720481e-05
Visa_cadelantosefectivo_lag1	5.09352177848703e-06	1.41331839308901e-05	1.44483936720481e-05
Master_Finiciomora_lag1	4.98594440991151e-06	9.43026418551521e-05	1.44483936720481e-05
ccheques_emitidos_rechazados	4.16441846825834e-06	1.40958907170038e-07	1.11141489784986e-06
Visa_cadelantosefectivo_delta1	3.58736889065692e-06	3.59808704102489e-07	5.55707448924928e-06
Visa_fechaalta_delta1	1.36817946605798e-06	2.38865395271398e-08	4.44565959139943e-06
mforex_buy_lag1	1.28304009289978e-06	4.72915717357483e-07	8.89131918279885e-06
Visa_madelantodolares_delta1	1.16341040320714e-06	7.77964765627002e-08	3.33424469354957e-06
Master_cadelantosefectivo_delta1	1.0692647455482e-06	9.99835784950237e-08	1.11141489784986e-06
Master_cadelantosefectivo_lag1	9.32107215991809e-07	3.84327812067699e-06	7.779904284949e-06
Master_madelantodolares_delta1	8.14936528102718e-07	1.39656005014012e-06	1.11141489784986e-06
mplazo_fijo_pesos	4.39606627087218e-07	3.89360035612349e-07	3.33424469354957e-06
Master_fechaalta_delta1	3.831674562701e-07	3.14962434239282e-07	5.55707448924928e-06
Master_fultimo_cierre_delta1	6.79785861169518e-08	1.85994003432669e-08	3.33424469354957e-06
cforex_buy_lag1	6.36780756644662e-08	9.73400089030873e-08	2.22282979569971e-06
Visa_fultimo_cierre_delta1	3.52629376981043e-08	4.76220179347403e-06	4.44565959139943e-06
mcuenta_corriente_adicional	2.93196257586444e-08	1.83444847040445e-07	2.22282979569971e-06
Master_madelantopesos_delta1	2.91625910867874e-08	1.81556583046205e-07	2.22282979569971e-06
cliente_antiguedad_delta1	1.58859003774898e-08	4.61680546591753e-08	1.11141489784986e-06
