Feature	Gain	Cover	Frequency
ctrx_quarter	0.128219799205951	0.0199366615277442	0.0125832518636197
mingresos	0.0316269761703152	0.00682484486968892	0.00469087335533016
mpasivos_margen	0.0285325868169047	0.00819354103867525	0.0150044299156788
cliente_edad	0.0245026848493241	0.0147923867176024	0.0439974642551631
numero_de_cliente	0.0229629324489517	0.0100604629122439	0.0405108151044849
mrentabilidad_annual	0.0224773014452919	0.0137178677474791	0.0330066907002322
mcuentas_saldo	0.019519988171216	0.0108915989999179	0.0163894150474561
cpayroll_trx	0.0194962310073363	0.0113590721699873	0.00147791152389099
Visa_Fvencimiento	0.0174718765297094	0.00912513907254584	0.0260270275774981
cliente_antiguedad	0.0174220867622906	0.00914999450541807	0.0286862499490814
mcuenta_corriente	0.0172256993758178	0.0164544041551704	0.0256031304737464
Master_Fvencimiento	0.01703142719009	0.0105397454536206	0.0247858874088558
mcaja_ahorro	0.0167489048777581	0.0127525942863376	0.0119582264043342
diff_comisiones_consumo	0.0161862892571507	0.0073277950599319	0.00407093975314677
mprestamos_personales	0.0158169621551624	0.0175167067689188	0.00455721210639945
Master_mfinanciacion_limite	0.0156349157882619	0.00714228088950639	0.0205138193001752
Master_fechaalta	0.0144315188909919	0.0116158445918206	0.0197818648417451
mpayroll	0.0138211366915885	0.0176483341885005	0.00183943337814168
mtarjetas_consumo	0.0136637117749491	0.00442954368141032	0.00268086276426738
mactivos_margen	0.0134907137794765	0.0133491080896728	0.0178393213572854
Visa_fechaalta	0.0133100665626413	0.00921197517002106	0.0192905006313903
mrentabilidad	0.0120570805462855	0.0070196842573556	0.0188055012424131
chomebanking_transacciones	0.0112596050302289	0.00672656187419711	0.0137505601042812
Visa_mfinanciacion_limite	0.010054224727212	0.00502965585080436	0.0187367611715345
mcomisiones	0.00941360669971975	0.00340544648964514	0.0133724897144487
Visa_mpagominimo	0.00918756995765356	0.00621246361022261	0.00761614526049941
cprestamos_personales	0.00909415275258447	0.00908496719397704	0.00316586215324453
cdescubierto_preacordado	0.00843751022083318	0.0163300322969656	0.00259430119353131
cproductos	0.00779535108115184	0.00699128787011115	0.0101518900973563
mcaja_ahorro_dolares	0.00777828654744642	0.00576638033351078	0.0121899059024808
diff_visa_compra	0.00742868120101657	0.00470517605494297	0.0100080451342214
mrentabilidad_annual_lag1	0.00673303579847756	0.00541979746356217	0.00809605279237444
mrentabilidad_annual_delta1	0.00642755567301999	0.0056305710750252	0.0107349077355493
Visa_msaldopesos	0.00596473928908427	0.00354143308645169	0.00377052018412155
Visa_mpagospesos	0.00573857567506932	0.00510498990669236	0.00813169579208929
Visa_msaldototal	0.00572705634280079	0.00341502190843429	0.00483599128274064
Visa_mconsumospesos	0.00572011470121778	0.00383105066333697	0.00723425597784024
ccomisiones_otras	0.00561774744643029	0.00558988532642159	0.00879236425108966
mttarjeta_visa_debitos_automaticos	0.00546057444728394	0.00375422546292592	0.00597656727361603
cliente_edad_lag1	0.00538719779991386	0.00453516389045557	0.00940084117479327
Visa_status	0.00536904488247426	0.0210473103101819	0.00137607438184855
ctarjeta_debito	0.00499797924899678	0.00639106938277888	0.00848557986068679
ctarjeta_visa_transacciones	0.00499471408506094	0.0039498031223557	0.00445028310725488
mtransferencias_recibidas	0.00485986389516517	0.00532269346312676	0.00630117316387633
mcuenta_debitos_automaticos	0.00478641700885208	0.00515199108258435	0.00532862845737097
ctrx_quarter_delta1	0.00453152007105995	0.00880534562964458	0.00667669762515785
mcomisiones_otras	0.00449128115782538	0.00322568199331936	0.0066996109821174
mactivos_margen_delta1	0.00449045910629988	0.00523322479174361	0.00619806305755835
Visa_cconsumos	0.00439698367992803	0.00364851041827976	0.0057296122041631
Master_Fvencimiento_lag1	0.00436566428203966	0.00348238807275924	0.00558704020530368
mcuenta_corriente_lag1	0.00419159918155221	0.00470130409738972	0.00630753798525398
mcuenta_corriente_delta1	0.00418151040452953	0.00718095595326211	0.00609367998696485
mautoservicio	0.00390430032770869	0.00269379702179271	0.00392200293290969
mrentabilidad_delta1	0.00386585517899794	0.00452335423563373	0.00581744673917471
mtarjeta_visa_consumo	0.00380491847874629	0.00263021067280788	0.00229897348160821
cliente_antiguedad_lag1	0.00372126851742738	0.00571698686225126	0.00810496354230315
mcuentas_saldo_delta1	0.00362942657461823	0.00549818085967599	0.0054381033850666
Visa_mlimitecompra	0.00355836745996273	0.00242010913247175	0.00563668581204937
Visa_Fvencimiento_lag1	0.00354201506795238	0.00343640797434605	0.00578180373945986
chomebanking_transacciones_delta1	0.00343522477194773	0.00285067707806388	0.00432044075115076
ccallcenter_transacciones	0.00343323948627433	0.00395817091112376	0.00332625565196138
ctransferencias_recibidas	0.00343013409524039	0.00230567956082163	0.00410021793148397
ccaja_ahorro	0.00325483072495334	0.00477219548103202	0.00331098008065502
mactivos_margen_lag1	0.00316462081245583	0.00347337784012974	0.00500020367428409
mtransferencias_emitidas	0.00316158056088439	0.00300021056480303	0.00411422053851481
cmobile_app_trx	0.00309504794922743	0.00302835249778197	0.0035350217931484
chomebanking_transacciones_lag1	0.00307763494585481	0.00417159609196636	0.00377943093405027
mpasivos_margen_lag1	0.00305742582651843	0.00261520751063597	0.00380616318383641
diff_master_compra	0.00304769038697336	0.00408490175174212	0.00331352600920608
Master_mlimitecompra	0.00303729740000587	0.00321644551611729	0.00598293209499369
mcomisiones_lag1	0.0030187536870274	0.00155501282720963	0.00371705568454927
ctarjeta_debito_transacciones	0.00300890496727978	0.00408173687935676	0.00380870911238747
Master_fechaalta_lag1	0.00298100189273391	0.00227321431520233	0.00426443032302741
mcuentas_saldo_lag1	0.00297528599581168	0.0034314571023556	0.00386981139761294
mrentabilidad_lag1	0.00294886884296227	0.00296823707508737	0.00508040042364251
ctarjeta_visa_debitos_automaticos	0.0029114696766117	0.0023956351683619	0.00296091490488411
diff_comisiones_beneficios	0.00287618845022818	0.00710892923579671	0.00382907654079596
mcomisiones_mantenimiento	0.00286802125637181	0.00549834714093139	0.00405184528901381
mpasivos_margen_delta1	0.00285625014116905	0.00183933591252808	0.00396655668255326
mpagomiscuentas	0.00268482800638258	0.00399027467575308	0.00340899832987087
Visa_fultimo_cierre	0.00263814257516868	0.00268872792425494	0.0044719234999389
ccomisiones_mantenimiento	0.00252825641369316	0.00619955732130719	0.00249373701576439
ctransferencias_emitidas	0.00250576750384864	0.00409547344049116	0.00309457615381482
Visa_mpagado	0.00247945620328568	0.00352743413264572	0.00317986476027537
ccuenta_debitos_automaticos	0.00247206168382858	0.00337723835602999	0.00305511426127337
ctrx_quarter_lag1	0.00244593496893875	0.00265052477038774	0.00317731883172431
mcaja_ahorro_delta1	0.00243271317853164	0.00233963325757623	0.00350701657908672
internet	0.0024169805250797	0.00188012386810964	0.00343318465110595
mcaja_ahorro_lag1	0.00240347185483961	0.00229194796119101	0.00309457615381482
Master_mpagominimo	0.00236439237064687	0.00325130390764763	0.00196291091286814
mcomisiones_delta1	0.00235517192673504	0.00198815763611006	0.00378961464825451
Visa_fechaalta_lag1	0.00230661580243022	0.00267354685673305	0.00390672736160332
thomebanking	0.00230507679530969	0.00392159101953753	0.00262103344331745
Master_fultimo_cierre	0.0022774839477366	0.00207741877487779	0.00486399649680231
ccajas_consultas	0.00226507921658571	0.00534985004145414	0.00203674284084891
Master_msaldototal	0.00223415900635347	0.0026818767963151	0.00231552201719011
Master_status	0.00219694682468676	0.000915482927821998	0.000695038494439692
cpagomiscuentas	0.00217351015517473	0.00288916190358878	0.00241354026640596
mttarjeta_visa_debitos_automaticos_delta1	0.00214237567435136	0.00260333562438095	0.001873803413581
Visa_mpagospesos_delta1	0.00213711567985448	0.00417612934709543	0.00279924844189173
Visa_mfinanciacion_limite_lag1	0.00203065027033347	0.00192558853715826	0.00318495661737749
Master_msaldopesos	0.00202678582895156	0.00440314621316194	0.00211566662593181
mextraccion_autoservicio	0.00199438636818502	0.00237084834599915	0.00231170312436352
Master_mpagospesos	0.00198046687865096	0.00336333636418369	0.00282598069167787
mcaja_ahorro_dolares_delta1	0.00194929546817209	0.00207152039742178	0.00234225426697625
mcomisiones_otras_lag1	0.00192544949368673	0.00132736613367703	0.00163194020123019
Visa_mconsumosdolares	0.00187257228760937	0.00291464758919886	0.00306402501120209
ccomisiones_mantenimiento_delta1	0.00182934487158553	0.00419272841239887	0.000807059350686382
Master_mfinanciacion_limite_lag1	0.00181074861955675	0.0022909910997469	0.00318622958165302
ccomisiones_otras_lag1	0.00177506504522679	0.00225021731989043	0.00231679498146564
Master_mconsumospesos	0.00175372646891057	0.00237087187770281	0.00208256955476802
mprestamos_personales_delta1	0.00168046692437251	0.00391196797031204	0.00160266202289299
active_quarter	0.00166560674474012	0.00140104361433008	0.00425424660882317
mingresos_delta1	0.00163708380820577	0.00177334380123687	0.00210930180455416
Visa_mpagominimo_delta1	0.00162170462225082	0.00240552869042226	0.00200364576968512
mtransferencias_recibidas_delta1	0.00150036702222641	0.00164685182158642	0.00217804187543281
diff_visa_compra_lag1	0.00149587342853973	0.00140563371411679	0.00209148030469673
mautoservicio_delta1	0.0014863177576298	0.00219047471876591	0.00158738645158662
tcallcenter	0.00146562894784547	0.00155354578141925	0.00111257077681372
mtransferencias_emitidas_delta1	0.00142637149657318	0.00320564559819417	0.00164594280826103
ctarjeta_visa_transacciones_delta1	0.0014178587044502	0.00473290604135056	0.00131242616807202
ctransferencias_recibidas_delta1	0.00140955366356176	0.00135992210393696	0.00151228155933032
mcaja_ahorro_dolares_lag1	0.00139882427921303	0.00163762767726519	0.00209911809034991
Visa_msaldodolares	0.00138786231288892	0.00358044893463876	0.00177833109291621
tmobile_app	0.00136221611743967	0.00679933621940417	0.000875799421565033
mttarjeta_visa_debitos_automaticos_lag1	0.00136056269810147	0.000763958176978334	0.00108711149130311
diff_visa_compra_delta1	0.00133158416241041	0.00181300308558614	0.00152628416636116
tcallcenter_delta1	0.00131377541175264	0.00287472293527576	0.000751048922563037
ccallcenter_transacciones_delta1	0.00126598902043975	0.00192780760516509	0.00105019552731272
cextraccion_autoservicio	0.00125474256072212	0.00296843581875324	0.0016153916656483
mprestamos_personales_lag1	0.00125236379349454	0.0024186763919361	0.000971271742229826
Visa_mpagominimo_lag1	0.00124771725313893	0.00218613609634244	0.00170577212921097
Visa_mconsumototal	0.00121392764996771	0.000940587711698702	0.00182543077111084
matm	0.00120188407932056	0.00144858927982308	0.00185980080655016
Visa_mpagosdolares	0.00119499991493659	0.00156909881996771	0.00129205873966353
Visa_mpagospesos_lag1	0.00118633363708327	0.0015470399741428	0.00192854087742882
ccomisiones_otras_delta1	0.00118283542374884	0.00160373025813923	0.00151737341643244
mplazo_fijo_dolares	0.00118095768824725	0.0095924815424298	0.0015822945944845
Visa_mconsumospesos_delta1	0.00117654656239169	0.00109153281714311	0.00134806916778688
cproductos_lag1	0.00117245204783872	0.00143705009783611	0.00208129659049248
ctransferencias_recibidas_lag1	0.00116788383141241	0.00103019573045957	0.000998003992015968
mtransferencias_recibidas_lag1	0.0011559218784769	0.00113509155995232	0.00156829198745366
Visa_cconsumos_lag1	0.00114959934971047	0.00302702692572806	0.00132642877510286
cproductos_delta1	0.00114849965936851	0.00405605755334183	0.000674671066031203
matm_other	0.0011372039295048	0.00183605465743966	0.00147027373823781
mtarjeta_master_consumo	0.00112478884037848	0.00270070173397342	0.000986547313536193
mcomisiones_otras_delta1	0.00112191293974671	0.00137160290141767	0.00152246527353456
Visa_cconsumos_delta1	0.0011106447300996	0.00388060148514507	0.00123859424009125
mingresos_lag1	0.00111020061596914	0.00205930035535835	0.00134934213206241
Visa_msaldototal_lag1	0.00108403526865183	0.00128605027409282	0.00116094341928388
Visa_msaldototal_delta1	0.00106710838707633	0.000988941393522287	0.00126278056132633
internet_lag1	0.00106662595570686	0.00239370868732109	0.00128187502545929
ctarjeta_debito_transacciones_delta1	0.00104584811817596	0.0027822283136132	0.0012449590614689
Visa_mconsumospesos_lag1	0.00102924819174447	0.00108397899851017	0.00161029980854617
cseguro_vivienda	0.00102750024782283	0.00104895602681144	0.00154537863049411
ccajas_consultas_delta1	0.00101455224728012	0.00291305565527036	0.000759959672491751
ccaja_seguridad	0.00101134099126231	0.00436466904252859	0.000819788993441688
ctarjeta_visa_transacciones_lag1	0.00101132656607352	0.00137458292234776	0.000910169457004359
Visa_mpagado_delta1	0.00100845118646482	0.00199702767081835	0.00113548413377327
ctarjeta_debito_lag1	0.00098903712802062	0.000991603027666676	0.00181779298545766
mcomisiones_mantenimiento_delta1	0.000980906140457639	0.00247313272341435	0.000889802028595869
catm_trx	0.000977437293356077	0.002463818704996	0.001353161024889
Master_mpagado	0.00096637694310458	0.00172216645673103	0.0008910749928714
cseguro_accidentes_personales	0.00095800358854012	0.000618971695821595	0.00176305552160984
Master_cconsumos	0.000948205204479518	0.00425142172635164	0.00110620595543607
ccajas_transacciones	0.000945352510564783	0.000934868090136184	0.00095726913519899
ctarjeta_visa	0.00092950661996953	0.000436246032280108	0.000469723817670781
Visa_msaldopesos_delta1	0.000912918910238099	0.00112676530605879	0.00113293820522221
ctarjeta_master	0.00089208617509504	3.68045768290399e-05	0.000226587641044442
mtransferencias_emitidas_lag1	0.000886373511110732	0.00141947673494669	0.000984001384985132
ccajas_otras	0.000882214057909758	0.00347184799587717	0.00117240009776366
Master_mpagospesos_delta1	0.000871352740839231	0.0011335774507546	0.00071158703002159
diff_comisiones_consumo_delta1	0.000859750959882591	0.00171077271768356	0.00123222941871359
thomebanking_delta1	0.000852192291002395	0.00305059662033391	0.00128442095401035
ctransferencias_emitidas_delta1	0.000848257897041885	0.00137656596453171	0.000896166849973522
mttarjeta_master_debitos_automaticos	0.000828478337586238	0.00172892161501195	0.000971271742229826
mextraccion_autoservicio_delta1	0.000818292068840837	0.00300252191678025	0.000967452849403234
diff_comisiones_beneficios_delta1	0.000813019787631584	0.000860912056484957	0.000604658030877021
cseguro_vida	0.000812823202797894	0.000714576188056144	0.00118385677624343
mcaja_ahorro_adicional	0.000809552527488578	0.00720942988172284	0.00147027373823781
mcuenta_debitos_automaticos_lag1	0.000795113610629218	0.000900687581780024	0.00100691474194468
Visa_mpagado_lag1	0.000793679402273774	0.000800666358876708	0.000745957065460915
mtarjetas_consumo_delta1	0.000767383929477447	0.00170197271105726	0.000883437207218217
mcuenta_debitos_automaticos_delta1	0.000765962519321742	0.00149020779113813	0.000925445028310726
mpagomiscuentas_delta1	0.000755389824957892	0.00206148058187842	0.00112530041956903
mpagomiscuentas_lag1	0.000753853895840839	0.00299319981819859	0.000882164242942686
diff_comisiones_beneficios_lag1	0.0007433493448663	0.00114594066764152	0.000884710171493747
mautoservicio_lag1	0.000729850561222994	0.000879167271751586	0.000838883457574647
mcomisiones_mantenimiento_lag1	0.000725500006098218	0.00282774486581568	0.00103364699173082
mtarjetas_consumo_lag1	0.000724716899699766	0.000665704241722979	0.000608476923703613
catm_trx_other	0.000710512517427173	0.00216875410574184	0.00113803006232433
Visa_mlimitecompra_lag1	0.000709958218655845	0.00083572136771416	0.000901258707075645
matm_delta1	0.000682366968908302	0.00194434117861858	0.000871980528738441
cextraccion_autoservicio_delta1	0.000659930552157251	0.00112253555320406	0.000552466495580268
ctarjeta_visa_debitos_automaticos_lag1	0.000658172163088872	0.00185776917490194	0.000751048922563037
mtarjeta_visa_consumo_delta1	0.000657506809918279	0.00155216166362068	0.00102728217035317
Visa_msaldopesos_lag1	0.000649699926922873	0.00199137651800805	0.00101327956332233
diff_master_compra_lag1	0.000648336471876037	0.0010591109492426	0.000703949244368406
ctarjeta_master_transacciones	0.000637668784457936	0.0014243849380046	0.000744684101185384
diff_comisiones_consumo_lag1	0.000635149724884966	0.000482187147449274	0.000856704957432075
matm_other_delta1	0.000617685629118582	0.00220220754115773	0.000703949244368406
mforex_sell	0.000603678125254367	0.00109573818775067	0.000608476923703613
ctarjeta_debito_transacciones_lag1	0.000602645856035695	0.000959816515765057	0.000877072385840564
Visa_msaldodolares_delta1	0.000593171220253491	0.00120415852777451	0.000403529675343191
Visa_status_lag1	0.00059021454808308	0.00543739053070948	0.000341154425842193
cpayroll_trx_lag1	0.000589962979980028	0.00131866493185466	0.000374251497005988
cmobile_app_trx_delta1	0.0005770474632678	0.00132148958683768	0.000878345350116094
ccomisiones_mantenimiento_lag1	0.000571541607603743	0.00120155628991828	0.000530826102896248
ccajas_extracciones	0.000570538468865906	0.000793087449210344	0.000636482137765286
catm_trx_delta1	0.000564831830637175	0.00142886063968977	0.000562650209784513
cpagomiscuentas_delta1	0.000557165937263483	0.00119379649799967	0.00062375249500998
mprestamos_prendarios	0.00055625058799803	0.00768106391062295	0.00108201963420099
mplazo_fijo_dolares_delta1	0.00054641793546688	0.00306851459510046	0.00055628538840686
ccallcenter_transacciones_lag1	0.00051007483169364	0.000583518490866142	0.00046845085339525
Master_fultimo_cierre_lag1	0.000502985459508569	0.000584552184740284	0.000898712778524584
Master_mpagospesos_lag1	0.000501491223532488	0.00117038046825388	0.000745957065460915
tmobile_app_delta1	0.00046697042913688	0.000522864957646825	0.000229133569595503
cpagomiscuentas_lag1	0.000466701204819181	0.000955076153292305	0.000591928388121716
Visa_Finiciomora	0.000455521761220795	0.00107229791751496	0.000707768137194998
mtarjeta_master_descuentos	0.000452760756417712	0.00251446077412214	0.000524461281518596
Master_mlimitecompra_lag1	0.00044489285523449	0.000657600404956238	0.000753594851114098
cmobile_app_trx_lag1	0.000442919111561524	0.000278460572446938	0.00073577335125667
Master_mpagado_delta1	0.000440618101157905	0.00126297247714787	0.000342427390117724
mextraccion_autoservicio_lag1	0.000434202634216326	0.000741525800797094	0.00051173163876329
Master_msaldopesos_lag1	0.000433614695427286	0.000690550318616645	0.000302965497576276
ctarjeta_visa_debitos_automaticos_delta1	0.000432966089687376	0.000756634997392737	0.000611022852254674
ccaja_ahorro_lag1	0.000430527589906241	0.00050865421850789	0.000528280174345187
internet_delta1	0.000425399255999438	0.00146808246116251	0.00104383070593507
tcuentas	0.000425383436946423	0.00217966473607797	0.000969998777954295
catm_trx_other_delta1	0.000423746200527767	0.000670249546218383	0.000314422176056051
Visa_mconsumosdolares_lag1	0.000422566988992791	0.00151772088895173	0.000635209173489755
ctarjeta_master_transacciones_delta1	0.000421397321534671	0.000801098860249446	0.000308057354678398
ccajas_otras_delta1	0.000421345759601827	0.000571803246373449	0.000263503605034828
active_quarter_lag1	0.000419325306271524	0.000264845497276619	0.00095726913519899
Visa_mpagosdolares_delta1	0.000412214825279055	0.000530698321578697	0.000323332925984765
ctransferencias_emitidas_lag1	0.000409060692486499	0.00121486006616545	0.000635209173489755
cplazo_fijo	0.000401251315033563	0.00527695860475777	0.000647938816245061
Visa_mconsumosdolares_delta1	0.000401219513373306	0.00132460739581572	0.000584290602468532
Visa_msaldodolares_lag1	0.000390965884331992	0.000627510160319839	0.000316968104607112
Master_mfinanciacion_limite_delta1	0.000389858931659179	0.000610756579612835	0.000537190924273901
minversion1_pesos	0.000383995210190546	0.0078140893402138	0.000720497779950304
mttarjeta_master_debitos_automaticos_delta1	0.000375776032105159	0.000764724374919878	0.000339881461566663
Master_mpagado_lag1	0.000375089033186128	0.0010142361321153	0.000229133569595503
Master_mconsumototal	0.000373984187989885	0.000408663048141782	0.000426443032302741
ccajas_extracciones_delta1	0.000366604730843887	0.000316620632109843	0.000268595462136951
cseguro_auto	0.000362996952855229	0.000596212002147844	0.000435353782231455
thomebanking_lag1	0.000362230797601536	0.000207043978189757	0.000631390280663164
diff_master_compra_delta1	0.000358358076621319	0.000670213114604881	0.000375524461281519
mpayroll_lag1	0.000355435838743884	0.00123391124839633	0.000325878854535826
ctarjeta_master_debitos_automaticos	0.000353841236462874	0.000999956357195141	0.000459540103466536
mtarjeta_visa_consumo_lag1	0.000353771429361778	0.000594066080882517	0.000469723817670781
ccajas_depositos	0.00035168576031111	0.000249542376761636	0.000516823495865412
Visa_fultimo_cierre_lag1	0.000350146575474893	0.000369039628377016	0.000621206566458919
mtarjeta_visa_descuentos	0.000348263970863542	0.00455237591411224	0.000723043708501365
minversion1_dolares	0.000348154503864022	0.00087139996669867	0.000269868426412481
Master_msaldototal_delta1	0.000346490233920747	0.000308783298974943	0.000286416961994379
Master_cconsumos_delta1	0.000344716577507573	0.000830611160573602	0.000285143997718848
matm_lag1	0.000335564790102428	0.0003304510365444	0.00037807038983258
Master_mpagominimo_lag1	0.000334744979800477	0.000516887337887524	0.000402256711067661
Visa_mconsumototal_delta1	0.000331337627957598	0.000334206044365594	0.000361521854250682
cextraccion_autoservicio_lag1	0.00033008295401928	0.00338479146587668	0.000430261925129333
mbeneficios	0.00032400535665635	0.00107463081659433	0.000426443032302741
Master_mconsumospesos_lag1	0.000323082430820523	0.000883995098448192	0.000456994174915475
cliente_edad_delta1	0.000316827194946246	0.000588109441196361	0.000684854780235447
mpayroll_delta1	0.000307725936343255	0.00189196385898319	0.000514277567314351
matm_other_lag1	0.00030527518330098	0.00067198153631085	0.000314422176056051
cprestamos_personales_lag1	0.000304393104384322	0.00231623622330207	0.000547374638478146
Visa_mpagosdolares_lag1	0.000300911637958828	0.000679868909755345	0.000231679498146564
Master_msaldototal_lag1	0.000293115876014402	0.000430140972752177	0.000393345961138947
active_quarter_delta1	0.000291227721570605	0.00135219647551584	0.000664487351826958
Visa_mconsumototal_lag1	0.000291051955404402	0.000289982318292044	0.00042262413947615
Master_mconsumospesos_delta1	0.000280885535541298	0.000447944407659934	0.000276233247790134
cseguro_accidentes_personales_lag1	0.000276102110444528	0.000242548357512813	0.00042389710375168
mcajeros_propios_descuentos	0.000273915858020414	0.000728224150908691	0.000346246282944315
Visa_delinquency	0.000273517581411249	0.000226814720226607	0.000357702961424091
Master_msaldodolares	0.00026782964856675	0.00200942575998901	0.000372978532730457
cdescubierto_preacordado_lag1	0.000267221865962717	0.000127931666291405	0.000413713389547436
mcheques_emitidos	0.000265238841574847	0.00219509713920585	0.000454448246364414
ccuenta_debitos_automaticos_lag1	0.000262785010285628	0.00106526293042061	0.000603385066601491
Visa_mfinanciacion_limite_delta1	0.000260268493407795	0.000525658567791876	0.000392072996863416
cdescubierto_preacordado_delta1	0.000260142978805784	0.000996040454894085	8.910749928714e-05
ctarjeta_debito_delta1	0.000259479451525066	0.00225018202233494	0.000230406533871033
mtarjeta_master_consumo_lag1	0.000251241593147055	0.000350597718810847	0.000170577212921097
ccajas_transacciones_delta1	0.000247036357191236	0.000414016794239522	0.000286416961994379
ccajas_consultas_lag1	0.000242890196777985	0.00128911123841322	0.000372978532730457
mtarjeta_master_consumo_delta1	0.000241943420470795	0.000639428401195934	0.000287689926269909
cseguro_vivienda_lag1	0.000241043744092428	0.000443578993116023	0.000352611104321968
ctarjeta_visa_descuentos_lag1	0.000239347000991704	0.000182770033561043	0.000198582426982769
ccuenta_debitos_automaticos_delta1	0.000238675239022084	0.000464333813989172	0.000332243675913479
Master_mpagominimo_delta1	0.000234316893684403	0.00217886791857022	0.0004455374964357
ctarjeta_visa_descuentos	0.000229696095648221	0.00035499658806599	0.000271141390688012
Visa_Fvencimiento_delta1	0.000228202112996551	0.000648328771955928	0.000211312069738075
Visa_madelantopesos	0.000227990679962035	0.00127157926864109	0.000197309462707239
mttarjeta_master_debitos_automaticos_lag1	0.000211193350647271	0.000403566591454569	0.000184579819951933
catm_trx_lag1	0.000207804601716004	0.0018442527627783	0.000309330318953929
ccheques_depositados	0.000205872813247693	0.0018991360670965	0.000353884068597499
tmobile_app_lag1	0.000204122137854291	0.00192222591340778	0.00015530164161473
mtarjeta_visa_descuentos_lag1	0.000203985729089366	0.000258364781033592	0.000204947248360422
cpayroll_trx_delta1	0.000196891631100362	0.000793601177487893	0.000254592855106114
ctarjeta_visa_descuentos_delta1	0.000196849142688713	4.83916727668474e-05	7.76508208073649e-05
ccajas_transacciones_lag1	0.000192391252944207	0.000211302649523681	0.000165485355818974
cinversion2	0.000190958296375821	0.0053312955766307	0.000551193531304738
Master_Finiciomora	0.000190450977005322	0.00117139063042436	0.000231679498146564
Master_cconsumos_lag1	0.000186748128257192	0.000744700029161026	0.000204947248360422
cplazo_fijo_delta1	0.00018589794479909	0.000825754557155047	0.000235498390973156
Master_mpagosdolares	0.000183832467322343	0.000566600471748002	0.000280052140616726
mcaja_ahorro_adicional_delta1	0.000175595390018201	0.00324135552553115	0.000302965497576276
ccheques_emitidos	0.000173699509660607	0.000897528804956449	0.000224041712493381
ccajeros_propios_descuentos	0.000172836849914017	0.000136908585966928	0.000212585034013605
tcuentas_lag1	0.000169881078177636	0.000473243257213229	0.000285143997718848
ctarjeta_master_debitos_automaticos_delta1	0.000169870080463618	0.000601475874148463	0.000189671677054055
cprestamos_prendarios	0.00016909048355603	0.00188295263405293	0.000514277567314351
Master_status_lag1	0.000169013874950975	0.00121234671010559	0.000170577212921097
mcheques_depositados	0.000161761775174895	0.000621288151059849	0.00022276874821785
ctarjeta_master_debitos_automaticos_lag1	0.000157052753931549	8.32110810531714e-05	0.000105656034869037
mprestamos_hipotecarios	0.000157052668122016	0.00186911429121232	0.000236771355248686
minversion2	0.000155993146818347	0.00242016597712939	0.000450629353537822
cforex_sell	0.000154329891670319	0.000240466368767678	0.000230406533871033
ccajas_otras_lag1	0.000153458759613439	0.000182508774947488	0.000118385677624343
mpagodeservicios_delta1	0.000149937251682491	0.000181170302983741	0.000114566784797751
mtarjeta_visa_descuentos_delta1	0.000147016576603362	0.000246052596757025	0.000115839749073282
mplazo_fijo_pesos_delta1	0.0001431243358412	0.000152184347332471	7.63778565318343e-05
mplazo_fijo_dolares_lag1	0.000140801345732842	0.00180852341469794	0.000263503605034828
ctarjeta_master_transacciones_lag1	0.000140708009494446	0.000360486846396423	0.00015530164161473
mprestamos_prendarios_delta1	0.000140595909785417	0.00259821251733055	0.000257138783657175
minversion1_pesos_delta1	0.000139930453317956	0.00152255977271391	0.000208766141187014
mpayroll2	0.00013960226871456	4.94409599385971e-05	7.25589637052426e-05
cforex	0.000138251220881355	0.000167603850550507	0.000183306855676402
cseguro_vivienda_delta1	0.000138189730743441	7.19092007043345e-05	7.63778565318343e-05
Master_mlimitecompra_delta1	0.00013613544630592	0.000981856507875586	0.000327151818811357
ctarjeta_master_lag1	0.000134282453404462	6.50026456793658e-05	0.000136207177481771
ctarjeta_master_delta1	0.000133323215489304	0.000815565896498152	8.52886064605483e-05
Master_msaldopesos_delta1	0.000129162262190876	0.000153072740024359	0.000218949855391258
mforex_sell_lag1	0.000127043860163955	0.000192499825996518	9.67452849403234e-05
foto_mes	0.000126535861869615	2.09196845560381e-05	0.000212585034013605
cseguro_vida_lag1	0.000124939781724989	0.000185242563532627	0.000162939427267913
cinversion1	0.000123322261393469	0.00064957510170654	0.000184579819951933
mtarjeta_master_descuentos_lag1	0.000119922965415358	0.000270763720747759	0.000119658641899874
Visa_delinquency_delta1	0.000118752779198238	0.000347055205108871	0.000115839749073282
Master_msaldodolares_lag1	0.000117747750084106	0.000166285791630901	7.76508208073649e-05
cprestamos_personales_delta1	0.000116816668267544	0.000685047727405377	0.000253319890830584
tcallcenter_lag1	0.000114198290081364	9.49794845149816e-05	0.00015530164161473
Visa_Finiciomora_lag1	0.000112712440145116	0.000307651225568622	0.000115839749073282
Master_mconsumosdolares	0.000112385005328496	0.00101301744502863	0.000241863212350809
ccajas_depositos_delta1	0.000105995871221779	0.000241544574418628	0.000123477534726465
mbeneficios_lag1	0.000104585391296314	0.000199590240176007	0.000100564177766915
ccajeros_propios_descuentos_lag1	0.00010277718194247	0.000152617415734213	9.54723206647929e-05
cprestamos_hipotecarios	0.000100620301710952	0.00173957509769481	0.000258411747932706
mcaja_ahorro_adicional_lag1	9.89811389102152e-05	0.00130074114504082	0.000339881461566663
mpagodeservicios	9.27973598032605e-05	0.000170314249189234	0.000118385677624343
mtarjeta_master_descuentos_delta1	9.19978822328848e-05	0.00012419678799985	5.3464499572284e-05
ctarjeta_master_descuentos_lag1	8.97989619592655e-05	0.000425385867525323	9.16534278382011e-05
mplazo_fijo_pesos_lag1	8.89235927828676e-05	3.35800246410109e-05	4.07348568169783e-05
Master_mconsumototal_delta1	8.68190943988312e-05	7.64431646196605e-05	7.63778565318343e-05
mcheques_emitidos_delta1	8.67138163551415e-05	0.000203575036501039	0.000100564177766915
minversion1_pesos_lag1	8.5349606483112e-05	0.000414641093172835	0.000118385677624343
Visa_delinquency_lag1	8.52387729020223e-05	8.46490666071067e-05	8.910749928714e-05
Visa_mlimitecompra_delta1	8.28119857607627e-05	0.000297658048160827	0.00024440914090187
ccajas_depositos_lag1	8.19708843706124e-05	0.000487357743178749	0.000108201963420099
cinversion1_lag1	8.03306550132507e-05	0.00024850655652873	6.2375249500998e-05
mcheques_depositados_delta1	8.00610963974605e-05	0.00102880424128396	0.000160393498716852
cseguro_auto_lag1	7.90707277467132e-05	0.000205457998065799	0.000109474927695629
minversion2_delta1	7.90219181027896e-05	0.000403809421625497	0.000151482748788138
catm_trx_other_lag1	7.68428639628673e-05	0.000473208810201241	0.000192217605605116
mcajeros_propios_descuentos_lag1	7.67962046166715e-05	0.000543049489099283	0.00011074789197116
mforex_sell_delta1	7.63385424126788e-05	0.00036030553887242	0.000148936820237077
Master_status_delta1	7.62504936882715e-05	0.000440823657428736	6.87400708786509e-05
ctarjeta_master_descuentos	7.60551781505053e-05	0.000404180967380314	9.92912134913846e-05
minversion2_lag1	7.20265494951141e-05	0.000201660179554809	0.000118385677624343
ctarjeta_visa_lag1	7.13206076162129e-05	4.68791228988969e-05	0.000115839749073282
cforex_lag1	7.03156381232226e-05	4.61621147234429e-05	4.07348568169783e-05
ccajeros_propios_descuentos_delta1	7.00317406920918e-05	5.55308514406733e-05	3.30970711637949e-05
Visa_status_delta1	6.79534383964333e-05	0.000353036227042195	8.0196749358426e-05
cpagodeservicios_delta1	6.7844246944578e-05	0.000532061034032362	5.98293209499369e-05
cforex_delta1	6.73218054107462e-05	0.000173076105710066	6.49211780520592e-05
mpagodeservicios_lag1	6.64025430993724e-05	3.05372052487374e-05	2.92781783372031e-05
ccheques_emitidos_rechazados_delta1	6.62548411263273e-05	5.37078531930779e-05	3.81889282659171e-05
cinversion1_delta1	6.4717431625553e-05	2.71575706281369e-05	3.5642999714856e-05
Master_delinquency	6.06801786807973e-05	8.52183637270401e-05	0.000129842356104118
Master_mconsumototal_lag1	5.99131241122835e-05	0.000110355042985214	0.000108201963420099
Master_mconsumosdolares_delta1	5.88480567853921e-05	2.68183455265431e-05	3.69159639903866e-05
cforex_sell_lag1	5.87887727707606e-05	0.000154769432561332	6.36482137765286e-05
tcuentas_delta1	5.86951167900978e-05	0.00288661211591541	0.0002456821051774
Master_mpagosdolares_lag1	5.85384401878336e-05	0.000449750678551914	0.000117112713348813
ccajas_extracciones_lag1	5.57706187068724e-05	0.000146892974425162	0.00011074789197116
cpagodeservicios	5.54727415253533e-05	0.000171992938555332	9.8018249215854e-05
mcajeros_propios_descuentos_delta1	5.46432593569663e-05	0.000455087697294039	6.87400708786509e-05
cliente_vip	5.43103299374284e-05	0.000133203334940828	0.000129842356104118
mcheques_emitidos_lag1	5.36887045460492e-05	0.00347868679093617	0.000189671677054055
Master_mpagosdolares_delta1	5.35220529606736e-05	2.67748260504924e-05	5.21915352967534e-05
ctarjeta_visa_delta1	5.34425144995661e-05	4.63859494227395e-05	4.07348568169783e-05
cprestamos_prendarios_delta1	4.91175701341661e-05	2.5275459606883e-05	5.3464499572284e-05
cpagodeservicios_lag1	4.71377718677685e-05	1.1397708250499e-05	2.92781783372031e-05
mprestamos_prendarios_lag1	4.70194338915041e-05	0.000594176084509277	0.000108201963420099
mprestamos_hipotecarios_lag1	4.59122515855307e-05	8.20391738593244e-06	3.18241068882643e-05
ccaja_seguridad_lag1	4.25928811253807e-05	8.58579724434593e-05	7.38319279807732e-05
mcheques_depositados_rechazados_lag1	4.12464391804683e-05	5.02899441147129e-05	2.16403926840197e-05
Master_mconsumosdolares_lag1	4.10918806244685e-05	7.41447125522801e-06	2.92781783372031e-05
Master_msaldodolares_delta1	4.08080270244392e-05	0.000167692165317867	4.58267139191006e-05
cplazo_fijo_lag1	3.98870877611282e-05	0.000341342104379898	9.67452849403234e-05
mforex_buy_delta1	3.98208319940464e-05	9.62969764055843e-05	2.6732249786142e-05
ccheques_depositados_delta1	3.97727442007982e-05	0.000841810975701734	9.03804635626706e-05
mbeneficios_delta1	3.95316684129464e-05	0.000195462127270235	6.49211780520592e-05
mcheques_emitidos_rechazados_delta1	3.74752806844978e-05	2.80262590621388e-05	2.29133569595503e-05
ccheques_depositados_rechazados_lag1	3.28866579201988e-05	3.89731792545232e-05	3.94618925414477e-05
ccheques_depositados_lag1	3.01072987050067e-05	0.000165800698318049	3.43700354393254e-05
ccuenta_corriente	2.97526875316039e-05	4.64212469782333e-06	2.6732249786142e-05
Master_madelantopesos	2.90628431395004e-05	6.64033490762935e-06	4.20078210925089e-05
mforex_buy	2.72502124926571e-05	0.00146937089281667	0.000126023463277527
Master_madelantopesos_lag1	2.47636077260815e-05	2.89184791998033e-08	1.27296427553057e-06
ctarjeta_master_descuentos_delta1	2.4429571866372e-05	0.00011302475729291	1.65485355818974e-05
mcheques_depositados_lag1	2.43837228956964e-05	0.00087575503296326	7.38319279807732e-05
cforex_sell_delta1	2.4220904176487e-05	7.66151161650986e-05	5.85563566744063e-05
Visa_cadelantosefectivo	2.24367674834722e-05	0.000110301458744344	3.05511426127337e-05
ccheques_emitidos_lag1	2.23969733211715e-05	0.000398357437752828	2.92781783372031e-05
ccheques_emitidos_delta1	2.14511925481676e-05	8.89994548824144e-06	3.18241068882643e-05
ccheques_depositados_rechazados_delta1	2.01612488224736e-05	2.80051372317429e-05	1.01837142042446e-05
ccaja_ahorro_delta1	1.98454203791348e-05	6.25091356346377e-05	5.72833923988757e-05
cinversion2_lag1	1.96290057593246e-05	4.99953725471777e-05	5.98293209499369e-05
minversion1_dolares_delta1	1.70666797751642e-05	2.03034657860306e-05	1.7821499857428e-05
cseguro_vida_delta1	1.61923908613125e-05	1.76792555558994e-05	4.32807853680394e-05
mprestamos_hipotecarios_delta1	1.61650071972485e-05	9.58335719521326e-06	3.69159639903866e-05
ccheques_emitidos_rechazados_lag1	1.53605587429656e-05	4.55097478544356e-06	1.27296427553057e-05
cprestamos_prendarios_lag1	1.51665909900422e-05	0.000206835595030817	7.1285999429712e-05
cinversion2_delta1	1.36724437036911e-05	3.53443353867008e-06	1.52755713063669e-05
minversion1_dolares_lag1	1.30825823075261e-05	6.8177724586803e-05	2.41863212350809e-05
Master_Finiciomora_lag1	1.10116688128644e-05	0.00127181146701819	7.00130351541814e-05
mcheques_depositados_rechazados_delta1	1.09724273588598e-05	2.13954218903251e-06	3.81889282659171e-06
Master_delinquency_lag1	1.09117839165921e-05	0.000106001961322138	4.96456067456923e-05
cseguro_accidentes_personales_delta1	9.82422655197058e-06	0.00232458331551149	0.000115839749073282
cforex_buy	9.81918166441487e-06	2.42952082163603e-05	5.47374638478146e-05
mcheques_emitidos_rechazados_lag1	9.32065481852173e-06	1.6599774089691e-07	3.81889282659171e-06
Visa_Finiciomora_delta1	8.68898051825003e-06	0.000112158336974924	1.52755713063669e-05
cprestamos_hipotecarios_lag1	8.53954280982828e-06	3.61665274423815e-06	1.90944641329586e-05
Visa_madelantodolares	6.64591400056717e-06	8.93070681170397e-08	3.81889282659171e-06
mplazo_fijo_pesos	5.10031550094178e-06	0.00430740166476342	0.000138753106032832
mcheques_depositados_rechazados	4.87277173517025e-06	8.60947070525949e-05	1.01837142042446e-05
Master_delinquency_delta1	4.63185058500783e-06	7.33281907866386e-06	1.27296427553057e-05
Visa_madelantopesos_lag1	3.62212457853979e-06	9.97574126592432e-06	1.14566784797751e-05
cforex_buy_lag1	3.34890884979865e-06	3.36389956574183e-07	2.54592855106114e-06
cforex_buy_delta1	3.30102352133928e-06	1.96688185733957e-06	6.36482137765286e-06
cpayroll2_trx	2.60094571529707e-06	8.47283089104042e-07	5.09185710212229e-06
Master_fultimo_cierre_delta1	2.39710443978669e-06	4.32359615487256e-08	2.54592855106114e-06
ccaja_seguridad_delta1	1.9084096928098e-06	1.16510284579992e-06	2.54592855106114e-06
Master_madelantodolares	1.70797739855492e-06	3.87564324177757e-07	2.54592855106114e-06
Master_Fvencimiento_delta1	1.39255914335614e-06	8.4619439341652e-05	2.6732249786142e-05
Master_cadelantosefectivo	1.34344467523516e-06	1.4925620955624e-06	5.09185710212229e-06
Master_madelantodolares_lag1	7.09346465312595e-07	4.41715594051898e-07	6.36482137765286e-06
mcuenta_corriente_adicional	6.46687397550185e-07	0.00143511794650526	4.58267139191006e-05
cliente_vip_lag1	2.23341330087469e-07	0.000559858213376918	2.16403926840197e-05
cseguro_auto_delta1	2.21806802138216e-07	1.76360195943507e-06	8.910749928714e-06
ccheques_depositados_rechazados	1.12650397796433e-07	0.000141697712934017	5.09185710212229e-06
Visa_cadelantosefectivo_lag1	1.1029818106951e-07	3.32434929271857e-06	2.54592855106114e-06
mcuenta_corriente_adicional_lag1	7.50323753373785e-08	5.79787156505861e-08	1.27296427553057e-06
Visa_madelantodolares_lag1	7.81660242304341e-09	2.26811601567085e-08	1.27296427553057e-06
mforex_buy_lag1	6.06086624457351e-09	8.28715724370757e-05	2.54592855106114e-06
