Feature	Gain	Cover	Frequency
ctrx_quarter	0.0957414469638388	0.0151225731499138	0.0153690509503412
ctrx_quarter_lag1	0.0385916133318578	0.00957332301971482	0.0131734722431496
mingresos	0.0310060843943748	0.00603765073260304	0.00876078954732333
mcuentas_saldo	0.0239577551484186	0.00876305207155292	0.0118532549813089
mpasivos_margen	0.0225804691114893	0.00783575931876672	0.0129940948977908
cpayroll_trx	0.0173092168069284	0.00628946229408999	0.00213817795667678
mpayroll	0.0139393979011608	0.00426722455326363	0.00307811524635685
mrentabilidad_annual_lag1	0.0126064598871229	0.0130716181162752	0.0125922896441871
numero_de_cliente	0.0122329961589411	0.0163265686759582	0.0183897654461832
mprestamos_personales	0.0117884142999472	0.00923059487302609	0.00292743827625546
mrentabilidad_annual_delta1	0.0115503478639919	0.0154914622270936	0.0160722101441476
diff_comisiones_consumo	0.0102649468797188	0.00379068970325039	0.00624233161848591
mrentabilidad_annual	0.00988953562257559	0.0120045935412065	0.0122335349534695
cliente_edad_lag1	0.00966437278020729	0.0107284303201266	0.0138264057802556
cliente_edad	0.00956689666180735	0.0194467114960918	0.0157134554534301
mactivos_margen_lag1	0.00941878153385286	0.0107697044646607	0.0101527577473075
mcuenta_corriente	0.00938900432846156	0.00943277386669289	0.0105043373442108
Master_fechaalta	0.0091327272783794	0.00953954377690487	0.0135035265586098
Master_Fvencimiento	0.00905836734579195	0.0136760624061892	0.0131304216802635
mcuentas_saldo_lag1	0.00897559932089356	0.00893618550022526	0.0112074965380172
Visa_msaldototal	0.0088495865604502	0.00332223260557047	0.00548177167416464
Visa_Fvencimiento_lag1	0.00869032482297044	0.0112994155295738	0.0124918383307862
mprestamos_personales_lag1	0.00843261546937359	0.00534679152338448	0.00208795229997632
Visa_mpagominimo	0.00841589720539169	0.00541850154141402	0.0077562764133141
cliente_antiguedad	0.00831582657406023	0.0101998140834904	0.0115877765101779
mingresos_lag1	0.00818603758283031	0.00463990198310258	0.0072970704091956
Visa_Fvencimiento	0.00814152300205788	0.0107077516408591	0.0124703130493431
mactivos_margen_delta1	0.00813881615047357	0.0129810142887808	0.0109563682545149
mcaja_ahorro_lag1	0.00803989960145709	0.0062892528486805	0.0116380021668783
chomebanking_transacciones_lag1	0.00783831211385024	0.0067814135956078	0.0104828120627677
Master_Fvencimiento_lag1	0.00782427881654789	0.0107292889052649	0.012018282139039
mcuentas_saldo_delta1	0.00779648137499477	0.00790644009243548	0.010446936593696
ctrx_quarter_delta1	0.0077642491861863	0.00996967130684309	0.0108056912844135
mcuenta_corriente_lag1	0.00762242656748204	0.0103822847577666	0.00977247777514691
mtarjetas_consumo	0.00761305371835061	0.00310299192086935	0.00501539057623178
mrentabilidad_delta1	0.00760497382727702	0.00870703882337902	0.0106908897833839
Master_fechaalta_lag1	0.00758067403888494	0.00890868820929321	0.0114586248215195
mcaja_ahorro	0.00751273074946102	0.00479897506640656	0.0107411154400844
mactivos_margen	0.00743019559136864	0.0113497808037255	0.00923434573907054
Visa_fechaalta	0.00738427896086103	0.00674083337121833	0.0103751856555524
mcuenta_corriente_delta1	0.00734865409773957	0.0161802065313186	0.0103751856555524
cliente_antiguedad_lag1	0.00722955206828643	0.0082648329222252	0.0107195901586413
mpasivos_margen_lag1	0.00717757688063967	0.00903259561990489	0.0115949516039922
Visa_fechaalta_lag1	0.00706600565840711	0.00614460470090215	0.00982270343184737
chomebanking_transacciones	0.00692343242244326	0.00503027120321282	0.00992315474524829
mpasivos_margen_delta1	0.00647938696985566	0.00860964282934764	0.0101025320906071
mcomisiones_otras_lag1	0.00641958244691872	0.00568040033231963	0.00787825300815808
mrentabilidad	0.00640139647611049	0.00786461518404686	0.00866751332773676
cpayroll_trx_lag1	0.00638468810199858	0.00170556262850862	0.000997338040194876
Visa_msaldopesos	0.00607275233586934	0.00399182252767484	0.00626385689992897
mrentabilidad_lag1	0.0060677568677419	0.00765621523859618	0.00894734198649647
Visa_mpagospesos_delta1	0.00595120510353265	0.00728244615389564	0.00721096928342338
chomebanking_transacciones_delta1	0.00570863217802625	0.00613729138905329	0.00756254888032661
mcomisiones_otras	0.00540563720565316	0.00495682779522865	0.00768452547517059
mcomisiones_lag1	0.00536130911640012	0.00484683475288174	0.00831593373083353
Visa_mpagominimo_lag1	0.00513267181530537	0.00372909864879245	0.00662261159064655
Master_mfinanciacion_limite_lag1	0.00502875383627272	0.00457815543129518	0.00723966965868079
Master_mfinanciacion_limite	0.00502199764218398	0.0048325596730784	0.00726837003393819
mcaja_ahorro_delta1	0.00497768945213091	0.0046508904624651	0.0066441368720896
ccomisiones_otras_lag1	0.00491386729177041	0.00500938237333237	0.00637865840095859
Visa_mpagominimo_delta1	0.00487003444880862	0.00394175837537453	0.00546742148653594
diff_visa_compra_lag1	0.00481763753240747	0.0052079694134866	0.00608447955457018
mcomisiones	0.00477864989461275	0.00391254567717451	0.00701724175043589
mcomisiones_delta1	0.00476739828026593	0.00475396122824787	0.0061849308679711
Visa_mfinanciacion_limite	0.00468129042875342	0.00432763403942662	0.00660826140301785
mcomisiones_otras_delta1	0.00455144431529793	0.00544621039336576	0.0059481527720975
diff_visa_compra_delta1	0.00446770950072415	0.00370439572632876	0.00546742148653594
ccomisiones_mantenimiento_delta1	0.00444934180283218	0.00213332420104334	0.000846661070093492
diff_visa_compra	0.00438631687161455	0.00344306391895591	0.00582617617725352
cproductos	0.00429671852029162	0.00436616494273872	0.00430505628861097
Visa_mfinanciacion_limite_lag1	0.00420345484241121	0.00436853372095581	0.00579747580199611
cdescubierto_preacordado	0.00419698285926602	0.00594030762882658	0.00134891763709811
mpayroll_lag1	0.00413756591214011	0.00417504283316413	0.00355167143810405
Visa_mconsumospesos_lag1	0.00400688473677563	0.0027215364717219	0.00576160033292435
Visa_mpagospesos_lag1	0.00395303172940617	0.00464464729677415	0.00645040933910211
Visa_mconsumospesos	0.00380614720996964	0.0032599254170609	0.00584052636488222
Visa_cconsumos_lag1	0.00373598205864031	0.00326552825806559	0.0052952192349915
Visa_msaldototal_lag1	0.00372378620101227	0.00288736046716408	0.00433375666386838
mcaja_ahorro_dolares_delta1	0.00370516005553808	0.00483193874148562	0.00457053475974198
ctarjeta_visa_transacciones	0.00366828499428956	0.0028612284500124	0.00490058907520216
mtarjetas_consumo_lag1	0.00366172101975402	0.00222422703477884	0.00370234840820544
mtransferencias_recibidas_lag1	0.00366085277601402	0.00251130370263734	0.00584052636488222
Visa_cconsumos	0.00350002224594322	0.00267298709632255	0.00495081473190262
mtransferencias_recibidas	0.003430062073663	0.0035841775872987	0.00657238593394609
Master_status	0.00337047719153619	0.000804855338659629	0.00030852903401712
cproductos_delta1	0.00335156297830126	0.00216232604342707	0.000581182598962482
Visa_msaldopesos_lag1	0.0033364801767205	0.00408391257133247	0.00452748419685587
Visa_mpagospesos	0.00333240555941903	0.00293587987141898	0.00511584188963271
Visa_mconsumospesos_delta1	0.00317707180894201	0.0022842472486656	0.00493646454427392
ctarjeta_master	0.00315013254982919	6.37750693844952e-05	0.000107626407215274
Visa_status	0.00313944083656252	0.0105207486243378	0.00151394479482819
mcaja_ahorro_dolares	0.00309696839222045	0.00378565772439714	0.00426918081953922
mingresos_delta1	0.0030600653879047	0.00511520131676086	0.00513019207726141
active_quarter	0.00302181525248122	0.00111132509998939	0.00124129122988283
mtransferencias_recibidas_delta1	0.00302160894976601	0.00410602598691521	0.00449160872778412
Visa_msaldopesos_delta1	0.00299771515854124	0.00288593560369649	0.00444855816489801
ccomisiones_otras	0.00297337339932552	0.00340833829318457	0.00502974076386049
mcaja_ahorro_dolares_lag1	0.00293193872448952	0.0025529011829298	0.00457053475974198
thomebanking	0.00293030072747807	0.00185082289283727	0.00215252814430549
Master_mlimitecompra_lag1	0.00281162037329885	0.00275070051088739	0.00378844953397766
Visa_msaldototal_delta1	0.00280382929811185	0.00313965720858951	0.00414002913088089
Visa_mlimitecompra_lag1	0.0027918007692101	0.00379659084529284	0.00357319671954711
Visa_mlimitecompra	0.00277568633798198	0.00303086900624972	0.0041974298813957
diff_comisiones_consumo_delta1	0.00272597411682362	0.0026300296312752	0.00350862087521794
Master_mlimitecompra	0.00270273580707011	0.00308694678053462	0.00424765553809616
cprestamos_personales	0.00266578093128661	0.00324861148632976	0.000982987852566172
Visa_mconsumototal	0.00257584449600353	0.0019457499697689	0.00328619296697304
mttarjeta_visa_debitos_automaticos	0.00255986027542187	0.00184991670646961	0.00314269109068601
diff_comisiones_consumo_lag1	0.00251956706681162	0.00221292509250549	0.00414002913088089
cproductos_lag1	0.00238066834441157	0.00458877121066135	0.00380279972160636
internet_lag1	0.00232373395099005	0.00652012868426098	0.00178659835977355
ctarjeta_debito_transacciones	0.00231630953056353	0.00391266062532854	0.00353732125047535
mtarjeta_visa_consumo	0.00231420960745176	0.00205268419237284	0.0039606517855221
Visa_mconsumototal_lag1	0.00231258272706098	0.00168838986793897	0.00356602162573276
mautoservicio_lag1	0.00230171505586846	0.00198186837225318	0.00375974915872025
mttarjeta_visa_debitos_automaticos_lag1	0.00229849917171354	0.00139075418958792	0.00310681562161425
mttarjeta_visa_debitos_automaticos_delta1	0.00229222516681979	0.00263808834311676	0.00251128283502307
mprestamos_personales_delta1	0.0022396935906015	0.00904663727738319	0.00248975755358001
Visa_cconsumos_delta1	0.00222942329292579	0.00449122183489071	0.00380997481542071
mautoservicio_delta1	0.00220570320704195	0.00325610533024876	0.00279111149378278
ctarjeta_visa_transacciones_lag1	0.00216990519188567	0.00323964940893414	0.00374539897109155
tcallcenter	0.00211201064960295	0.000585102676290869	0.000416155441232394
mautoservicio	0.00208960253482689	0.00210353535166639	0.00370234840820544
mtarjeta_visa_consumo_delta1	0.00207614224735967	0.00338864407786195	0.00318574165357212
mpagomiscuentas	0.00206123707070446	0.00247537429466398	0.00215970323811984
mtransferencias_emitidas_lag1	0.00205228918481005	0.00206652451428073	0.00315704127831471
ctarjeta_visa_transacciones_delta1	0.00203442779692307	0.00348851921444235	0.00261890924223834
cmobile_app_trx	0.00201490724316848	0.00106074897002143	0.00212382776904808
ccomisiones_otras_delta1	0.00198865724447341	0.00304333700234325	0.00257585867935223
mcomisiones_mantenimiento	0.00198779488068301	0.00200372861981568	0.00218122851956289
mtransferencias_emitidas_delta1	0.00197716535622428	0.00235727564444948	0.00226732964533511
ctarjeta_debito_transacciones_lag1	0.0019513129487256	0.00309550724459454	0.00382432500304942
ctarjeta_debito	0.00192350942818954	0.00216968378309006	0.00246105717832261
mcuenta_debitos_automaticos	0.00190250330903992	0.00286269351007373	0.00208077720616197
Visa_mconsumosdolares	0.00189125682354926	0.0031099776657394	0.00184399911028837
Master_mpagominimo	0.00186516325700373	0.00523223475724124	0.00178659835977355
ctarjeta_debito_lag1	0.00184234918694313	0.00184065527023113	0.00261890924223834
mtarjetas_consumo_delta1	0.00181755037190414	0.00246777255462494	0.00274088583708232
mpagomiscuentas_lag1	0.00177881185117875	0.00254827046481056	0.00228885492677817
diff_comisiones_beneficios_lag1	0.00175990313148058	0.00412579812721341	0.00271936055563927
mtransferencias_emitidas	0.00175360864290677	0.00268645295522559	0.00297048883914157
ctransferencias_recibidas_lag1	0.00174966171560634	0.00146440563257478	0.00269783527419621
Visa_mconsumototal_delta1	0.00173357496161082	0.00117377473958555	0.0026547847113101
diff_comisiones_beneficios	0.00170175478979926	0.00222194922780022	0.00194445042368929
active_quarter_lag1	0.00165807737726474	0.00100343779499176	0.0011121395412245
mcomisiones_mantenimiento_lag1	0.00162565447882701	0.00250266355059334	0.00196597570513234
ctarjeta_visa_debitos_automaticos	0.00162515659875797	0.000702254943543967	0.0013345674494694
mtarjeta_visa_consumo_lag1	0.00158314253301095	0.00216015789557698	0.00269066018038186
internet	0.00158287460725382	0.00368481363834658	0.00142784366905597
Master_msaldopesos	0.00156642440764789	0.00139684820475999	0.00145654404431338
Visa_mpagado_delta1	0.00156616259533515	0.00165217978901283	0.00157134554534301
mextraccion_autoservicio_delta1	0.00153977318870926	0.00277626201848931	0.00150676970101384
ctransferencias_recibidas	0.00151494721618124	0.00140715581024081	0.00269783527419621
thomebanking_delta1	0.00150508413605636	0.0034876098546594	0.00161439610822912
ccomisiones_mantenimiento_lag1	0.00147655008608232	0.002503301054466	0.00131304216802635
ctransferencias_recibidas_delta1	0.00146636424915142	0.00236631846763428	0.00190139986080318
tcallcenter_delta1	0.00141156524861284	0.00205549513312107	0.000652933537105998
ccomisiones_mantenimiento	0.00140696082563013	0.00154768204415228	0.00104038860308099
mcuenta_debitos_automaticos_lag1	0.00139924702905554	0.00228061897717798	0.00228885492677817
cprestamos_personales_lag1	0.00137301757384181	0.00575733097111163	0.00134891763709811
ctarjeta_debito_transacciones_delta1	0.00135197425104044	0.00133828952491756	0.00165027157730087
mtarjeta_master_consumo	0.00134106319939583	0.00104715264848958	0.000638583349477294
ccajas_consultas_delta1	0.00132566894537969	0.00573560471219492	0.00101168822782358
cmobile_app_trx_lag1	0.00129304944213788	0.000837938898316504	0.00185834929791707
Visa_mpagado_lag1	0.00129110570998027	0.00140089889308358	0.00162157120204347
Visa_mconsumosdolares_lag1	0.00127291946254118	0.00297178036605298	0.00168614704637263
Master_msaldototal	0.00123239145508474	0.00225729472735924	0.00132739235565505
mextraccion_autoservicio_lag1	0.00121241948136548	0.00305057591523352	0.00160004592060041
ccuenta_debitos_automaticos	0.00121106317655511	0.000912513099950897	0.000803610507207382
thomebanking_lag1	0.00115130641899481	0.000733593477390128	0.00154982026389995
ctarjeta_visa_debitos_automaticos_lag1	0.00113946467496488	0.000905265724619836	0.00139914329379857
Master_msaldopesos_lag1	0.00104767400799678	0.000851207300267843	0.00116236519792496
ccaja_ahorro	0.00104630118610641	0.00263221646701536	0.000861011257722195
diff_comisiones_beneficios_delta1	0.00101864337421307	0.00106101871032153	0.000875361445350898
ccallcenter_transacciones_delta1	0.000999952857238894	0.00321533787435687	0.000947112383494414
Master_mpagominimo_lag1	0.000970382480311436	0.000637406907187962	0.00105473879070969
ccallcenter_transacciones	0.000961784422568966	0.00076880498830335	0.000416155441232394
ccajas_otras_delta1	0.000955057927983074	0.00504346132758687	0.000767735038135624
Master_fultimo_cierre_lag1	0.000948286736396527	0.00183188289254983	0.00142784366905597
mextraccion_autoservicio	0.000938882478592915	0.00137515544300473	0.00136326782472681
Master_mpagospesos_lag1	0.000923023790838324	0.0016494294957569	0.00120541576081107
tcuentas_lag1	0.000915716986810289	0.00546415817247087	0.000990162946380524
cextraccion_autoservicio_delta1	0.00090432458393033	0.00282131005901286	0.00128434179276894
Visa_fultimo_cierre_lag1	0.000890735641632361	0.00123407421401829	0.00140631838761292
Master_fultimo_cierre	0.000883761377460885	0.00124524252024754	0.00138479310616986
Master_mconsumospesos_lag1	0.000842509711433994	0.00072618284747221	0.000861011257722195
cextraccion_autoservicio	0.000841842629793253	0.000705023219486565	0.000954287477308766
Master_mconsumospesos	0.000818921643146115	0.00118597687399767	0.000975812758751821
ctransferencias_emitidas	0.000800518821018181	0.000844378815755761	0.001305867074212
diff_master_compra	0.00075898326559477	0.00117984301483356	0.000911236914422656
ctransferencias_emitidas_lag1	0.000749269436328774	0.000736204845576458	0.00116954029173931
Visa_fultimo_cierre	0.000739571452739406	0.00115364576636748	0.00126281651132589
Master_mpagospesos_delta1	0.000737238860254712	0.00182355338260308	0.00104756369689534
matm_delta1	0.000734607094262892	0.00122576162895311	0.000982987852566172
Master_msaldototal_lag1	0.000732866688871564	0.000851192490996465	0.00106191388452404
Master_mfinanciacion_limite_delta1	0.00072694489045551	0.00266572632212691	0.00137044291854116
diff_master_compra_lag1	0.000713045360928307	0.00150199720495947	0.000947112383494414
Visa_mpagado	0.000713033259761586	0.00115641474751347	0.000739034662878217
cextraccion_autoservicio_lag1	0.000677842292269631	0.00061584707627341	0.000947112383494414
cplazo_fijo	0.000669162721247033	0.00229988196062213	0.000408980347418042
ccaja_seguridad_lag1	0.000663464661251449	0.000803860649265403	0.000229603002059252
matm	0.000655832179330276	0.000660609862022079	0.000817960694836085
Master_msaldopesos_delta1	0.000654162771901856	0.00039649884805395	0.00061705806803424
mpagomiscuentas_delta1	0.000643501223859064	0.001276652279637	0.000925587102051359
mcuenta_debitos_automaticos_delta1	0.000640132099514652	0.00161694042256534	0.000853836163907843
ctransferencias_emitidas_delta1	0.000630791175527441	0.00166595840562331	0.000975812758751821
mpayroll_delta1	0.000628919483072521	0.00118044596373966	0.00121259085462542
catm_trx_delta1	0.000618868724070022	0.00139907911571258	0.000789260319578678
internet_delta1	0.000590604073301056	0.00251071450519751	0.00079643541339303
Visa_mfinanciacion_limite_delta1	0.000590090384051267	0.000954597523190334	0.000861011257722195
ccaja_seguridad	0.00058970931999545	0.00156963784677534	0.000315704127831471
catm_trx	0.00058940317881293	0.00098577809147513	0.000674458818549053
mcomisiones_mantenimiento_delta1	0.000588687170421877	0.00120060561330559	0.000480731285561559
ccaja_ahorro_lag1	0.000561522332836682	0.00101520023508463	0.00057400750514813
tmobile_app	0.000561125195971845	0.00158050855717023	0.000243953189687955
matm_other_delta1	0.000554507492639108	0.00391887523028183	0.000954287477308766
cpagomiscuentas_lag1	0.000546956603402942	0.00074457173130336	0.0011121395412245
cpagomiscuentas	0.000540741031446469	0.000624469598232433	0.0010977893535958
Master_mpagospesos	0.000540146311446063	0.00069721168143634	0.000889711632979601
Master_msaldototal_delta1	0.000536867983243556	0.000531019922421611	0.000710334287620811
ccuenta_debitos_automaticos_lag1	0.000536801469168152	0.00153746047348612	0.00083948597627914
mplazo_fijo_dolares	0.000535469849524097	0.00138919145885583	0.000373104878346284
Master_cconsumos_delta1	0.000531872582697565	0.000645059069270022	0.00053095694226202
Master_mlimitecompra_delta1	0.000526898581846568	0.00378970947052584	0.00111931463503885
Master_mconsumototal	0.00052248988284322	0.000464503727425378	0.000624233161848591
Master_mpagominimo_delta1	0.00051387585322782	0.00119589873321926	0.000810785601021733
Visa_msaldodolares	0.000482376813310058	0.00216570643591996	0.000509431660818965
Visa_mconsumosdolares_delta1	0.000477725750364741	0.00117969421691638	0.000746209756692569
ccajas_transacciones_lag1	0.000465114753080426	0.001019742802779	0.000602707880405536
Visa_status_delta1	0.000451383417586457	0.00041470578940817	0.000136326782472681
active_quarter_delta1	0.000443676005814217	0.00641528151111625	0.00102603841545228
ccajas_otras	0.000436266450018619	0.00094720452335739	0.000150676970101384
mtarjeta_master_consumo_lag1	0.000431622814882104	0.000845866089724158	0.000552482223705075
mttarjeta_master_debitos_automaticos	0.000429473141454312	0.00139101828826083	0.000394630159789339
tmobile_app_lag1	0.000415436495285997	0.00129149257996461	0.000208077720616197
Master_status_delta1	0.000412054074445678	0.00047712122663948	0.000114801501029626
Master_mconsumospesos_delta1	0.000398791443967811	0.000372829048569725	0.000588357692776833
matm_lag1	0.000392712423678756	0.000476479138944732	0.000688809006177756
Master_cconsumos_lag1	0.000390713587241947	0.000556138562288989	0.000466381097932856
ctarjeta_master_delta1	0.000388404410832103	0.00071425186376699	0.000100451313400923
ccajas_transacciones	0.000388015986065115	0.00116170765162433	0.000394630159789339
diff_master_compra_delta1	0.000383012012143502	0.000613101014237879	0.000595532786591185
Visa_mlimitecompra_delta1	0.000380278380446126	0.00121902482088289	0.000746209756692569
ctarjeta_master_transacciones_delta1	0.000374308819397568	0.000995502846346719	0.000344404503088878
mplazo_fijo_dolares_delta1	0.000353777522316155	0.00353405772392987	0.00057400750514813
Visa_mpagosdolares_delta1	0.000350976845905332	0.00121768176100958	0.000502256567004614
catm_trx_other_delta1	0.000344725661621759	0.000583463430989998	0.000294178846388417
ccallcenter_transacciones_lag1	0.000343598465965009	0.00148102657148475	0.000365929784531933
Master_mpagado_lag1	0.0003415429862266	0.00147281765131921	0.000408980347418042
Master_cconsumos	0.000339604981792572	0.00030154285778296	0.00048790637937591
catm_trx_lag1	0.000330933191675086	0.000447769603369875	0.000502256567004614
tmobile_app_delta1	0.000330281109357275	0.00141753358345983	0.000243953189687955
ccajas_consultas_lag1	0.000312528925102359	0.00249751838659456	0.000602707880405536
ctarjeta_visa_debitos_automaticos_delta1	0.000305207031589798	0.0015492877922917	0.000538132036076372
cdescubierto_preacordado_lag1	0.000302716471352008	0.000804179401201731	0.000459206004118504
Master_mconsumototal_lag1	0.000292045863954144	0.0004568632011994	0.000459206004118504
ctarjeta_master_transacciones_lag1	0.000291586419278867	0.000328139956576247	0.000322879221645823
mprestamos_prendarios	0.000289461718619522	0.00515534819366167	0.000674458818549053
mplazo_fijo_dolares_lag1	0.000288120485238734	0.000969539020205693	0.000444855816489801
cmobile_app_trx_delta1	0.000273937673533928	0.0031423687156585	0.000566832411333778
ctarjeta_visa	0.000266011128332675	0.000275477129750786	0.000200902626801845
Master_mpagado	0.000240915687288933	0.000166823973861893	0.000208077720616197
cpagomiscuentas_delta1	0.000236268237352203	0.000463009048821292	0.000365929784531933
Visa_Fvencimiento_delta1	0.000233548026848328	0.000235445553605706	0.000107626407215274
cliente_edad_delta1	0.000228903326106341	0.00108086771779022	0.000473556191747207
Visa_mpagosdolares_lag1	0.000223458837344622	0.00015411197739233	0.00035157959690323
mtarjeta_master_consumo_delta1	0.000215131220513393	0.000491149485253193	0.000287003752574065
Visa_status_lag1	0.00021461060996044	0.00192156149318474	0.000258303377316658
Visa_msaldodolares_lag1	0.000211058055396035	0.0003265525437252	0.000294178846388417
cseguro_accidentes_personales	0.000193710445212449	0.000298572541066562	0.000322879221645823
Master_mconsumototal_delta1	0.000192871258818966	0.000282293625805085	0.000315704127831471
Visa_msaldodolares_delta1	0.000191950079189655	0.00097004747185634	0.000322879221645823
ccajas_transacciones_delta1	0.000187422082204645	0.000497331298248432	0.000229603002059252
catm_trx_other_lag1	0.000181624763932083	0.000185208979074349	0.000229603002059252
matm_other_lag1	0.000169294933119459	0.000689067992585208	0.000294178846388417
mttarjeta_master_debitos_automaticos_delta1	0.000166529276409132	0.000534460257203413	0.000193727532987494
cseguro_accidentes_personales_lag1	0.000159923120645281	0.000365404314583827	0.000243953189687955
Master_mpagado_delta1	0.000156064836564031	0.000278083208911624	0.000193727532987494
matm_other	0.000141571125919574	0.000558044021872965	0.000315704127831471
catm_trx_other	0.000140411992793663	0.00020801737260675	0.000186552439173142
cseguro_vivienda_lag1	0.000139723470662623	0.000825958550373357	0.00035157959690323
mforex_sell_lag1	0.000136856824324423	0.000641845104779285	0.000215252814430549
ctarjeta_master_transacciones	0.000135936238826004	0.000412321496716303	0.000330054315460175
Visa_mpagosdolares	0.00013552874158321	0.000113283874008131	0.000301353940202768
mttarjeta_master_debitos_automaticos_lag1	0.000131245861933588	0.000296463630301987	0.000186552439173142
tcuentas_delta1	0.000126100027392915	0.00611614374952542	0.000774910131949975
cseguro_vivienda	0.00012388675331258	0.000862859728630476	0.000380279972160636
tcallcenter_lag1	0.000123578367253069	0.000156960999124108	0.000129151688658329
ccajas_consultas	0.000121276187610008	0.00113610982604736	0.0002224279082449
mcaja_ahorro_adicional_delta1	0.000101351855895534	0.00343320588064192	0.000452030910304152
mcheques_depositados_lag1	0.000100383982119497	0.000442397011274936	7.89260319578679e-05
cprestamos_personales_delta1	9.84523492108847e-05	0.00149273999994139	0.000322879221645823
mtarjeta_visa_descuentos_lag1	9.61803797658514e-05	0.000361418152371234	0.000165027157730087
cplazo_fijo_lag1	9.13855991125488e-05	0.000186723050771905	0.000186552439173142
mcheques_emitidos_lag1	8.09751521246043e-05	0.00095379077050193	0.000143501876287032
cplazo_fijo_delta1	8.02153773755138e-05	0.000537644955753093	0.000150676970101384
mtarjeta_visa_descuentos_delta1	8.00848750467556e-05	0.000438048021913581	0.000107626407215274
cinversion2	7.51190637415259e-05	0.00189819916238246	0.000251128283502307
ccajas_extracciones_delta1	7.30115844850421e-05	0.000237450446868935	0.000100451313400923
ccajas_extracciones_lag1	6.8650069558464e-05	0.00056127350083848	0.000157852063915736
ctarjeta_master_debitos_automaticos_delta1	6.46230877497491e-05	0.000591786241504465	0.000114801501029626
Visa_madelantopesos	6.3128417850489e-05	0.000142820613169962	8.61011257722195e-05
mcaja_ahorro_adicional_lag1	6.18074364650308e-05	0.00168057515647345	0.000243953189687955
ccajas_depositos_delta1	6.16453028088448e-05	0.000259407659898798	7.17509381435162e-05
Master_mconsumosdolares_lag1	6.12571178818359e-05	1.54277347589385e-05	4.30505628861097e-05
cpayroll_trx_delta1	5.81976575157176e-05	0.000620164684083512	0.000466381097932856
Visa_delinquency	5.34240918996539e-05	6.11577069692738e-05	7.89260319578679e-05
mbeneficios_lag1	5.32934045848613e-05	0.00012546520491998	7.89260319578679e-05
mcajeros_propios_descuentos_delta1	5.26002570436783e-05	4.84393636691204e-05	2.87003752574065e-05
ccheques_depositados_lag1	5.24744652152604e-05	0.000440020123218758	5.7400750514813e-05
mbeneficios_delta1	5.05370922044047e-05	0.000136414898095554	9.32762195865711e-05
mcaja_ahorro_adicional	4.99298013076354e-05	0.00193720748839566	0.000251128283502307
ccuenta_debitos_automaticos_delta1	4.43503885152152e-05	0.000472732040684384	0.000129151688658329
Visa_Finiciomora_lag1	4.38001131919101e-05	0.000488482758600044	0.000107626407215274
Visa_delinquency_lag1	4.20673883718852e-05	0.000128411544720814	0.000114801501029626
ccajas_extracciones	4.1532307910367e-05	0.00034994202485834	0.000114801501029626
cdescubierto_preacordado_delta1	4.0186151054074e-05	0.000328410402079747	4.30505628861097e-05
minversion2	3.9294022206521e-05	0.000841338683902866	0.000114801501029626
mprestamos_prendarios_lag1	3.68304504181098e-05	0.00125661780367439	0.000179377345358791
cseguro_vida_lag1	3.48931018643884e-05	0.000130624472986735	7.17509381435162e-05
ccajas_depositos_lag1	3.42366578683069e-05	0.000134748502463824	4.30505628861097e-05
cseguro_vida	3.32832436699428e-05	0.00012804307594486	5.02256567004614e-05
Master_msaldodolares_lag1	3.29006990985316e-05	3.51290021155443e-05	5.02256567004614e-05
cforex_sell_lag1	3.20914549171686e-05	7.00030732023663e-05	2.87003752574065e-05
ctarjeta_master_debitos_automaticos_lag1	3.12919504938256e-05	3.23459169015684e-05	4.30505628861097e-05
mforex_sell	2.99003857426697e-05	0.000130646686893802	5.7400750514813e-05
Master_mpagosdolares_lag1	2.9804167207415e-05	2.57564963417329e-05	7.89260319578679e-05
tcuentas	2.96235753565441e-05	0.000428686094190754	0.000121976594843978
Master_mpagosdolares	2.81866507182147e-05	2.12513044275089e-05	7.89260319578679e-05
Visa_delinquency_delta1	2.79158430168704e-05	3.54449332382761e-05	5.7400750514813e-05
Master_mconsumosdolares	2.37286975897248e-05	9.00791561655166e-06	4.30505628861097e-05
mprestamos_prendarios_delta1	2.25968394836168e-05	0.000679668336480537	0.000100451313400923
Master_msaldodolares	2.14761265337682e-05	2.27008500140609e-05	5.02256567004614e-05
Visa_madelantopesos_lag1	2.14272716095083e-05	1.88479712438702e-05	4.30505628861097e-05
ctarjeta_master_debitos_automaticos	2.05804164951812e-05	0.000354413367009414	6.45758443291646e-05
cseguro_accidentes_personales_delta1	2.01306016542054e-05	0.000717827244999691	9.32762195865711e-05
cprestamos_prendarios	1.95089116922609e-05	0.000308181995182422	4.30505628861097e-05
Master_delinquency_delta1	1.88555431220175e-05	6.13879558790326e-06	2.15252814430549e-05
Master_mconsumosdolares_delta1	1.83885588424151e-05	7.67014476873403e-06	3.58754690717581e-05
ccajeros_propios_descuentos_lag1	1.82900027896629e-05	7.83893520227391e-05	3.58754690717581e-05
ccajas_depositos	1.79719344396097e-05	0.000190984242310091	2.87003752574065e-05
minversion2_delta1	1.7240147108562e-05	0.000228639988204091	2.87003752574065e-05
Master_status_lag1	1.66424266123995e-05	2.84373270628603e-06	1.43501876287032e-05
Master_mpagosdolares_delta1	1.64953459054777e-05	1.35025294797913e-05	3.58754690717581e-05
Master_msaldodolares_delta1	1.61737090083101e-05	4.27145224764037e-05	5.02256567004614e-05
mcajeros_propios_descuentos_lag1	1.44059702718126e-05	2.98353928012886e-05	2.87003752574065e-05
mtarjeta_master_descuentos_lag1	1.43972811426373e-05	1.4455611873479e-05	1.43501876287032e-05
ccajeros_propios_descuentos_delta1	1.32254321112053e-05	2.24043119848003e-05	1.43501876287032e-05
minversion1_pesos_delta1	1.10030562142197e-05	8.88097900473976e-05	4.30505628861097e-05
cinversion1_lag1	1.07455460176747e-05	0.00012215850618228	2.87003752574065e-05
Master_Fvencimiento_delta1	9.62182742315362e-06	2.98953350901997e-05	2.87003752574065e-05
Visa_cadelantosefectivo	9.15020151303908e-06	4.53481045698011e-06	7.17509381435162e-06
minversion1_pesos	8.72505063512539e-06	5.10898706440927e-05	1.43501876287032e-05
minversion2_lag1	8.26348481017566e-06	9.29246518803001e-05	2.15252814430549e-05
Master_delinquency_lag1	8.18905202864453e-06	3.77460119290663e-06	1.43501876287032e-05
cseguro_auto_lag1	7.81496315230571e-06	9.08065734715387e-05	4.30505628861097e-05
mforex_sell_delta1	6.94456969567112e-06	6.90894821990201e-05	1.43501876287032e-05
ctarjeta_master_lag1	6.94388481832644e-06	1.15512316748829e-06	7.17509381435162e-06
minversion1_pesos_lag1	6.4992263015776e-06	5.66602722924383e-05	2.15252814430549e-05
Visa_cadelantosefectivo_lag1	6.2838365554338e-06	2.05979334783771e-05	1.43501876287032e-05
ccheques_emitidos_lag1	5.15959934953559e-06	7.8728907459336e-06	7.17509381435162e-06
Visa_madelantodolares	3.90283638827728e-06	4.07783865445728e-06	1.43501876287032e-05
cprestamos_prendarios_lag1	3.73251907652438e-06	0.000252757944448352	3.58754690717581e-05
Visa_madelantopesos_delta1	3.71753439777461e-06	3.63814433520883e-06	1.43501876287032e-05
cforex_lag1	2.23961711004506e-06	1.23784352618571e-05	1.43501876287032e-05
ccajas_otras_lag1	1.32586819442961e-06	5.98844622324605e-05	1.43501876287032e-05
ccheques_depositados_delta1	1.13109091625059e-06	5.16286460408943e-05	7.17509381435162e-06
ctarjeta_visa_lag1	1.01006102788246e-06	2.04720546716636e-05	1.43501876287032e-05
Master_delinquency	3.53012499894524e-10	3.7059849021883e-05	4.30505628861097e-05
Visa_cadelantosefectivo_delta1	1.7409608104313e-10	4.45723808309506e-06	1.43501876287032e-05
Master_madelantodolares_lag1	2.02997179276043e-12	2.43436213319265e-06	7.17509381435162e-06
Master_cadelantosefectivo_delta1	8.28211622672842e-18	1.05110566614242e-06	7.17509381435162e-06
Master_madelantodolares	1.51977822614536e-20	1.28241238099966e-06	7.17509381435162e-06
