Feature	Gain	Cover	Frequency
ctrx_quarter	0.120220197585354	0.024672978499066	0.0352647588593709
mpasivos_margen	0.0363601876473007	0.0180103945023215	0.0345295522636891
mcaja_ahorro	0.0286850408705181	0.0117871018733895	0.027044187868941
cpayroll_trx_rank	0.0256505629182137	0.00869725393220364	0.00112571469553323
cliente_edad	0.0234090276592817	0.0296702520734249	0.0304513710401446
numero_de_cliente	0.022816931851639	0.023558982544701	0.0285213598543405
mpayroll_rank	0.021664626847298	0.015141919426377	0.00202989114211228
mrentabilidad_annual	0.020542176182419	0.0246382928171713	0.0259361211356126
mcuenta_corriente	0.0203142583633978	0.0217092072627097	0.0234650309383797
mcuentas_saldo	0.0191117342951472	0.0149611612529072	0.0253034229161418
Master_fechaalta	0.0169354409555624	0.0154855687636942	0.0193658223556124
Visa_Fvencimiento	0.0168436195183976	0.0140422962867197	0.0217528031159543
cliente_antiguedad	0.0164448442780516	0.0202717021003621	0.0212530278458559
mprestamos_personales	0.0162240854436226	0.0119633104157786	0.0051749833001464
Master_mfinanciacion_limite	0.0149297383419669	0.0148628428110835	0.0174673522086425
mactivos_margen	0.0146466904138421	0.0191061199188206	0.0185367436205433
Visa_msaldototal	0.014568352936353	0.00620787029373814	0.0128052862781086
Visa_fechaalta	0.0144046911947486	0.011152068151603	0.0163420130016668
mtarjeta_visa_consumo	0.0131145777066269	0.0083585657995352	0.0107607510822519
Master_Fvencimiento_rank	0.0122838677826091	0.0108185077302529	0.0141532901997111
mrentabilidad	0.0121371039998423	0.0142003240518257	0.0163089700086024
Visa_mfinanciacion_limite	0.0120964910776161	0.0106139333450965	0.0166059814576241
chomebanking_transacciones	0.0106036515140157	0.00707586467226285	0.0147608306858261
Visa_mpagominimo	0.00969000770143762	0.00681551930798413	0.0122698395950431
mcomisiones	0.00906485295234992	0.00560689487627631	0.0140950894732909
ctarjeta_visa_transacciones	0.00888767725712949	0.00695591463989376	0.0106713848055551
Visa_msaldopesos	0.00739880958835277	0.00559383597350739	0.0109687717431343
active_quarter	0.00737442164318588	0.00577284562975668	0.00575098274742725
cproductos	0.00736694609035177	0.0146465299817827	0.0120498033003191
cdescubierto_preacordado	0.00724212496837352	0.0121145491889049	0.00260438863516293
cprestamos_personales	0.00714603462895268	0.0081042743054166	0.00237008377525208
Visa_mpagospesos	0.00696294002067812	0.00731846410116731	0.0120501787888767
mcaja_ahorro_dolares	0.0068423789443221	0.00691997562262219	0.00809928818634145
mtransferencias_recibidas	0.0064881775814022	0.00588399888839548	0.00815598695853142
Visa_status	0.00611700975331162	0.0118220640147239	0.001412587953501
Visa_mconsumospesos	0.00609402646889436	0.00369627927188573	0.00994030858400637
mcomisiones_otras	0.00593154140451059	0.00476231444320646	0.00820705340235814
ccomisiones_otras	0.00583351383776222	0.00806523491975875	0.0122901159771508
mactivos_margen_delta_pct1	0.00578476082820155	0.00675551664585562	0.00634575662258556
mcomisiones_mantenimiento_rank	0.0054268332473083	0.00954744605808166	0.00741627450015902
mrentabilidad_annual_delta_pct1	0.00541775174127127	0.00745125289413812	0.00631571753798161
mttarjeta_visa_debitos_automaticos	0.00495214590926012	0.00235303100330889	0.00540140290034872
mpasivos_margen_delta_pct1	0.00494192143088505	0.00604908145669693	0.00674565193637572
Master_mlimitecompra	0.00489638528861489	0.00450187474355262	0.00525571334001953
cliente_edad_lag1	0.0048515979723997	0.0105117466007627	0.00507059748114766
mrentabilidad_annual_lag1	0.00482680138022383	0.00616965571160677	0.00650609023665917
mcuentas_saldo_delta_pct1	0.00475689724183306	0.00304067531139964	0.00563307934035672
Visa_cconsumos	0.00471641374385422	0.00334179564293673	0.00661836131536646
ctrx_quarter_delta_pct1	0.00427449921179461	0.00353031116574438	0.00627178537674832
mcaja_ahorro_delta_pct1	0.00415833285869716	0.00282223062882225	0.00482652991874052
mcuenta_debitos_automaticos	0.00407480095748142	0.00353467283595642	0.00361783225198887
mcuenta_corriente_delta_pct1	0.00405634617366565	0.00405739469348109	0.00462902293746952
chomebanking_transacciones_delta_pct1	0.0040025964143965	0.00198745776198454	0.00369668484907425
ctarjeta_debito	0.00397305637246624	0.00995021733110711	0.00475218318434573
Visa_mlimitecompra	0.00387469425656011	0.00416610114804655	0.00501727810597564
mrentabilidad_annual_delta1	0.00382554744591166	0.00857387958881814	0.00476307235251467
ccomisiones_mantenimiento	0.00355197533342601	0.0094036373000066	0.00247935094549896
ctransferencias_recibidas	0.00352910278486709	0.00254139918624971	0.00457382611950975
mrentabilidad_delta_pct1	0.0034761305058203	0.00370439266627651	0.00389719573880565
ctarjeta_debito_transacciones	0.00325830113645098	0.00188076390058937	0.00387091153977719
mtransferencias_emitidas	0.0032488998134952	0.00259839810276328	0.00381383727902968
mcaja_ahorro_dolares_delta_pct1	0.00321646339170901	0.00495329491150574	0.00275871443231575
Master_mpagominimo	0.00318649342859832	0.0027585914010833	0.00196493162165623
mcuenta_corriente_lag1	0.00309451361129006	0.00699684980376323	0.00379994420240035
mprestamos_personales_delta_pct1	0.00306510636415754	0.00352506230130208	0.0011399832607201
mautoservicio	0.00294054996692459	0.00254758517326044	0.00430047044961375
thomebanking	0.00293433473292599	0.00504801362268568	0.00234079566776322
mactivos_margen_lag1	0.00286235171128545	0.00317278025177654	0.00365125073361077
cmobile_app_trx	0.00284245433624533	0.00246360444644389	0.00323032806059785
ccallcenter_transacciones	0.00273241525883378	0.00353874014193772	0.00226006562789009
mpagomiscuentas	0.00272278386570991	0.00283778539636963	0.00289952264139679
Master_Fvencimiento_rank_delta_pct1	0.00271179777720133	0.00303290857584973	0.00256571331373533
ctarjeta_visa_debitos_automaticos	0.00267206028024108	0.00202315983655806	0.00266559327004349
Master_status	0.00267073510342269	0.00174645462013841	0.00108290899997259
mcomisiones_delta_pct1	0.00262723419691351	0.00133620647987707	0.00363210081717575
mactivos_margen_delta1	0.00260745243689434	0.00464303745745603	0.00291867255783181
ctrx_quarter_delta1	0.0025522397803303	0.00360388321437743	0.00292843526032809
chomebanking_transacciones_lag1	0.0025482895751006	0.001439160527329	0.00255820354258435
mrentabilidad_lag1	0.0025457825336782	0.00320366562204179	0.00328627585567271
Master_msaldopesos	0.00251877276856353	0.00283435390766163	0.00222739812338329
mcuentas_saldo_delta1	0.0025120662093986	0.00190153527240478	0.00282742883834729
mrentabilidad_delta1	0.00249721367184185	0.0023451740339219	0.00291679511504406
Visa_mpagado	0.00245519069970329	0.00125615116160048	0.0024173953335033
mcuentas_saldo_lag1	0.00241711974016279	0.00367841549616831	0.00401622561154883
Visa_Fvencimiento_delta_pct1	0.00241622304041497	0.00312216719337785	0.00257134564209858
ccaja_ahorro	0.00239680892924215	0.00587969787362113	0.00202951565355473
internet	0.00235935700942933	0.00620186572091034	0.00215680627456399
chomebanking_transacciones_delta1	0.00233555315204641	0.00120429233989518	0.00231376049161966
mcuenta_corriente_delta1	0.00229795871871433	0.00627691424436525	0.00334147267363248
cliente_antiguedad_delta_pct1	0.00229597586037934	0.00502545942270645	0.00301817702558241
mpasivos_margen_lag1	0.00221032594182868	0.00270884084881084	0.00581030993952006
Visa_Fvencimiento_lag1	0.00220677500539192	0.00255693328835538	0.00278161923432626
mtransferencias_recibidas_delta_pct1	0.00213930222066953	0.00203102989931651	0.00215117394620075
Master_msaldototal	0.00213474354669712	0.00260806101090347	0.00265170019341416
ccomisiones_mantenimiento_delta1	0.00212892395012565	0.0025409660796069	0.000620682585629227
Master_fechaalta_lag1	0.0021126977119694	0.00201503390092594	0.00246245396040924
ccuenta_debitos_automaticos	0.00208157453892482	0.00183463453315967	0.00195066305646935
Visa_mconsumosdolares	0.00206342376044363	0.00163169145588649	0.00257021917642593
ctrx_quarter_lag1	0.00204801727914423	0.00484603700975312	0.0072596957716609
cliente_antiguedad_lag1	0.00203168057450264	0.00426877345138481	0.00291266474091102
ctransferencias_emitidas	0.00198473538362427	0.00207393348594651	0.00233891822497547
mcomisiones_lag1	0.00193070687682527	0.00217388079050569	0.00453477530952461
mtarjeta_master_consumo	0.00192440707793552	0.00227127015508555	0.0012135790179998
Master_mpagospesos	0.00191997594351103	0.00184496543987171	0.0023223967284433
mextraccion_autoservicio	0.0019094200052568	0.0012657671386803	0.00190034758975772
Visa_fechaalta_lag1	0.00190077032990153	0.00188959766703784	0.00217708265667166
Visa_mfinanciacion_limite_lag1	0.00185033171936404	0.00254521961119076	0.00195216501069955
Visa_fultimo_cierre_rank	0.00184377148307858	0.00210976381245978	0.00312706870727175
Visa_mpagominimo_delta_pct1	0.00180270019986034	0.000890943903671262	0.00233628980507263
mcomisiones_otras_delta_pct1	0.00176629192765592	0.000896889398576015	0.00180647545037036
mcomisiones_otras_lag1	0.00175081439182501	0.00214022593554868	0.00250150477039438
Master_mfinanciacion_limite_lag1	0.00173852286732209	0.00207887252651465	0.00197281688136477
mcaja_ahorro_lag1	0.00169590513567173	0.00219836279224362	0.00453102042394911
ccajas_consultas	0.00168434651512798	0.0072052334923825	0.00135739113554123
Visa_mconsumototal	0.00167935502697203	0.000998868699735483	0.00253642520624648
tcallcenter	0.00166740321684565	0.00113149627071068	0.000920322454553681
cpagomiscuentas	0.00164989015471922	0.00107348529968355	0.00199121582068469
mpasivos_margen_delta1	0.00162859240190263	0.00107157414070425	0.00222514519203799
mttarjeta_visa_debitos_automaticos_delta_pct1	0.00162760269130238	0.00058588349270812	0.001480926870975
ccomisiones_otras_lag1	0.00160920033389086	0.00379037770431151	0.00298250561261521
Visa_mpagospesos_delta_pct1	0.00160355076334067	0.000959490227307016	0.00197319236992232
Master_fultimo_cierre_rank	0.00159385331735694	0.00329931348934125	0.00293444307724889
mcomisiones_delta1	0.00154690678156241	0.00122037943975587	0.00193113765147678
ctransferencias_recibidas_delta_pct1	0.00153103679784731	0.00114749510862759	0.00149819934462227
mtransferencias_recibidas_delta1	0.00153077259957163	0.000950329363199151	0.0014816778480901
ccomisiones_otras_delta_pct1	0.00148450496751745	0.00219170852001373	0.00235881911852559
Master_mconsumospesos	0.00148042380477589	0.00147323184614943	0.00168707008906964
mcomisiones_mantenimiento_rank_delta_pct1	0.00147488341028314	0.00392880595434804	0.00202200588240374
Master_Fvencimiento_rank_lag1	0.00145185906664422	0.00147762412014537	0.00170058767714142
Master_fechaalta_delta_pct1	0.00144320981597119	0.00140558502135809	0.00171110135675281
mttarjeta_visa_debitos_automaticos_delta1	0.00140503915377453	0.000398154991951458	0.0008741373619751
mcaja_ahorro_delta1	0.00140259191589876	0.00097133641570091	0.00177380794586356
cproductos_delta_pct1	0.00137281952678138	0.00358531484174865	0.000842971811698496
ctarjeta_visa_transacciones_delta_pct1	0.00135448367354858	0.000921508801838578	0.00160746651486916
Master_Fvencimiento_rank_delta1	0.001341719355177	0.00202415879770015	0.00181473619863645
ccaja_seguridad	0.00134110667194248	0.00149883419878055	0.000264719433072356
mcomisiones_mantenimiento_rank_delta1	0.00133942811565141	0.00394028442408071	0.00207157037200027
matm	0.00128155422881221	0.000808852408380605	0.0012462465225066
tmobile_app	0.00125082331498695	0.00149341433175191	0.00047724595664534
Visa_mconsumospesos_delta_pct1	0.00123354693366267	0.000818259364771402	0.00140357622811981
Visa_mpagospesos_lag1	0.00119609633577877	0.000817521324549802	0.00204228226451141
Visa_fechaalta_delta_pct1	0.00119426592622033	0.00144880411091492	0.00154250699441311
Visa_mpagospesos_delta1	0.00116904361879239	0.00105315192480632	0.00137128421217056
Visa_msaldototal_lag1	0.00115345245527789	0.00095863190159456	0.00178432162547495
Visa_msaldototal_delta_pct1	0.00114888433160558	0.000943473642350478	0.00165214965321754
cproductos_lag1	0.00113388056763838	0.00351623610692386	0.00193564351416737
Visa_mpagominimo_lag1	0.00109634580246738	0.000912216373010222	0.00193864742262777
mtarjeta_visa_consumo_delta_pct1	0.00108621599747136	0.00266585641455584	0.00165628002735059
Visa_msaldopesos_delta_pct1	0.00108491961045247	0.000751534202905074	0.00133073144795522
mcaja_ahorro_dolares_delta1	0.00107849586776163	0.0016563410685543	0.00122897404885932
Visa_mconsumospesos_lag1	0.00107824309738551	0.000738364321981641	0.00164463988206655
Visa_cconsumos_lag1	0.00106875999066182	0.000630831538304014	0.00115162340600414
mtransferencias_emitidas_delta_pct1	0.00106452709670125	0.00044993635768822	0.000815936635554937
mtransferencias_recibidas_lag1	0.00106038939326512	0.000691849015596691	0.0013108305544051
Visa_mpagominimo_delta1	0.00104785010809391	0.000769076875518716	0.00123310442299237
ctransferencias_emitidas_delta_pct1	0.00104663549654028	0.000384229087139596	0.000695404808581566
ccajas_transacciones	0.00104053994520902	0.000629362872179595	0.000801292581810508
mautoservicio_delta_pct1	0.0010386790704525	0.000515706334443553	0.00108628839699053
cextraccion_autoservicio	0.00102083066741455	0.000799396864539075	0.00122634562895648
ccallcenter_transacciones_delta1	0.00100887482395718	0.00107271760218683	0.00075323004644418
Visa_mpagosdolares	0.000965272635243724	0.00187772718491858	0.00116025964282777
ctransferencias_recibidas_delta1	0.000952939932285785	0.00047045509053497	0.00079340732210197
mplazo_fijo_dolares	0.000950506724651314	0.00175561012069651	0.000509162484037043
ctarjeta_visa_transacciones_lag1	0.000950473572442259	0.000791496829002576	0.00158606366708884
tcallcenter_delta1	0.000931523137417562	0.00115021829326484	0.00032292015949252
mcuenta_debitos_automaticos_delta_pct1	0.000929987654306976	0.000923928236033016	0.000920322454553681
Visa_mconsumospesos_delta1	0.000890156115893507	0.000475003459603963	0.00103296902181851
mcaja_ahorro_dolares_lag1	0.000858835997202566	0.000860464191294192	0.00110543831342556
ctarjeta_debito_transacciones_delta_pct1	0.000851052688799169	0.00055128205009487	0.00102207985364958
mautoservicio_delta1	0.000830297038996379	0.000887291168535824	0.000822319941033277
cseguro_accidentes_personales	0.000830053126490118	0.000944029952886221	0.000951488004830285
ctarjeta_visa_transacciones_delta1	0.000822505135713317	0.000723396547629636	0.000775759359897146
mttarjeta_visa_debitos_automaticos_lag1	0.000791952049003263	0.00040055060567492	0.000983029043664438
Visa_msaldodolares	0.000785940712315563	0.00146013902681588	0.000943227256564197
ctarjeta_debito_lag1	0.000780984301288304	0.00158965897283748	0.00083358459775976
Visa_cconsumos_delta1	0.000776623091658833	0.000700869402026383	0.000777636802684893
mtransferencias_emitidas_delta1	0.000775015114352091	0.000413763789375061	0.000765245680285762
Visa_cconsumos_delta_pct1	0.000774595683688967	0.000532685834332793	0.00103559744172136
Master_mpagado	0.000761921765556773	0.00242292980911625	0.000770127031533905
Visa_madelantopesos	0.000760475456738679	0.00265043187084151	0.000259838081824214
mpagomiscuentas_delta_pct1	0.000752598624301107	0.000545103950657309	0.000689021503103225
ctarjeta_debito_transacciones_delta1	0.0007510556259971	0.000330708196015726	0.000633449196585908
ccajas_consultas_delta1	0.000749667976392937	0.0025293126635013	0.000487759636256725
thomebanking_delta1	0.000748989580434905	0.00158710426676316	0.000547462316907086
ccajas_otras	0.000747665935650221	0.00559777652618783	0.000604536577654601
Master_cconsumos	0.000739187129341508	0.000791398707592331	0.00101870045663163
Visa_msaldopesos_lag1	0.00073323811397251	0.00121932116406353	0.00150082776452512
matm_other	0.000730429744600511	0.000862137934321055	0.00082682580372387
cseguro_vivienda	0.000719245625233529	0.00168911519709104	0.000691274434448522
ctarjeta_visa_debitos_automaticos_delta_pct1	0.000713817853086985	0.000423301206226105	0.000762241771825366
Visa_mpagado_delta_pct1	0.000703626849376034	0.000325295112300008	0.000428807932721462
Visa_msaldototal_delta1	0.000700821711498125	0.00039564974096092	0.000852734514194782
cliente_edad_delta_pct1	0.000668831177677153	0.00544477661572394	0.000711550816556192
Visa_mpagado_delta1	0.000665731731557376	0.000310969701907041	0.000549715248252382
Visa_msaldopesos_delta1	0.000659939051945261	0.000456881839119578	0.000757735909134773
mcomisiones_otras_delta1	0.000657929155949631	0.00126670449787593	0.000892536301295023
internet_lag1	0.000647681896864803	0.00314554832652831	0.00049076354471712
catm_trx	0.00064562895639551	0.000577727505422226	0.000742716366832795
mtransferencias_emitidas_lag1	0.000630989832808886	0.000244874599385604	0.000630820776683062
mtarjeta_visa_consumo_delta1	0.000612093474436505	0.000570405155744763	0.000793031833544421
mextraccion_autoservicio_delta1	0.000596649788902685	0.000437882095114078	0.000421673650128023
ctarjeta_master_transacciones	0.000588890359280668	0.00132052803518237	0.000734455618566708
Master_mlimitecompra_lag1	0.000588799094479797	0.000802910305132316	0.000517047743745581
ctransferencias_recibidas_lag1	0.000569560953194054	0.000313864914515147	0.000629318822452864
mprestamos_personales_lag1	0.000568425296386872	0.000936674633152904	0.000879018713223243
cseguro_vida	0.000565341919145114	0.00191798157234767	0.000580129821413887
mprestamos_personales_delta1	0.00056509535765607	0.000882911278029761	0.000622560028416974
mcomisiones_mantenimiento_rank_lag1	0.000549677198937606	0.00177885503545832	0.00106413457209512
ctarjeta_debito_transacciones_lag1	0.000529217112395841	0.000412032703691246	0.000769751542976355
internet_delta_pct1	0.000514266105704834	0.00440479670148581	0.00073295366433651
cpayroll_trx_rank_lag1	0.000511644185150257	0.00139078517343889	0.00036309743515031
cpagomiscuentas_delta_pct1	0.00050896706232225	0.000541490495636261	0.000617303188611282
mextraccion_autoservicio_delta_pct1	0.000506719730008381	0.000261092948463853	0.00039013261129387
mplazo_fijo_dolares_delta_pct1	0.000503836142890223	0.0018586454101521	0.000264719433072356
Visa_mlimitecompra_lag1	0.000497991025766204	0.00101033502260547	0.000575623958723294
mcuenta_debitos_automaticos_lag1	0.00049228900773696	0.000331303707790128	0.000673250983686149
mcaja_ahorro_adicional	0.00048464016974717	0.00300864939805388	0.000518925186533328
ccuenta_debitos_automaticos_delta_pct1	0.000478011508652445	0.000333214472390776	0.000434440261084704
Master_msaldototal_delta_pct1	0.000465195310878781	0.000303231282744813	0.000369105252071101
mtarjeta_visa_consumo_lag1	0.000463496183530894	0.000563367784085965	0.00149181603914393
mttarjeta_master_debitos_automaticos	0.00044871214071126	0.000476102356298131	0.000412286436189287
mpagomiscuentas_delta1	0.0004423073954669	0.00052622291462803	0.000518174209418229
cextraccion_autoservicio_delta_pct1	0.000438168595355834	0.000428463701742183	0.000404401176480749
cpayroll_trx_rank_delta_pct1	0.000437920845449422	0.000669489086544661	0.000355963152556871
matm_delta1	0.00043493966722908	0.000342046740200342	0.000382622840142881
ctarjeta_visa_debitos_automaticos_lag1	0.000432947984923222	0.00022112890260318	0.000465605811361307
Master_mpagospesos_lag1	0.000422729924394435	0.000339242629062359	0.000467107765591505
Visa_mpagado_lag1	0.00042000441253324	0.000241777859282981	0.00045696957453767
mautoservicio_lag1	0.000414673456813336	0.000336446563249011	0.000832458132087112
ccajas_consultas_delta_pct1	0.000409283879616163	0.00231528794030167	0.000223791180299467
cmobile_app_trx_delta_pct1	0.000399377650626283	0.000600074183351329	0.000511790903939889
ccomisiones_mantenimiento_delta_pct1	0.00039676463634925	0.00134816546056731	0.000505032109903999
ccomisiones_mantenimiento_lag1	0.000385141197096931	0.000544799805835839	0.000388630657063672
Visa_mconsumosdolares_delta_pct1	0.000382321017816491	0.000213115286013021	0.000296635960464059
catm_trx_delta_pct1	0.000377594131211581	0.00028309407181234	0.000293256563446114
tcuentas	0.000377098094337354	0.00147241201179405	0.000567363210457206
matm_other_delta1	0.000373887030180843	0.000743018305655392	0.000257960639036466
Master_mconsumototal	0.000372956194168736	0.000387742133354178	0.000448333337714033
Master_mpagospesos_delta_pct1	0.000372164996999351	0.000704239998669499	0.000346575938618135
catm_trx_other	0.00036797230746448	0.000391788221763648	0.000498648804425658
Visa_mfinanciacion_limite_delta_pct1	0.000357186301343364	0.000343649337317203	0.00033606225900675
Visa_mconsumototal_delta_pct1	0.000356722628936366	0.000252432393122217	0.000404776665038298
ccomisiones_otras_delta1	0.000354657445797382	0.00059733206853847	0.000494518430292615
ccaja_ahorro_lag1	0.000354159218783995	0.000449006491687104	0.000322169182377421
Master_mpagominimo_delta_pct1	0.000350023126116493	0.000273664399210811	0.000299639868924454
Master_mfinanciacion_limite_delta_pct1	0.00034462112205054	0.000544526816928395	0.000399519825232606
ctransferencias_emitidas_delta1	0.000341738900365913	0.00017306920939137	0.000287999723640422
ctarjeta_master_transacciones_delta1	0.000332665291279161	0.000177496346460726	0.00017497766781804
Visa_Finiciomora	0.000331499189675387	0.00262551053127797	0.000455467620307473
mpagomiscuentas_lag1	0.000325334001834047	0.000644119417322083	0.000711175327998642
Master_mpagominimo_delta1	0.000318144786364914	0.000246889479952107	0.000301517311712202
mforex_sell	0.00031527620919151	0.000549701853685815	0.000277486044029037
matm_delta_pct1	0.000311484709600921	0.000214612741779514	0.000262841990284609
Master_msaldopesos_delta_pct1	0.000310935367603908	0.000231990879616811	0.000295509494791411
mplazo_fijo_dolares_delta1	0.000310103170034356	0.000858718355848548	0.000193376607137962
Master_mpagospesos_delta1	0.000307135346804734	0.000269100570498403	0.000266596875860104
ctarjeta_visa	0.0003065385095434	0.00110432358113697	0.0014110859992708
ctransferencias_emitidas_lag1	0.000304053221361099	0.000150153206430792	0.000320291739589674
mcuenta_debitos_automaticos_delta1	0.000303957127612487	0.000354229018087048	0.000346575938618135
Master_mpagado_delta_pct1	0.000303486323976204	0.000292655940140213	0.000120156338415821
Visa_fultimo_cierre_rank_delta1	0.000303123674061683	0.000631143255195728	0.00041679229887988
cpagomiscuentas_delta1	0.000302151948534912	0.000292067211678738	0.000299264380366905
mtarjeta_master_descuentos	0.000299087491172073	0.000416596295776459	0.000232802905680654
thomebanking_lag1	0.00029762521523945	0.000229179748538706	0.000337564213236948
ctarjeta_master_debitos_automaticos	0.000295805439501664	0.000325799759231482	0.000193001118580413
Visa_msaldodolares_delta_pct1	0.000294773750881339	0.000356587008086485	0.000182487438969029
ctarjeta_master_transacciones_delta_pct1	0.000287885558916009	0.000351855331817	0.000254205753460972
mextraccion_autoservicio_lag1	0.00028624996555193	0.000434871014056091	0.000324046625165168
ccajas_extracciones	0.000285286850140243	0.00048532663649429	0.000280865441046982
mprestamos_prendarios	0.000284142211728768	0.00442375448360204	0.000431811841181858
Visa_mconsumototal_lag1	0.000279287637949045	0.00017931135592308	0.000387879679948573
ccallcenter_transacciones_lag1	0.000277185365577961	0.000381108447690265	0.000200135401173852
mpayroll_rank_lag1	0.000274979381875473	0.00225160020398772	0.00104648660989029
cpayroll_trx_rank_delta1	0.000273922439071925	0.000704733366371338	0.000470862651167
cplazo_fijo	0.000271220675832433	0.000566457346497002	0.0001678433852246
catm_trx_delta1	0.000270255665086781	0.000548206843067004	0.000276359578356389
Master_mfinanciacion_limite_delta1	0.000268898173530892	0.000253639270693095	0.000283869349507378
cextraccion_autoservicio_delta1	0.000262621791125309	0.000261326893884102	0.000256458684806269
internet_delta1	0.000262617103301796	0.00254507329670844	0.000516672255188032
active_quarter_lag1	0.000259369329062919	0.000913608529674884	0.000938345905316054
ctarjeta_master	0.000259023934123644	0.000299334979349858	0.00059815327217626
minversion1_pesos	0.000251420698548331	0.00212569316085705	0.000189621721562468
ccajas_extracciones_delta1	0.000250950633994028	0.000317522145567293	0.000185115858871875
thomebanking_delta_pct1	0.000250023474556272	0.000331377693226471	0.00032930346497086
Visa_mconsumosdolares_delta1	0.000249761993916326	0.000227470669184038	0.00026922529576295
mpayroll_rank_delta_pct1	0.000249732626965694	0.000470320213033747	0.000371358183416398
cprestamos_personales_delta_pct1	0.000247035243944618	0.000726972615553854	0.000381496374470233
cpagomiscuentas_lag1	0.000244582279120757	0.000406504855785892	0.000525308492011669
cseguro_auto	0.000243438129586831	0.000381479242505029	0.000170847293684996
tmobile_app_delta1	0.000240395906385316	0.000282552274411231	0.000134049415045151
Master_mpagominimo_lag1	0.000240327555838141	0.00021432871026963	0.000310904525650938
mtarjeta_master_consumo_delta_pct1	0.000237904923379418	0.000199967490294466	0.000218909829051324
Visa_mconsumosdolares_lag1	0.000235642469065724	0.000377364137830313	0.00038975712273632
mttarjeta_master_debitos_automaticos_delta_pct1	0.000233059919210543	0.000182751126582904	0.000166716919551952
cmobile_app_trx_delta1	0.000229891885917925	0.000945093276625388	0.000353334732654025
Visa_mlimitecompra_delta_pct1	0.00022768673856984	0.000567299818187384	0.000352208266981376
active_quarter_delta1	0.00022757691183772	0.00253052869065705	0.000280114463931883
Master_fultimo_cierre_rank_delta_pct1	0.000226997519096027	0.000451283318558613	0.000259838081824214
Master_msaldototal_lag1	0.000225920636337071	0.000241642666278832	0.000382247351585331
cmobile_app_trx_lag1	0.00022513996845171	0.000170381124454731	0.0003698562291862
Master_mconsumospesos_delta_pct1	0.000221032817080304	0.000123614835491484	0.000176104133490688
Master_fultimo_cierre_rank_delta1	0.000218034997311102	0.000318542008778289	0.000326299556510465
minversion1_dolares	0.000216706301654759	0.0022978083682734	0.000192250141465314
Master_mlimitecompra_delta_pct1	0.000216189990055126	0.00127170521926628	0.000339441656024695
ccajas_otras_delta_pct1	0.000215090948309614	0.000104108630412681	4.88135124814274e-05
Master_fultimo_cierre_rank_lag1	0.00021469101070363	0.000410188510208161	0.000269976272878048
active_quarter_delta_pct1	0.000206556127781343	0.000865911191574545	0.000623686494089622
Master_mpagado_lag1	0.000206290162643565	5.3319758008012e-05	0.000105136796113844
Visa_msaldodolares_delta1	0.000205593021755452	0.00033231875958149	0.00018173646185393
Master_msaldopesos_lag1	0.000205331886155968	0.000251964423405989	0.000314659411226432
ccajas_otras_delta1	0.000203369102075647	0.000519772062910219	0.000118654384185624
Master_mconsumospesos_lag1	0.000202942156747984	0.000198352036433337	0.000263592967399708
Master_cconsumos_delta_pct1	0.000200134819071195	6.61724007385117e-05	0.000150570911577326
Master_cconsumos_delta1	0.000196652918665763	0.000131069459771022	0.000180609996181281
ccajas_transacciones_delta_pct1	0.000192724176850755	0.000782562574871911	0.000167092408109501
matm_other_delta_pct1	0.000190883588770155	0.000216001112409054	0.000116401452840327
mttarjeta_master_debitos_automaticos_delta1	0.000190303788368302	0.000168006649427367	0.000129543552354557
Visa_fultimo_cierre_rank_lag1	0.000187816110444815	0.000282166650958907	0.000250826356443027
Visa_fultimo_cierre_rank_delta_pct1	0.000186497020344243	0.000265763653792726	0.000187744278774721
ctarjeta_visa_debitos_automaticos_delta1	0.000184067911112833	0.000201067885627537	0.000238435234043895
ccuenta_debitos_automaticos_lag1	0.000182517448631914	0.000190440721667204	0.000315034899783981
cprestamos_personales_lag1	0.000180834030016746	0.00197733650696739	0.000379243443124936
ccallcenter_transacciones_delta_pct1	0.000179252865836484	0.00034196912648034	0.000168594362339699
catm_trx_other_delta1	0.000179096068020876	0.000117016012900987	0.000123160246876217
mtarjeta_visa_descuentos	0.000177091689233778	0.000392091420076337	0.000214779454918281
Master_mpagado_delta1	0.000169066694075512	0.000112262645805282	0.000151321888692425
Visa_mconsumototal_delta1	0.000168492813259566	9.27267045756253e-05	0.000235806814141049
Master_msaldopesos_delta1	0.000167536304613927	9.92463359314867e-05	0.000194503072810611
Visa_Fvencimiento_delta1	0.000165601113325257	0.00272398987959432	0.000388630657063672
Visa_delinquency	0.00016276886285594	0.000426512000636778	0.000625939425434919
Visa_mpagosdolares_delta1	0.000161239595086601	0.000143812465234447	0.000159207148400963
Master_msaldototal_delta1	0.000159102984972426	8.36625421148352e-05	0.000229048020105159
mpayroll_rank_delta1	0.000158770882729522	0.000326699336951622	0.000266596875860104
cproductos_delta1	0.000155053409214501	0.000416561511578775	0.000223415691741918
cinversion2	0.000152067067281169	0.00107193144776889	0.000108891681689338
Master_Finiciomora	0.000151715412293978	0.000631653975558543	0.000106263261786492
mtarjeta_master_consumo_delta1	0.000150255002866717	0.000130176665363809	0.000143436628983887
cdescubierto_preacordado_lag1	0.000149273328701718	0.000916898199817267	0.000401397268020353
ccajas_consultas_lag1	0.00014901012633454	0.00136982607738201	0.000237308768371247
Visa_mpagosdolares_lag1	0.000147235966484316	0.000377052263187136	0.000150946400134875
catm_trx_lag1	0.000146818852790738	6.87098330275865e-05	0.000153574820037722
cextraccion_autoservicio_lag1	0.000146063725178076	8.10214671142949e-05	0.000187744278774721
Visa_mfinanciacion_limite_delta1	0.000143902953582295	0.000249536549508257	0.000226795088759863
ccajas_transacciones_delta1	0.000143485574551677	0.000158246566385709	0.000126164155336612
Master_mpagosdolares	0.000142623514537084	0.000251431696714027	0.000221538248954171
Visa_msaldodolares_lag1	0.000142428905091992	0.000298930110218996	0.000205392240979545
Master_mconsumospesos_delta1	0.000140220198656658	7.54153744830858e-05	0.000165590453879304
Visa_status_lag1	0.000138242834123653	0.00112714840375169	0.000124662201106415
matm_lag1	0.000137190307999705	0.000116611143770125	0.00019487856136816
cplazo_fijo_delta_pct1	0.00013679120161356	0.000633107734169669	9.65005592902065e-05
mtarjeta_master_descuentos_lag1	0.000136381950078421	0.000508804313540367	9.68760478477559e-05
tcuentas_lag1	0.000135208294833774	0.00158870315672063	9.34966508298109e-05
mtarjeta_visa_descuentos_lag1	0.000130400703238181	0.00010498091712965	9.53740936175581e-05
Master_cconsumos_lag1	0.000130330287107816	8.62412264115939e-05	0.000183989393199226
minversion2	0.000127003064495181	0.000837933417407281	0.000130294529469656
foto_mes	0.000125984705977287	0.000107512433738846	0.00025570770769117
mcaja_ahorro_adicional_delta_pct1	0.000123881237583647	0.000501481253981319	0.000116401452840327
ccajas_depositos	0.000119904537281408	0.000268445823049487	0.000222664714626819
catm_trx_other_delta_pct1	0.000119257378911939	6.00432831303409e-05	0.000100255444865701
ccajeros_propios_descuentos	0.000117723101974169	0.000182319991833383	0.000111520101592184
cdescubierto_preacordado_delta_pct1	0.00011705887192464	0.00023257424452853	0.000187368790217171
cprestamos_prendarios	0.000115554828925565	0.00290379089605985	0.000234304859910852
mcajeros_propios_descuentos	0.00011473106318231	8.8169501424681e-05	7.69751542976355e-05
ctarjeta_master_debitos_automaticos_delta_pct1	0.000114547677515424	0.000148890563717596	9.19946965996132e-05
ctarjeta_master_descuentos_lag1	0.000113022918755575	0.00161968601739027	0.000156203239940568
Visa_cadelantosefectivo	0.000112526116219834	0.000558463685466965	4.8438023923878e-05
Master_mconsumosdolares	0.000112416160331033	0.000108441195479718	0.000199384424058753
ccajas_transacciones_lag1	0.000111116883875309	0.000175661065935324	0.000107014238901591
mcheques_emitidos	0.000110365699558399	0.00063639038437193	9.19946965996132e-05
ctarjeta_visa_descuentos	0.000107331127389355	0.000335909025137415	9.49986050600087e-05
Master_mlimitecompra_delta1	9.63419818101958e-05	0.000279337141835314	0.000150195423019777
cliente_edad_delta1	9.49435517497951e-05	0.0003492511706589	0.000123160246876217
cforex	9.46925247624044e-05	5.38294529863149e-05	5.89517035352623e-05
ctarjeta_master_transacciones_lag1	9.36855597093577e-05	9.91632009102656e-05	0.000176104133490688
mcheques_depositados	9.33968152092323e-05	0.000275396510279138	9.16192080420637e-05
Visa_mlimitecompra_delta1	9.24412570587703e-05	0.000299290256809979	0.000135175880717799
mprestamos_hipotecarios	9.20240327471612e-05	0.000357929709667365	5.51968179597679e-05
Visa_delinquency_delta1	8.86392493523839e-05	0.000907819287594647	0.000143436628983887
cseguro_accidentes_personales_delta_pct1	8.85035325773339e-05	0.00015595909129042	9.65005592902065e-05
Visa_mpagosdolares_delta_pct1	8.83221665315203e-05	0.000165647239664759	6.42085433409545e-05
ccheques_emitidos	8.77763823779909e-05	0.000242746768771293	6.42085433409545e-05
ccajas_extracciones_delta_pct1	8.77386788454718e-05	0.000375807446389306	8.37339483335255e-05
cprestamos_hipotecarios	8.57715813037513e-05	0.00126687581596521	8.26074826608771e-05
mttarjeta_master_debitos_automaticos_lag1	8.51171062233598e-05	6.48102168518992e-05	0.000107014238901591
mpagodeservicios_delta_pct1	8.4803633349247e-05	3.38783099049423e-05	9.38721393873604e-06
Master_delinquency	8.38961074044775e-05	0.000540737311274173	0.000301892800269751
mtarjeta_master_consumo_lag1	8.38153825382672e-05	9.84578941173247e-05	0.000217407874821127
Master_msaldodolares	8.34507294413985e-05	0.000229576335717738	0.000155827751383018
cseguro_vivienda_lag1	8.18846843254551e-05	0.00017982925397748	0.000105512284671393
cinversion1	8.1880543163909e-05	0.000650160430737935	0.000137804300620645
ccajeros_propios_descuentos_lag1	8.0985846962652e-05	0.000450189154408347	0.000102132887653448
mcaja_ahorro_adicional_lag1	7.84368069440608e-05	0.00128438149586068	0.000118278895628074
ccuenta_debitos_automaticos_delta1	7.84114680265624e-05	0.000114377856302519	9.6125070732657e-05
mforex_sell_delta1	7.61907314312997e-05	6.87439073436848e-05	7.7350642855185e-05
tmobile_app_lag1	7.61247751078201e-05	9.78712953006057e-05	5.85762149777129e-05
matm_other_lag1	7.52446295931919e-05	0.000413421863078103	0.000136302346390447
mcheques_emitidos_delta_pct1	7.51644546975132e-05	4.58159152718871e-05	3.45449472945486e-05
mplazo_fijo_dolares_lag1	7.46767442574408e-05	6.47161181039705e-05	7.7350642855185e-05
ctarjeta_visa_descuentos_lag1	7.3481750182854e-05	0.000209543004123925	8.59868796788221e-05
mforex_sell_lag1	7.03069028780566e-05	3.29992398750468e-05	5.03154667116252e-05
Master_mconsumototal_delta_pct1	6.73503582089398e-05	5.28715861004421e-05	4.95644895965263e-05
Master_status_lag1	6.72576528627953e-05	0.000118758693317363	8.89907881392176e-05
ccheques_depositados	6.41783798020359e-05	0.000532500712990472	7.65996657400861e-05
cseguro_vivienda_delta_pct1	6.26036846915573e-05	0.00034717184861959	9.9504467750602e-05
mtarjeta_visa_descuentos_delta1	6.0173013060806e-05	7.41626701120852e-05	5.03154667116252e-05
Visa_delinquency_lag1	6.01442798884486e-05	2.99251371074246e-05	8.29829712184266e-05
tcuentas_delta1	5.9737709245198e-05	0.00155622102614267	7.69751542976355e-05
cseguro_accidentes_personales_lag1	5.94419637840416e-05	8.47603345487595e-05	0.000110769124477085
mcajeros_propios_descuentos_lag1	5.87284329950859e-05	0.000192700432504931	6.87144060315478e-05
Master_msaldodolares_lag1	5.86189043549163e-05	0.000583729711978077	9.16192080420637e-05
minversion1_pesos_delta_pct1	5.79225412669828e-05	0.000316975931125209	5.29438866144713e-05
mprestamos_prendarios_delta1	5.6215826423688e-05	0.000381586513500153	5.66987721899657e-05
tmobile_app_delta_pct1	5.38535200560539e-05	8.19049541851661e-05	3.8299832870043e-05
catm_trx_other_lag1	5.22189415819678e-05	8.14310687890591e-05	7.02163602617456e-05
cforex_sell	5.15360914347474e-05	0.000168178756273956	9.19946965996132e-05
minversion2_delta_pct1	4.94764781649738e-05	0.000509819286455997	7.0591848819295e-05
mcaja_ahorro_adicional_delta1	4.81600530570406e-05	0.000129965909408683	6.83389174739984e-05
Master_mconsumototal_delta1	4.76935132703714e-05	1.53029962117679e-05	3.56714129671969e-05
mprestamos_prendarios_delta_pct1	4.48695356977311e-05	0.000641588926097399	6.04536577654601e-05
ccheques_emitidos_delta_pct1	4.44636526134227e-05	5.49505137610933e-05	2.96635960464059e-05
mpagodeservicios_delta1	4.43636484939943e-05	0.000128038423152913	3.15410388341531e-05
Master_mconsumosdolares_delta1	4.37776975385715e-05	4.15164780121675e-05	3.94262985426914e-05
ccajas_depositos_delta_pct1	4.16314852649733e-05	9.21066624486618e-05	4.13037413304386e-05
minversion1_pesos_delta1	4.11199593877631e-05	0.000226467764255359	4.35566726757352e-05
cseguro_vida_delta_pct1	4.07163427934268e-05	0.000177349637599748	4.05527642153397e-05
mcheques_depositados_delta_pct1	4.01410110083519e-05	0.000514169835189864	3.11655502766036e-05
mforex_sell_delta_pct1	3.93182784227779e-05	9.45879352167599e-05	4.05527642153397e-05
minversion1_dolares_delta_pct1	3.90775129134655e-05	0.00126830291457901	7.13428259343939e-05
mprestamos_prendarios_lag1	3.88274305349618e-05	0.00026426375287855	4.95644895965263e-05
Master_mconsumototal_lag1	3.75435062374312e-05	4.14638678991176e-05	6.34575662258556e-05
minversion2_delta1	3.74189491147977e-05	4.11135018988668e-05	4.73115582512296e-05
Master_delinquency_delta1	3.71539373477052e-05	8.01479972613507e-06	9.38721393873604e-06
ctarjeta_debito_delta_pct1	3.70056676622417e-05	0.000168046718299075	4.20547184455375e-05
cseguro_vida_lag1	3.67434287130525e-05	6.08832307973089e-05	6.08291463230095e-05
ctarjeta_master_delta1	3.64932661110824e-05	0.000341668373315334	4.20547184455375e-05
ccajas_extracciones_lag1	3.39668300094321e-05	5.36394413486282e-05	3.90508099851419e-05
ctarjeta_debito_delta1	3.23556356093431e-05	0.000342849616273407	3.94262985426914e-05
mpagodeservicios	3.22036611189328e-05	0.0001890327898562	2.74106647011092e-05
cdescubierto_preacordado_delta1	3.1774620429596e-05	0.000595545217712336	7.62241771825366e-05
mtarjeta_master_descuentos_delta1	3.16728016480097e-05	0.000163149718495929	4.01772756577902e-05
ctarjeta_master_debitos_automaticos_delta1	3.16711315273615e-05	3.11944842578157e-05	3.34184816219003e-05
ccajas_otras_lag1	3.13523517211159e-05	0.000101108039827012	3.67978786398453e-05
ctarjeta_visa_descuentos_delta1	3.12231149670431e-05	6.0478677169374e-05	2.96635960464059e-05
ccajeros_propios_descuentos_delta1	3.08622840148048e-05	0.000179660381035891	3.41694587369992e-05
cpagodeservicios_delta_pct1	3.05279375958252e-05	3.60795738254739e-05	1.2766610956681e-05
mcajeros_propios_descuentos_delta1	3.02971825137227e-05	5.72178755447969e-05	2.74106647011092e-05
tcallcenter_delta_pct1	2.94001642019138e-05	0.000132241474268485	3.79243443124936e-05
Visa_Finiciomora_lag1	2.9147627858909e-05	0.000242770983620928	4.99399781540757e-05
mcheques_depositados_delta1	2.91325647721251e-05	0.000120555955740081	3.37939701794497e-05
cprestamos_personales_delta1	2.89801542013416e-05	0.000557771156542561	0.000102883864768547
ccaja_seguridad_lag1	2.89158751828307e-05	0.000125026237834683	2.32802905680654e-05
mplazo_fijo_pesos_delta_pct1	2.87674235465513e-05	0.000896594166712228	5.82007264201634e-05
cforex_sell_delta_pct1	2.8658547900137e-05	1.51255258154229e-05	2.25293134529665e-05
mcheques_emitidos_delta1	2.85291835004156e-05	3.12584524762317e-05	2.77861532586587e-05
tcallcenter_lag1	2.8435731250635e-05	4.42218367340505e-05	4.39321612332847e-05
Master_mpagosdolares_lag1	2.83076014263379e-05	0.000188440117608139	4.31811841181858e-05
mcheques_emitidos_rechazados_delta1	2.78994182894411e-05	5.80597951050576e-05	1.76479622048238e-05
ccajas_depositos_delta1	2.77984580908005e-05	4.85760926273079e-05	4.76870468087791e-05
ctarjeta_master_descuentos	2.74057758089427e-05	3.71746844845201e-05	2.96635960464059e-05
minversion2_lag1	2.67115669407984e-05	7.46233043852651e-05	3.75488557549442e-05
Master_madelantopesos	2.63222021973202e-05	2.03780974171127e-05	2.47822447982631e-05
cseguro_vivienda_delta1	2.62554093549116e-05	1.89167667357422e-05	2.17783363378676e-05
ctarjeta_master_descuentos_delta1	2.57448780139738e-05	0.000482049980847639	4.24302070030869e-05
cforex_sell_lag1	2.40951087902008e-05	0.000283272646468929	3.94262985426914e-05
ctarjeta_master_lag1	2.36952054857909e-05	3.049864255268e-05	5.21929094993724e-05
ccheques_emitidos_rechazados_delta_pct1	2.30962794683853e-05	4.84913800914526e-05	1.08891681689338e-05
Visa_status_delta1	2.29646693737781e-05	0.000271446019256498	0.000101757399095899
Master_mconsumosdolares_lag1	2.2507763794879e-05	3.12897661417201e-05	3.94262985426914e-05
mplazo_fijo_pesos_delta1	2.20050750328658e-05	0.000144400562690068	2.66596875860104e-05
mcheques_emitidos_lag1	2.14034045320524e-05	0.000275525472100482	2.44067562407137e-05
Master_status_delta1	2.08147407486826e-05	0.000427110982943376	8.03545513155805e-05
ctarjeta_master_debitos_automaticos_lag1	2.07914548383909e-05	2.73472415679831e-05	5.93271920928118e-05
ccajas_depositos_lag1	2.07317661003129e-05	2.23550387566643e-05	2.70351761435598e-05
Master_msaldodolares_delta_pct1	2.06710225776645e-05	0.000157093008809467	6.19556119956579e-05
cseguro_auto_delta_pct1	2.0410044035285e-05	3.05070822559728e-05	1.53950308595271e-05
cpagodeservicios	1.93473935100173e-05	9.84918895576912e-05	1.91499164350215e-05
cforex_sell_delta1	1.88589565628908e-05	9.31151675542916e-06	3.2292015949252e-05
Master_mconsumosdolares_delta_pct1	1.87363964662052e-05	1.9153630558064e-05	1.08891681689338e-05
mforex_buy	1.73513203357082e-05	4.00060077499423e-05	2.17783363378676e-05
cforex_lag1	1.67363766691644e-05	7.88448124220565e-05	2.77861532586587e-05
ctarjeta_visa_delta1	1.64176976955837e-05	0.000146653647966332	5.06909552691746e-05
Master_msaldodolares_delta1	1.51795980632057e-05	5.71863252521134e-05	3.86753214275925e-05
ccheques_depositados_rechazados_lag1	1.51640423502518e-05	2.55443000925814e-05	2.10273592227687e-05
Master_mpagosdolares_delta_pct1	1.50670145331971e-05	3.64594393493839e-05	1.50195423019777e-05
Visa_madelantopesos_lag1	1.49319493412364e-05	0.000118971657792977	2.17783363378676e-05
cseguro_auto_lag1	1.48411496045847e-05	6.84353454812396e-05	4.1679229887988e-05
mprestamos_hipotecarios_lag1	1.46647481331776e-05	5.64537274560012e-06	7.88525970853827e-06
tcuentas_delta_pct1	1.44083733454725e-05	0.00042006682797165	2.02763821076698e-05
cpagodeservicios_delta1	1.42744157766818e-05	8.73596054114942e-06	1.50195423019777e-05
cinversion1_delta_pct1	1.42395949873483e-05	4.56371828638348e-05	2.70351761435598e-05
cplazo_fijo_delta1	1.3865715977475e-05	1.51256835668863e-05	3.04145731615048e-05
ccheques_depositados_delta1	1.32037392804635e-05	1.659916111094e-05	1.46440537444282e-05
mcheques_emitidos_rechazados_delta_pct1	1.27269538526237e-05	2.26961762963052e-05	4.88135124814274e-06
Visa_delinquency_delta_pct1	1.19774639015532e-05	4.98754914314801e-06	3.75488557549442e-06
cforex_delta_pct1	1.16556654341177e-05	4.37736648264807e-06	9.76270249628548e-06
Master_mpagosdolares_delta1	1.14944828171949e-05	1.34819133180731e-05	2.96635960464059e-05
mpagodeservicios_lag1	1.12207285432807e-05	1.22116985346332e-05	1.38930766293293e-05
cprestamos_prendarios_lag1	1.06511202182624e-05	4.39040464109954e-05	2.44067562407137e-05
mcheques_depositados_rechazados_lag1	1.06184117367317e-05	1.64690161536203e-05	9.76270249628548e-06
ccaja_seguridad_delta_pct1	9.90527307278605e-06	9.99679700008913e-05	1.08891681689338e-05
cpagodeservicios_lag1	9.73186636649775e-06	7.50802314990547e-06	1.91499164350215e-05
cliente_vip	9.56251530183151e-06	0.000165380324188656	3.2292015949252e-05
mcheques_depositados_lag1	9.53329728482466e-06	7.1656235985572e-06	1.99008935501204e-05
ctarjeta_visa_lag1	9.4757475875651e-06	0.000237642325793752	0.000208020660882391
minversion1_pesos_lag1	9.46821577006219e-06	6.52045166347119e-05	2.40312676831643e-05
cprestamos_prendarios_delta_pct1	9.34745177193545e-06	7.04859567542072e-05	1.46440537444282e-05
ctarjeta_master_delta_pct1	9.09489248282513e-06	9.79075781371918e-05	9.0117253811866e-06
mforex_buy_delta1	8.80327896904236e-06	3.12505649030608e-05	2.66596875860104e-05
cinversion2_lag1	7.67469922299549e-06	5.39625163457078e-05	1.87744278774721e-05
cforex_buy	7.63821881490741e-06	1.40759264535727e-05	1.2766610956681e-05
ccheques_emitidos_delta1	6.74499547032883e-06	1.21648463499981e-05	2.14028477803182e-05
mcheques_depositados_rechazados	6.53070774439408e-06	7.00124657367588e-06	1.87744278774721e-06
mplazo_fijo_pesos_lag1	6.43847870004014e-06	7.79405810337458e-05	1.76479622048238e-05
cforex_delta1	6.19799858731485e-06	6.23141943219715e-06	2.47822447982631e-05
ccheques_depositados_delta_pct1	6.07741319292222e-06	2.47892227129322e-05	5.63232836324162e-06
cforex_buy_delta1	5.91479570190467e-06	6.15104506158579e-06	1.12646567264832e-05
cseguro_accidentes_personales_delta1	5.67269791491903e-06	2.55812928107529e-05	1.08891681689338e-05
mtarjeta_visa_descuentos_delta_pct1	5.58420889119775e-06	2.01472281504008e-06	2.62841990284609e-06
mcheques_depositados_rechazados_delta1	5.43619138293755e-06	4.79611774229054e-06	2.25293134529665e-06
cinversion1_delta1	4.58082761035859e-06	5.04418191851499e-06	1.05136796113844e-05
mprestamos_hipotecarios_delta_pct1	4.40501212130293e-06	8.48379482687611e-06	9.0117253811866e-06
Visa_Finiciomora_delta1	4.32970164933265e-06	5.10132738613808e-05	6.00781692079106e-06
ccheques_depositados_lag1	4.23510144526899e-06	2.57953615466108e-05	1.23911223991316e-05
cseguro_vida_delta1	4.15038472325144e-06	0.000457403365457637	1.9525404992571e-05
mpayroll2	3.68128400718579e-06	2.07782340040719e-06	1.50195423019777e-06
ccheques_emitidos_lag1	3.67913354041057e-06	1.05121631435018e-05	8.63623682363715e-06
cliente_vip_lag1	3.66021115803622e-06	4.08773479581303e-06	8.26074826608771e-06
cplazo_fijo_lag1	3.58274090106405e-06	8.59264333663437e-06	2.29048020105159e-05
minversion1_dolares_lag1	3.56958726856931e-06	0.000310121945542633	3.37939701794497e-05
Master_delinquency_lag1	3.56883237015424e-06	0.000277321551387225	4.01772756577902e-05
ccheques_depositados_rechazados_delta1	3.49866141595651e-06	9.14343257115752e-06	5.63232836324162e-06
Master_Finiciomora_lag1	3.25700202195839e-06	0.000642882961351815	2.44067562407137e-05
cprestamos_prendarios_delta1	3.14053513005066e-06	1.01072940126401e-05	1.05136796113844e-05
minversion1_dolares_delta1	2.77574982450331e-06	0.000108274688810081	1.80234507623732e-05
cinversion2_delta_pct1	2.76268755934786e-06	3.43437555977565e-05	5.63232836324162e-06
cinversion1_lag1	2.67541980531262e-06	2.35418818916879e-05	2.14028477803182e-05
Visa_Finiciomora_delta_pct1	2.61871191163425e-06	2.92935791236316e-05	4.13037413304386e-06
cinversion2_delta1	2.4719785401428e-06	1.76752627186443e-06	4.13037413304386e-06
mcheques_emitidos_rechazados_lag1	2.16712903881287e-06	3.59649673873009e-06	6.38330547834051e-06
mcuenta_corriente_adicional_lag1	1.60077093204266e-06	1.3598176146612e-07	1.12646567264832e-06
Visa_madelantopesos_delta1	1.54907619300221e-06	7.32154514499932e-05	1.05136796113844e-05
Master_cadelantosefectivo	1.47606470731086e-06	6.06791004036463e-06	4.13037413304386e-06
ccheques_emitidos_rechazados_lag1	1.39255905084586e-06	5.47452791071867e-06	1.16401452840327e-05
ccaja_ahorro_delta1	1.09206398952648e-06	1.40698530222311e-06	6.38330547834051e-06
mcheques_depositados_rechazados_delta_pct1	1.07022574645712e-06	1.30531448405036e-06	3.75488557549442e-07
mcheques_emitidos_rechazados	1.04143223848508e-06	1.19946325209703e-06	3.75488557549442e-07
Master_madelantodolares	9.16414585450946e-07	1.54840948917715e-06	4.13037413304386e-06
mcajeros_propios_descuentos_delta_pct1	8.91242063357254e-07	1.29001259209884e-05	2.25293134529665e-06
ccheques_emitidos_rechazados_delta1	8.82024937124857e-07	4.27151525069474e-06	4.13037413304386e-06
ccaja_seguridad_delta1	7.65131219249836e-07	5.75161835621199e-07	1.50195423019777e-06
ctarjeta_visa_delta_pct1	6.10710301725958e-07	3.59472992233981e-05	1.2766610956681e-05
mprestamos_hipotecarios_delta1	6.09041158759917e-07	8.09012604991706e-06	1.31420995142305e-05
cprestamos_hipotecarios_lag1	5.00059370938196e-07	4.04695604251954e-06	3.75488557549442e-06
Visa_madelantodolares	4.4955808091646e-07	1.38600435758855e-06	1.35175880717799e-05
Visa_madelantodolares_lag1	3.8096690809656e-07	2.80324350493382e-07	1.12646567264832e-06
ccuenta_corriente	2.95211662955937e-07	1.85436845247592e-06	2.25293134529665e-06
Master_madelantodolares_lag1	2.69607076267552e-07	4.44701375374701e-07	1.50195423019777e-06
Visa_cadelantosefectivo_lag1	2.11947075066047e-07	4.97350926290383e-06	3.37939701794497e-06
ctarjeta_visa_descuentos_delta_pct1	1.21493326774502e-07	2.74487546346924e-07	7.50977115098883e-07
ccaja_ahorro_delta_pct1	4.95354835063533e-08	1.04478794221591e-06	1.50195423019777e-06
mtarjeta_master_descuentos_delta_pct1	4.13875611325124e-08	1.56962706100684e-07	7.50977115098883e-07
cseguro_auto_delta1	2.73385292780062e-08	3.39323397811629e-07	7.50977115098883e-07
Master_madelantodolares_delta1	1.54161229227676e-08	1.28488566953776e-07	3.75488557549442e-07
cforex_buy_lag1	1.49879505797848e-08	2.68966245127302e-07	1.87744278774721e-06
mforex_buy_lag1	1.02242216298472e-08	3.88541854397974e-07	1.50195423019777e-06
ctarjeta_master_descuentos_delta_pct1	2.77506014434314e-09	3.12742276225734e-06	1.12646567264832e-06
Visa_fechaalta_delta1	2.20706988703835e-09	2.10598203662727e-08	3.75488557549442e-07
Master_madelantopesos_lag1	1.92972741726399e-09	2.34970804760772e-07	1.50195423019777e-06
cprestamos_hipotecarios_delta1	1.12462867736968e-09	2.00580985735698e-07	7.50977115098883e-07
Master_madelantopesos_delta1	8.25072042857093e-10	3.13925412201368e-08	3.75488557549442e-07
Master_cadelantosefectivo_lag1	1.37351331453967e-10	1.23125017197572e-07	7.50977115098883e-07
cprestamos_hipotecarios_delta_pct1	1.27242038184011e-10	4.48258670874772e-06	3.75488557549442e-06
Visa_cadelantosefectivo_delta1	6.57209520483891e-11	6.59716620013125e-06	1.87744278774721e-06
Visa_madelantodolares_delta1	1.2320646812968e-11	1.65639036588661e-08	3.75488557549442e-07
Visa_madelantopesos_delta_pct1	1.53141852797497e-12	3.54353168488757e-05	2.62841990284609e-06
mcuenta_corriente_adicional	1.0591205313356e-12	3.88068600007721e-08	3.75488557549442e-07
Visa_cadelantosefectivo_delta_pct1	6.5604933320259e-13	9.20140623396355e-06	7.50977115098883e-07
cforex_buy_delta_pct1	3.34474512139181e-13	1.14172621648613e-06	3.75488557549442e-07
cliente_vip_delta_pct1	2.90094666045127e-13	1.74867497198601e-07	7.50977115098883e-07
Master_delinquency_delta_pct1	7.71528417861608e-16	1.35532169795379e-06	3.75488557549442e-07
